   38190.5852  0.0849 -4.0617 2    0.0739  5  43003 123 1 1 2       0 1 3       
   38241.9746  0.1236 -4.0604 2    0.0000  5  43003 123 1 2 2       0 1 2       
   38278.1427  0.0276 -3.9127 2    0.0000  7  43003 123 1 1 3       0 1 2       
   38282.0211  0.0218 -3.8033 2    0.0739  9  43003 123 1 2 4       0 1 3       
   38352.0501  0.1312 -4.2792 2    0.0000  3  43003 123 1 2 1       0 1 2       
   38355.3018  0.0822 -3.9116 2    0.0739  7  43003 123 1 2 3       0 1 3       
   76424.8513  0.1308 -3.8612 2    1.3533  5  43003 123 2 2 2       1 2 3       
   76501.0181  0.0496 -3.6051 2    1.3478  3  43003 123 2 2 1       1 1 2       
   76502.3810  0.1608 -3.8388 2    1.2793  5  43003 123 2 3 2       1 2 1       
   76512.6336  0.0499 -3.4403 2    1.3533  7  43003 123 2 2 3       1 2 3       
   76531.9291  0.1220 -3.7133 2    1.2768  7  43003 123 2 3 3       1 1 3       
   76553.3720  0.0300 -3.1262 2    1.2768  9 -43003 123 2 2 4       1 1 3       
   76559.3290  0.0300 -3.3303 2    1.3533  9 -43003 123 2 3 4       1 2 3       
   76565.6404  0.0345 -3.7290 2    1.2793  3  43003 123 2 3 1       1 2 1       
   76568.0971  0.0285 -3.4121 2    1.2756  7  43003 123 2 3 3       1 2 2       
   76576.2884  0.0636 -4.5584 2    1.2768  5  43003 123 2 3 2       1 1 3       
   76579.5890  0.0300 -3.0388 2    1.3508 11 -43003 123 2 3 5       1 2 4       
   76585.9142  0.0572 -4.2862 2    1.3508  7  43003 123 2 2 3       1 2 4       
   76589.5680  0.0367 -3.5576 2    1.3478  5  43003 123 2 2 2       1 1 2       
   76609.5264  0.0652 -4.0799 2    1.2793  1  43003 123 2 3 0       1 2 1       
   76612.4564  0.0932 -3.6150 2    1.2756  5  43003 123 2 3 2       1 2 2       
   76632.6111  0.0823 -3.5518 2    1.3508  9  43003 123 2 3 4       1 2 4       
   76675.7159  0.2228 -4.2021 2    1.2756  3  43003 123 2 3 1       1 2 2       
   76677.3502  0.1157 -3.7782 2    1.3478  7  43003 123 2 2 3       1 1 2       
  114722.8761  0.1070 -3.8040 2    3.9055  5  43003 123 3 3 2       2 2 3       
  114742.8191  0.0842 -3.7068 2    3.9025  3  43003 123 3 3 1       2 2 2       
  114753.6694  0.0752 -4.0084 2    3.9070  7  43003 123 3 3 3       2 3 4       
  114791.6018  0.0384 -3.7063 2    3.8996  1  43003 123 3 3 0       2 2 1       
  114800.3662  0.0403 -3.1617 2    3.9055  7  43003 123 3 3 3       2 2 3       
  114810.6583  0.0274 -3.2286 2    3.9025  5  43003 123 3 3 2       2 2 2       
  114819.6827  0.1200 -3.5294 2    3.8304  9  43003 123 3 3 4       2 2 4       
  114819.7619  0.0217 -3.1872 2    3.9070  9  43003 123 3 4 4       2 3 4       
  114831.5140  0.0300 -2.6636 2    3.8304 11 -43003 123 3 3 5       2 2 4       
  114831.5140  0.0300 -3.4044 2    3.8996  3 -43003 123 3 3 1       2 2 1       
  114832.2312  0.0490 -3.2587 2    3.8332  5  43003 123 3 4 2       2 3 1       
  114835.1770  0.0300 -3.0242 2    3.8311  7 -43003 123 3 4 3       2 3 2       
  114841.1900  0.0300 -2.8300 2    3.8297  9 -43003 123 3 3 4       2 3 3       
  114846.4661  0.0335 -3.5596 2    3.8347  3  43003 123 3 4 1       2 3 0       
  114850.4700  0.0300 -2.7604 2    3.9070 11 -43003 123 3 4 5       2 3 4       
  114858.0364  0.0959 -4.7053 2    3.8304  7  43003 123 3 4 3       2 2 4       
  114865.2940  0.0300 -2.5908 2    3.9052 13 -43003 123 3 4 6       2 3 5       
  114866.4590  0.0300 -2.9643 2    3.9055  9 -43003 123 3 4 4       2 2 3       
  114872.8054  0.0755 -4.4054 2    3.9052  9  43003 123 3 4 4       2 3 5       
  114879.5310  0.0466 -3.3821 2    3.8297  7  43003 123 3 4 3       2 3 3       
  114888.1485  0.0427 -3.2270 2    3.9025  7  43003 123 3 3 3       2 2 2       
  114890.3521  0.0662 -3.5581 2    3.8332  3  43003 123 3 4 1       2 3 1       
  114895.4907  0.0828 -3.4029 2    3.8311  5  43003 123 3 4 2       2 3 2       
  114899.2081  0.0585 -3.6244 2    3.8996  5  43003 123 3 3 2       2 2 1       
  114903.4994  0.0773 -3.3624 2    3.9052 11  43003 123 3 4 5       2 3 5       
  114939.8500  0.1509 -4.4012 2    3.8297  5  43003 123 3 4 2       2 3 3       
  114953.6115  0.1951 -4.4004 2    3.8311  3  43003 123 3 4 1       2 3 2       
  152987.8415  0.1107 -3.8982 2    7.7348  5  43003 123 4 4 2       3 3 3       
  152998.7417  0.1037 -3.9441 2    7.7370  7  43003 123 4 4 3       3 4 4       
  153002.2666  0.0943 -4.0230 2    7.7322  3  43003 123 4 4 1       3 3 2       
  153044.3462  0.0606 -4.1201 2    7.7380  9  43003 123 4 4 4       3 4 5       
  153064.8341  0.0489 -3.0105 2    7.7348  7  43003 123 4 4 3       3 3 3       
  153065.3317  0.0442 -3.1012 2    7.7322  5  43003 123 4 4 2       3 3 2       
  153070.1059  0.0372 -3.2895 2    7.7299  3  43003 123 4 4 1       3 3 1       
  153075.0402  0.0422 -2.9884 2    7.7370  9  43003 123 4 4 4       3 4 4       
  153105.0621  0.0191 -3.0423 2    7.7380 11  43003 123 4 5 5       3 4 5       
  153105.2459  0.1173 -3.4074 2    7.6607 11  43003 123 4 4 5       3 3 5       
  153108.3461  0.0121 -2.3346 2    7.6607 13  43003 123 4 4 6       3 3 5       
  153109.8729  0.0134 -3.3396 2    7.7286  3  43003 123 4 4 1       3 3 0       
  153117.0159  0.0101 -2.4530 2    7.6603 11  43003 123 4 4 5       3 3 4       
  153118.5602  0.0101 -2.5816 2    7.6616  9  43003 123 4 5 4       3 4 3       
  153121.5373  0.0199 -2.7201 2    7.6636  7  43003 123 4 5 3       3 4 2       
  153132.7870  0.0158 -2.8628 2    7.6656  5  43003 123 4 5 2       3 4 1       
  153133.1709  0.0203 -3.0659 2    7.7299  5  43003 123 4 4 2       3 3 1       
  153133.6400  0.0097 -2.3926 2    7.7380 13  43003 123 4 5 6       3 4 5       
  153135.7560  0.0080 -2.5264 2    7.7370 11  43003 123 4 5 5       3 4 4       
  153141.1327  0.0159 -2.6779 2    7.7348  9  43003 123 4 4 4       3 3 3       
  153142.3243  0.0222 -2.8537 2    7.7322  7  43003 123 4 4 3       3 3 2       
  153143.2765  0.0802 -4.4995 2    7.7367 11  43003 123 4 5 5       3 4 6       
  153145.1439  0.1091 -4.8164 2    7.6607  9  43003 123 4 5 4       3 3 5       
  153145.8180  0.0123 -2.2724 2    7.7367 15  43003 123 4 5 7       3 4 6       
  153156.9139  0.0350 -3.2461 2    7.6603  9  43003 123 4 5 4       3 3 4       
  153171.8544  0.0723 -3.2378 2    7.7367 13  43003 123 4 5 6       3 4 6       
  153181.8563  0.0896 -3.2533 2    7.6616  7  43003 123 4 5 3       3 4 3       
  153190.9079  0.1062 -3.4167 2    7.6636  5  43003 123 4 5 2       3 4 2       
  153220.2100  0.1277 -4.5406 2    7.6603  7  43003 123 4 5 3       3 3 4       
  153251.2268  0.2116 -4.5899 2    7.6616  5  43003 123 4 5 2       3 4 3       
  191239.7920  0.1199 -4.2143 2   12.8405  5  43003 123 5 5 2       4 4 3       
  191244.8019  0.1206 -4.0383 2   12.8430  7  43003 123 5 5 3       4 4 4       
  191269.7496  0.1020 -4.0560 2   12.8450  9  43003 123 5 5 4       4 5 5       
  191316.7846  0.0579 -3.1718 2   12.8379  5  43003 123 5 5 2       4 4 2       
  191319.8747  0.0592 -4.2141 2   12.8460 11  43003 123 5 5 5       4 5 6       
  191321.1004  0.0587 -2.9701 2   12.8405  7  43003 123 5 5 3       4 4 3       
  191330.4655  0.0557 -2.8895 2   12.8430  9  43003 123 5 5 4       4 4 4       
  191348.4526  0.0423 -2.8790 2   12.8450 11  43003 123 5 5 5       4 5 5       
  191379.8497  0.0132 -2.6928 2   12.8358  5  43003 123 5 5 2       4 4 1       
  191380.6812  0.0224 -2.9434 2   12.8460 13  43003 123 5 6 6       4 5 6       
  191382.4980  0.0300 -2.0809 2   12.7679 15 -43003 123 5 5 7       4 4 6       
  191387.5762  0.1144 -3.3191 2   12.7679 13  43003 123 5 5 6       4 4 6       
  191390.7100  0.0300 -2.1731 2   12.7678 13 -43003 123 5 5 6       4 4 5       
  191394.6740  0.0300 -2.2701 2   12.7691 11 -43003 123 5 6 5       4 5 4       
  191398.0890  0.0300 -2.5674 2   12.8379  7 -43003 123 5 5 3       4 4 2       
  191399.6790  0.0300 -2.3709 2   12.7712  9 -43003 123 5 6 4       4 5 3       
  191406.7175  0.0816 -4.5812 2   12.8451 13  43003 123 5 6 6       4 5 7       
  191406.7730  0.0300 -2.4437 2   12.8405  9 -43003 123 5 5 4       4 4 3       
  191409.2090  0.0300 -2.2199 2   12.8450 13 -43003 123 5 6 6       4 5 5       
  191409.2090  0.0300 -2.3276 2   12.8430 11 -43003 123 5 5 5       4 4 4       
  191410.0821  0.0135 -2.4712 2   12.7735  7  43003 123 5 6 3       4 5 2       
  191411.4980  0.0300 -2.1198 2   12.8460 15 -43003 123 5 6 7       4 5 6       
  191422.0270  0.0300 -2.0265 2   12.8451 17 -43003 123 5 6 8       4 5 7       
  191434.5918  0.0342 -3.1518 2   12.7678 11  43003 123 5 6 5       4 4 5       
  191437.5201  0.0679 -3.1481 2   12.8451 15  43003 123 5 6 7       4 5 7       
  191462.9977  0.0909 -3.1546 2   12.7691  9  43003 123 5 6 4       4 5 4       
  191479.4527  0.1233 -3.3219 2   12.7712  7  43003 123 5 6 3       4 5 3       
  191502.8958  0.1201 -4.6513 2   12.7678  9  43003 123 5 6 4       4 4 5       
  191542.7488  0.2199 -4.7280 2   12.7691  7  43003 123 5 6 3       4 5 4       
  229481.6940  0.1354 -4.3560 2   19.2251  7  43003 123 6 6 3       5 5 4       
  229500.5236  0.1268 -4.1519 2   19.2277  9  43003 123 6 6 4       5 5 5       
  229534.0719  0.1027 -4.1518 2   19.2298 11  43003 123 6 6 5       5 6 6       
  229567.3576  0.0702 -3.0948 2   19.2223  7  43003 123 6 6 3       5 5 3       
  229579.2266  0.0664 -2.8863 2   19.2251  9  43003 123 6 6 4       5 5 4       
  229586.1320  0.0623 -4.2975 2   19.2308 13  43003 123 6 6 6       5 6 7       
  229594.8784  0.0592 -2.8078 2   19.2277 11  43003 123 6 6 5       5 5 5       
  229616.9346  0.0432 -2.8017 2   19.2298 13  43003 123 6 6 6       5 6 6       
  229648.6660  0.0128 -2.3352 2   19.2195  7  43003 123 6 6 3       5 5 2       
  229649.5012  0.0260 -2.8711 2   19.2308 15  43003 123 6 7 7       5 6 7       
  229653.0595  0.0115 -1.8762 2   19.1517 17  43003 123 6 6 8       5 5 7       
  229660.7767  0.0088 -1.9518 2   19.1519 15  43003 123 6 6 7       5 5 6       
  229664.8902  0.0107 -2.2467 2   19.2223  9  43003 123 6 6 4       5 5 3       
  229664.9331  0.0820 -4.6556 2   19.2303 15  43003 123 6 7 7       5 6 8       
  229665.7882  0.1118 -3.2524 2   19.1517 15  43003 123 6 6 7       5 5 7       
  229665.8752  0.0080 -2.0301 2   19.1533 13  43003 123 6 7 6       5 6 5       
  229671.8298  0.0107 -2.1101 2   19.1556 11  43003 123 6 7 5       5 6 4       
  229673.5814  0.0097 -2.1565 2   19.2251 11  43003 123 6 6 5       5 5 4       
  229677.7411  0.0080 -2.0687 2   19.2277 13  43003 123 6 6 6       5 5 5       
  229680.3038  0.0075 -1.9845 2   19.2298 15  43003 123 6 7 7       5 6 6       
  229681.8727  0.0135 -2.1893 2   19.1583  9  43003 123 6 7 4       5 6 3       
  229684.3296  0.0084 -1.9042 2   19.2308 17  43003 123 6 7 8       5 6 7       
  229693.8725  0.0108 -1.8278 2   19.2303 19  43003 123 6 7 9       5 6 8       
  229699.7616  0.0644 -3.0808 2   19.2303 17  43003 123 6 7 8       5 6 8       
  229709.7905  0.0373 -3.0819 2   19.1519 13  43003 123 6 7 6       5 5 6       
  229740.1338  0.0922 -3.0829 2   19.1533 11  43003 123 6 7 5       5 6 5       
  229761.6238  0.1337 -3.2522 2   19.1556  9  43003 123 6 7 4       5 6 4       
  229784.0491  0.1196 -4.7455 2   19.1519 11  43003 123 6 7 5       5 5 6       
  267721.9131  0.1460 -4.4719 2   26.8862  9  43003 123 7 7 4       6 6 5       
  267751.9475  0.1314 -4.2502 2   26.8890 11  43003 123 7 7 5       6 6 6       
  267791.7493  0.1047 -4.2376 2   26.8911 13  43003 123 7 7 6       6 7 7       
  267816.2679  0.0783 -3.0394 2   26.8831  9  43003 123 7 7 4       6 6 4       
  267834.8102  0.0710 -2.8269 2   26.8862 11  43003 123 7 7 5       6 6 5       
  267844.9256  0.0666 -4.3742 2   26.8922 15  43003 123 7 7 7       6 7 8       
  267855.1185  0.0617 -2.7487 2   26.8890 13  43003 123 7 7 6       6 6 6       
  267879.7541  0.0448 -2.7447 2   26.8911 15  43003 123 7 7 7       6 7 7       
  267912.1513  0.0293 -2.8168 2   26.8922 17  43003 123 7 8 8       6 7 8       
  267913.7320  0.0300 -2.0781 2   26.8798  9 -43003 123 7 7 4       6 6 3       
  267918.0404  0.0825 -4.7253 2   26.8920 17  43003 123 7 8 8       6 7 9       
  267918.9440  0.0300 -1.7065 2   26.8121 19 -43003 123 7 7 9       6 6 8       
  267926.3430  0.0300 -1.7707 2   26.8125 17 -43003 123 7 7 8       6 6 7       
  267929.1820  0.0300 -2.0076 2   26.8831 11 -43003 123 7 7 5       6 6 4       
  267931.9630  0.0300 -1.8365 2   26.8142 15 -43003 123 7 8 7       6 7 6       
  267938.2390  0.0300 -1.9032 2   26.8167 13 -43003 123 7 8 6       6 7 5       
  267938.2390  0.0300 -1.9355 2   26.8862 13 -43003 123 7 7 6       6 6 5       
  267939.0539  0.1095 -3.2013 2   26.8121 17  43003 123 7 7 8       6 6 8       
  267943.1280  0.0300 -1.8642 2   26.8890 15 -43003 123 7 7 7       6 6 6       
  267946.9760  0.0300 -1.7948 2   26.8911 17 -43003 123 7 8 8       6 7 7       
  267948.3240  0.0300 -1.9691 2   26.8196 11 -43003 123 7 8 5       6 7 4       
  267951.7760  0.0300 -1.7277 2   26.8922 19 -43003 123 7 8 9       6 7 8       
  267957.7419  0.0616 -3.0295 2   26.8920 19  43003 123 7 8 9       6 7 9       
  267960.6360  0.0300 -1.6630 2   26.8920 21 -43003 123 7 810       6 7 9       
  267980.9688  0.0414 -3.0289 2   26.8125 15  43003 123 7 8 7       6 6 7       
  268012.6714  0.0939 -3.0288 2   26.8142 13  43003 123 7 8 6       6 7 6       
  268038.1006  0.1411 -3.1991 2   26.8167 11  43003 123 7 8 5       6 7 5       
  305957.8157  0.1533 -4.5726 2   35.8237 11  43003 123 8 8 5       7 7 6       
  305997.7552  0.1349 -4.3386 2   35.8266 13  43003 123 8 8 6       7 7 7       
  306042.6492  0.1072 -4.3169 2   35.8288 15  43003 123 8 8 7       7 8 8       
  306060.9866  0.0840 -2.9985 2   35.8202 11  43003 123 8 8 5       7 7 5       
  306085.7600  0.0740 -2.7835 2   35.8237 13  43003 123 8 8 6       7 7 6       
  306096.6833  0.0711 -4.4465 2   35.8302 17  43003 123 8 9 8       7 8 9       
  306109.8749  0.0636 -2.7051 2   35.8266 15  43003 123 8 8 7       7 7 7       
  306136.3849  0.0465 -2.7021 2   35.8288 17  43003 123 8 9 8       7 8 8       
  306168.4953  0.0321 -2.7758 2   35.8302 19  43003 123 8 9 9       7 8 9       
  306173.8837  0.0111 -1.8771 2   35.8164 11  43003 123 8 8 5       7 7 4       
  306179.3280  0.0110 -1.5634 2   35.7489 21  43003 123 8 810       7 7 9       
  306186.4416  0.0078 -1.6192 2   35.7496 19  43003 123 8 8 9       7 7 8       
  306188.9309  0.0101 -1.8177 2   35.8202 13  43003 123 8 8 6       7 7 5       
  306192.3369  0.0076 -1.6760 2   35.7514 17  43003 123 8 8 8       7 8 7       
  306197.8797  0.0089 -1.7571 2   35.8237 15  43003 123 8 8 7       7 7 6       
  306199.0740  0.0100 -1.7334 2   35.7541 15  43003 123 8 9 7       7 8 6       
  306203.6105  0.0074 -1.6969 2   35.8266 17  43003 123 8 9 8       7 7 7       
  306206.5662  0.1075 -3.1621 2   35.7489 19  43003 123 8 8 9       7 7 9       
  306208.1969  0.0069 -1.6377 2   35.8288 19  43003 123 8 9 9       7 8 8       
  306208.8951  0.0139 -1.7901 2   35.7574 13  43003 123 8 9 6       7 8 5       
  306210.6118  0.0595 -2.9904 2   35.8303 21  43003 123 8 910       7 810       
  306213.4819  0.0075 -1.5800 2   35.8302 21  43003 123 8 910       7 8 9       
  306221.6232  0.0097 -1.5239 2   35.8303 23  43003 123 8 911       7 810       
  306246.9805  0.0457 -2.9884 2   35.7496 17  43003 123 8 8 8       7 7 8       
  306279.7904  0.0961 -2.9877 2   35.7514 15  43003 123 8 9 7       7 8 7       
  306308.5829  0.1470 -3.1584 2   35.7541 13  43003 123 8 9 6       7 8 6       
  344237.0488  0.1373 -4.4208 2   46.0404 15  43003 123 9 9 7       8 9 8       
  344286.4178  0.1097 -4.3920 2   46.0428 17  43003 123 9 9 8       8 9 9       
  344299.9399  0.0882 -2.9687 2   46.0336 13  43003 123 9 9 6       8 8 6       
  344330.7845  0.0757 -2.7518 2   46.0373 15  43003 123 9 9 7       8 8 7       
  344341.2596  0.0753 -4.5160 2   46.0443 19  43003 123 910 9       8 910       
  344358.2298  0.0651 -2.6731 2   46.0404 17  43003 123 9 9 8       8 9 8       
  344386.2462  0.0484 -2.6707 2   46.0428 19  43003 123 910 9       8 9 9       
  344418.0811  0.0348 -2.7454 2   46.0443 21  43003 123 91010       8 910       
  344427.8810  0.0300 -1.7135 2   46.0293 13 -43003 123 9 9 6       8 8 5       
  344433.4460  0.0300 -1.4414 2   45.9620 23 -43003 123 9 911       8 810       
  344440.3130  0.0300 -1.4907 2   45.9629 21 -43003 123 9 910       8 8 9       
  344442.9390  0.0300 -1.6619 2   46.0336 15 -43003 123 9 9 7       8 8 6       
  344446.3140  0.0300 -1.5408 2   45.9649 19 -43003 123 9 9 9       8 8 8       
  344451.9400  0.0300 -1.6094 2   46.0373 17 -43003 123 9 9 8       8 8 7       
  344453.2540  0.0300 -1.5912 2   45.9678 17 -43003 123 910 8       8 9 7       
  344457.5279  0.0580 -2.9613 2   46.0447 23  43003 123 91011       8 911       
  344458.0640  0.0300 -1.5571 2   46.0404 19 -43003 123 910 9       8 9 8       
  344463.0460  0.0300 -1.5054 2   46.0428 21 -43003 123 91010       8 9 9       
  344463.0460  0.0300 -1.6411 2   45.9715 15 -43003 123 910 7       8 9 6       
  344467.5265  0.1060 -3.1326 2   45.9620 21  43003 123 9 910       8 810       
  344468.5660  0.0300 -1.4547 2   46.0443 23 -43003 123 91011       8 910       
  344476.1530  0.0300 -1.4052 2   46.0447 25 -43003 123 91012       8 911       
  344506.8415  0.0501 -2.9580 2   45.9629 19  43003 123 9 9 9       8 8 9       
  344540.6427  0.0985 -2.9567 2   45.9649 17  43003 123 910 8       8 8 8       
  344572.4767  0.1520 -3.1276 2   45.9678 15  43003 123 910 7       8 9 7       
  382469.0488  0.1387 -4.4988 2   57.5303 17  43003 1231010 8       910 9       
  382522.5543  0.1119 -4.4644 2   57.5329 19  43003 1231010 9       91010       
  382531.9308  0.0917 -2.9479 2   57.5230 15  43003 1231010 7       9 9 7       
  382568.8771  0.0765 -2.7296 2   57.5270 17  43003 1231010 8       9 9 8       
  382599.3758  0.0664 -2.6505 2   57.5303 19  43003 1231010 9       910 9       
  382628.6941  0.0503 -2.6483 2   57.5329 21  43003 123101110       91010       
  382660.3077  0.0375 -2.7237 2   57.5346 23  43003 123101111       91011       
  382674.8320  0.0300 -1.5773 2   57.5182 15 -43003 1231010 7       9 9 6       
  382680.4400  0.0300 -1.3366 2   57.4510 25 -43003 123101012       9 911       
  382687.0450  0.0300 -1.3809 2   57.4522 23 -43003 123101011       9 910       
  382690.0560  0.0300 -1.5315 2   57.5230 17 -43003 1231010 8       9 9 7       
  382693.0810  0.0300 -1.4257 2   57.4544 21 -43003 123101010       9 9 9       
  382697.6548  0.0573 -2.9405 2   57.5352 25  43003 123101112       91012       
  382699.2190  0.0300 -1.4851 2   57.5270 19 -43003 1231010 9       9 9 8       
  382700.0570  0.0300 -1.4707 2   57.4575 19 -43003 1231011 9       910 8       
  382705.5230  0.0300 -1.4388 2   57.5303 21 -43003 123101110       910 9       
  382709.7500  0.0300 -1.5153 2   57.4615 17 -43003 1231011 8       910 7       
  382710.8010  0.0300 -1.3929 2   57.5329 23 -43003 123101111       91010       
  382716.3140  0.0300 -1.3477 2   57.5346 25 -43003 123101112       91011       
  382721.1399  0.1049 -3.1112 2   57.4510 23  43003 123101011       9 911       
  382723.4190  0.0300 -1.3032 2   57.5352 27 -43003 123101113       91012       
  382759.6449  0.0547 -2.9359 2   57.4522 21  43003 123101010       9 910       
  382794.3848  0.1012 -2.9343 2   57.4544 19  43003 1231011 9       9 9 9       
  382829.0762  0.1562 -3.1050 2   57.4575 17  43003 1231011 8       910 8       
  420755.9355  0.0958 -2.9347 2   70.2881 17  43003 1231111 8      1010 8       
  420799.1494  0.0770 -2.7153 2   70.2925 19  43003 1231111 9      1010 9       
  420832.5376  0.0678 -2.6357 2   70.2960 21  43003 123111110      101110       
  420863.0390  0.0526 -2.6336 2   70.2987 23  43003 123111211      101111       
  420894.4969  0.0406 -2.7094 2   70.3006 25  43003 123111212      101112       
  420914.0628  0.0198 -1.4624 2   70.2828 17  43003 1231111 8      1010 7       
  420919.5297  0.0211 -1.2465 2   70.2159 27  43003 123111113      101012       
  420925.9090  0.0171 -1.2866 2   70.2172 25  43003 123111112      101011       
  420929.4765  0.0163 -1.4212 2   70.2881 19  43003 1231111 9      1010 8       
  420930.1643  0.0575 -2.9269 2   70.3015 27  43003 123111213      101113       
  420931.9269  0.0151 -1.3272 2   70.2197 23  43003 123111111      101010       
  420938.6774  0.0151 -1.3795 2   70.2925 21  43003 123111110      1010 9       
  420938.8887  0.0155 -1.3678 2   70.2230 21  43003 123111210      1011 9       
  420945.1107  0.0146 -1.3379 2   70.2960 23  43003 123111211      101110       
  420948.5944  0.0182 -1.4082 2   70.2273 19  43003 1231112 9      1011 8       
  420950.4859  0.0154 -1.2966 2   70.2987 25  43003 123111212      101111       
  420955.9994  0.0173 -1.2557 2   70.3006 27  43003 123111213      101112       
  420962.8085  0.0201 -1.2155 2   70.3015 29  43003 123111214      101113       
  420966.6131  0.1044 -3.0970 2   70.2159 25  43003 123111112      101012       
  421004.5247  0.0595 -2.9211 2   70.2172 23  43003 123111111      101011       
  421040.1818  0.1043 -2.9190 2   70.2197 21  43003 123111210      101010       
  421077.6260  0.1602 -3.0895 2   70.2230 19  43003 1231112 9      1011 9       
  458971.0184  0.1021 -2.9283 2   84.3288 19  43003 1231212 9      1111 9       
  459020.7668  0.0776 -2.7078 2   84.3335 21  43003 123121210      111110       
  459056.9476  0.0695 -2.6278 2   84.3372 23  43003 123121211      111211       
  459088.5604  0.0554 -2.6257 2   84.3401 25  43003 123121312      111212       
  459119.9273  0.0445 -2.7018 2   84.3422 27  43003 123121313      111213       
  459144.5594  0.0276 -1.3648 2   84.3230 19  43003 1231212 9      1111 8       
  459149.9145  0.0287 -1.1689 2   84.2562 29  43003 123121214      111113       
  459154.2339  0.0590 -2.9197 2   84.3433 29  43003 123121314      111214       
  459156.0707  0.0244 -1.2057 2   84.2578 27  43003 123121213      111112       
  459160.2948  0.0221 -1.3273 2   84.3288 21  43003 123121210      1111 9       
  459162.0230  0.0218 -1.2427 2   84.2604 25  43003 123121212      111111       
  459168.9515  0.0213 -1.2798 2   84.2640 23  43003 123121311      111210       
  459169.5208  0.0209 -1.2895 2   84.3335 23  43003 123121211      111110       
  459176.0073  0.0209 -1.2517 2   84.3372 25  43003 123121312      111211       
  459178.6084  0.0230 -1.3166 2   84.2687 21  43003 123121310      1112 9       
  459181.4298  0.0221 -1.2140 2   84.3401 27  43003 123121313      111212       
  459186.8781  0.0244 -1.1768 2   84.3422 29  43003 123121314      111213       
  459193.3432  0.0275 -1.1400 2   84.3433 31  43003 123121315      111214       
  459203.1541  0.1047 -3.0890 2   84.2562 27  43003 123121213      111113       
  459240.6387  0.0648 -2.9127 2   84.2578 25  43003 123121212      111112       
  459277.2064  0.1078 -2.9102 2   84.2604 23  43003 123121311      111111       
  459317.3456  0.1640 -3.0802 2   84.2640 21  43003 123121310      111210       
  497176.2937  0.1125 -2.9279 2   99.6448 21  43003 123131310      121210       
  497232.9219  0.0792 -2.7065 2   99.6497 23  43003 123131311      121211       
  497271.8383  0.0721 -2.6260 2   99.6537 25  43003 123131312      121312       
  497304.5169  0.0593 -2.6238 2   99.6568 27  43003 123131413      121313       
  497335.8518  0.0497 -2.7000 2   99.6590 29  43003 123131414      121314       
  497365.5701  0.0375 -1.2817 2   99.6384 21  43003 123131310      1212 9       
  497369.0454  0.0620 -2.9183 2   99.6603 31  43003 123131415      121315       
  497370.7910  0.0383 -1.1024 2   99.5718 31  43003 123131315      121214       
  497376.7316  0.0337 -1.1362 2   99.5736 29  43003 123131314      121213       
  497381.6759  0.0300 -1.2472 2   99.6448 23  43003 123131311      121210       
  497382.5912  0.0306 -1.1703 2   99.5764 27  43003 123131313      121212       
  497389.4542  0.0292 -1.2044 2   99.5803 25  43003 123131412      121311       
  497390.8979  0.0288 -1.2126 2   99.6497 25  43003 123131312      121211       
  497397.3863  0.0291 -1.1779 2   99.6537 27  43003 123131413      121312       
  497399.0473  0.0300 -1.2384 2   99.5852 23  43003 123131411      121310       
  497402.8026  0.0307 -1.1434 2   99.6568 29  43003 123131414      121313       
  497408.1547  0.0332 -1.1092 2   99.6590 31  43003 123131415      121314       
  497414.3073  0.0366 -1.0753 2   99.6603 33  43003 123131416      121315       
  497429.9712  0.1060 -3.0868 2   99.5718 29  43003 123131314      121214       
  497467.1593  0.0709 -2.9100 2   99.5736 27  43003 123131313      121213       
  497504.6376  0.1120 -2.9071 2   99.5764 25  43003 123131412      121212       
  497547.4415  0.1682 -3.0765 2   99.5803 23  43003 123131411      121311       
  535370.9054  0.1291 -2.9331 2  116.2356 23  43003 123141411      131311       
  535434.8214  0.0828 -2.7108 2  116.2409 25  43003 123141412      131312       
  535476.4392  0.0764 -2.6297 2  116.2451 27  43003 123141413      131413       
  535510.1528  0.0649 -2.6274 2  116.2484 29  43003 123141514      131414       
  535541.5073  0.0565 -2.7037 2  116.2508 31  43003 123141515      131415       
  535573.7839  0.0671 -2.9222 2  116.2523 33  43003 123141516      131416       
  535576.2875  0.0494 -1.2110 2  116.2288 23  43003 123141411      131310       
  535581.3613  0.0499 -1.0457 2  116.1623 33  43003 123141416      131315       
  535587.0930  0.0450 -1.0770 2  116.1643 31  43003 123141415      131314       
  535592.7974  0.0398 -1.1792 2  116.2356 25  43003 123141412      131311       
  535592.8404  0.0414 -1.1086 2  116.1673 29  43003 123141414      131313       
  535599.6124  0.0392 -1.1402 2  116.1714 27  43003 123141513      131412       
  535601.9873  0.0386 -1.1472 2  116.2409 27  43003 123141413      131312       
  535608.4386  0.0392 -1.1152 2  116.2451 29  43003 123141514      131413       
  535609.1246  0.0392 -1.1717 2  116.1767 25  43003 123141512      131411       
  535613.8102  0.0411 -1.0833 2  116.2484 31  43003 123141515      131414       
  535619.0458  0.0439 -1.0516 2  116.2508 33  43003 123141516      131415       
  535624.9114  0.0475 -1.0202 2  116.2523 35  43003 123141517      131416       
  535646.2733  0.1087 -3.0898 2  116.1623 31  43003 123141415      131315       
  535683.2681  0.0783 -2.9126 2  116.1643 29  43003 123141414      131314       
  535721.6588  0.1172 -2.9093 2  116.1673 27  43003 123141513      131313       
  535767.1119  0.1731 -3.0779 2  116.1714 25  43003 123141512      131412       
  573554.0165  0.1536 -2.9434 2  134.1011 25  43003 123151512      141412       
  573625.6798  0.0894 -2.7202 2  134.1067 27  43003 123151513      141413       
  573669.9769  0.0829 -2.6386 2  134.1111 29  43003 123151514      141514       
  573704.7024  0.0726 -2.6360 2  134.1145 31  43003 123151615      141515       
  573736.1203  0.0655 -2.7124 2  134.1171 33  43003 123151616      141516       
  573767.6373  0.0745 -2.9310 2  134.1188 35  43003 123151617      141517       
  573775.9085  0.0634 -1.1513 2  134.0937 25  43003 123151512      141411       
  573780.8284  0.0636 -0.9978 2  134.0274 35  43003 123151517      141416       
  573786.3574  0.0583 -1.0271 2  134.0296 33  43003 123151516      141415       
  573791.9783  0.0542 -1.0565 2  134.0328 31  43003 123151515      141414       
  573792.8457  0.0516 -1.1216 2  134.1011 27  43003 123151513      141412       
  573798.6389  0.0514 -1.0859 2  134.0371 29  43003 123151614      141513       
  573801.9763  0.0504 -1.0919 2  134.1067 29  43003 123151514      141413       
  573808.0515  0.0505 -1.1152 2  134.0427 27  43003 123151613      141512       
  573808.3597  0.0513 -1.0621 2  134.1111 31  43003 123151615      141514       
  573813.6588  0.0534 -1.0325 2  134.1145 33  43003 123151616      141515       
  573818.7648  0.0565 -1.0030 2  134.1171 35  43003 123151617      141516       
  573824.3645  0.0603 -0.9737 2  134.1188 37  43003 123151618      141517       
  573851.2693  0.1132 -3.0977 2  134.0274 33  43003 123151516      141416       
  573888.1533  0.0871 -2.9201 2  134.0296 31  43003 123151515      141415       
  573927.4573  0.1239 -2.9164 2  134.0328 29  43003 123151614      141414       
  573975.5511  0.1791 -3.0842 2  134.0371 27  43003 123151613      141513       
  611724.8036  0.1870 -2.9586 2  153.2407 27  43003 123161613      151513       
  611804.7158  0.0998 -2.7345 2  153.2466 29  43003 123161614      151514       
  611851.6749  0.0922 -2.6523 2  153.2512 31  43003 123161615      151615       
  611887.3924  0.0829 -2.6494 2  153.2549 33  43003 123161716      151616       
  611918.9103  0.0769 -2.7257 2  153.2576 35  43003 123161717      151617       
  611949.7954  0.0846 -2.9445 2  153.2595 37  43003 123161718      151618       
  611963.6327  0.0795 -1.1012 2  153.2328 27  43003 123161613      151512       
  611968.3957  0.0794 -0.9580 2  153.1667 37  43003 123161618      151517       
  611973.7278  0.0738 -0.9854 2  153.1690 35  43003 123161617      151516       
  611979.2119  0.0692 -1.0129 2  153.1724 33  43003 123161616      151515       
  611981.0123  0.0654 -1.0734 2  153.2407 29  43003 123161614      151513       
  611985.7445  0.0658 -1.0405 2  153.1769 31  43003 123161715      151614       
  611990.0577  0.0643 -1.0457 2  153.2466 31  43003 123161615      151514       
  611995.0381  0.0641 -1.0679 2  153.1828 29  43003 123161714      151613       
  611996.3488  0.0654 -1.0179 2  153.2512 33  43003 123161716      151615       
  612001.5548  0.0678 -0.9902 2  153.2549 35  43003 123161717      151616       
  612006.5226  0.0710 -0.9626 2  153.2576 37  43003 123161718      151617       
  612011.8746  0.0751 -0.9352 2  153.2595 39  43003 123161719      151618       
  612044.1687  0.1199 -3.1102 2  153.1667 35  43003 123161617      151517       
  612081.0079  0.0978 -2.9323 2  153.1690 33  43003 123161616      151516       
  612121.2235  0.1323 -2.9281 2  153.1724 31  43003 123161715      151515       
  612171.9503  0.1868 -3.0949 2  153.1769 29  43003 123161714      151614       
  649882.4526  0.2302 -2.9784 2  173.6542 29  43003 123171714      161614       
  649971.1502  0.1146 -2.7533 2  173.6604 31  43003 123171715      161615       
  650020.7536  0.1046 -2.6704 2  173.6652 33  43003 123171816      161716       
  650057.4442  0.0959 -2.6673 2  173.6690 35  43003 123171817      161717       
  650089.0921  0.0908 -2.7436 2  173.6720 37  43003 123171818      161718       
  650119.4498  0.0975 -2.9624 2  173.6740 39  43003 123171819      161719       
  650138.6614  0.0979 -1.0598 2  173.6457 29  43003 123171714      161613       
  650143.2669  0.0974 -0.9256 2  173.5797 39  43003 123171719      161618       
  650148.4078  0.0915 -0.9514 2  173.5823 37  43003 123171718      161617       
  650153.7477  0.0865 -0.9773 2  173.5859 35  43003 123171717      161616       
  650156.4921  0.0815 -1.0338 2  173.6542 31  43003 123171715      161614       
  650160.1386  0.0825 -1.0032 2  173.5906 33  43003 123171716      161715       
  650165.4275  0.0804 -1.0077 2  173.6604 33  43003 123171816      161615       
  650169.2938  0.0801 -1.0290 2  173.5968 31  43003 123171815      161714       
  650171.6067  0.0817 -0.9816 2  173.6652 35  43003 123171817      161716       
  650176.7044  0.0843 -0.9556 2  173.6690 37  43003 123171818      161717       
  650181.5289  0.0877 -0.9297 2  173.6720 39  43003 123171819      161718       
  650186.6486  0.0919 -0.9040 2  173.6740 41  43003 123171820      161719       
  650224.1808  0.1290 -3.1270 2  173.5797 37  43003 123171718      161618       
  650261.0279  0.1107 -2.9488 2  173.5823 35  43003 123171717      161617       
  650302.1502  0.1428 -2.9441 2  173.5859 33  43003 123171716      161616       
  650355.4997  0.1967 -3.1099 2  173.5906 31  43003 123171815      161715       
  688026.1573  0.2838 -3.0026 2  195.3411 31  43003 123181815      171715       
  688124.2047  0.1338 -2.7765 2  195.3476 33  43003 123181816      171816       
  688176.4310  0.1205 -2.6929 2  195.3526 35  43003 123181917      171817       
  688214.0753  0.1119 -2.6894 2  195.3566 37  43003 123181918      171818       
  688245.8769  0.1075 -2.7656 2  195.3597 39  43003 123181919      171819       
  688275.7933  0.1133 -2.9845 2  195.3619 41  43003 123181920      171820       
  688300.1967  0.1186 -1.0265 2  195.3320 31  43003 123181815      171714       
  688304.6462  0.1178 -0.9001 2  195.2662 41  43003 123181820      171719       
  688309.6013  0.1116 -0.9245 2  195.2689 39  43003 123181819      171718       
  688314.7919  0.1062 -0.9489 2  195.2726 37  43003 123181818      171717       
  688318.4820  0.0998 -1.0019 2  195.3411 33  43003 123181816      171715       
  688321.0300  0.1017 -0.9733 2  195.2776 35  43003 123181817      171716       
  688327.2841  0.0989 -0.9773 2  195.3476 35  43003 123181917      171816       
  688330.0276  0.0985 -0.9977 2  195.2841 33  43003 123181916      171815       
  688333.3356  0.1004 -0.9528 2  195.3526 37  43003 123181918      171817       
  688338.3138  0.1031 -0.9283 2  195.3566 39  43003 123181919      171818       
  688342.9921  0.1066 -0.9038 2  195.3597 41  43003 123181920      171819       
  688347.8933  0.1110 -0.8795 2  195.3619 43  43003 123181921      171820       
  688390.5152  0.1410 -3.1480 2  195.2662 39  43003 123181819      171719       
  688427.4120  0.1259 -2.9695 2  195.2689 37  43003 123181818      171718       
  688469.4324  0.1558 -2.9643 2  195.2726 35  43003 123181817      171717       
  688525.3887  0.2093 -3.1289 2  195.2776 33  43003 123181916      171716       
  726155.1173  0.3485 -3.0310 2  218.3010 33  43003 123191916      181816       
  726263.1011  0.1573 -2.8038 2  218.3077 35  43003 123191917      181917       
  726317.9229  0.1398 -2.7194 2  218.3130 37  43003 123192018      181918       
  726356.4999  0.1310 -2.7157 2  218.3171 39  43003 123192019      181919       
  726388.4737  0.1269 -2.7917 2  218.3203 41  43003 123192020      181920       
  726418.0200  0.1320 -3.0106 2  218.3227 43  43003 123192021      181921       
  726447.4420  0.1418 -1.0004 2  218.2912 33  43003 123191916      181815       
  726451.7376  0.1407 -0.8811 2  218.2256 43  43003 123191921      181820       
  726456.5125  0.1342 -0.9041 2  218.2284 41  43003 123191920      181819       
  726461.5503  0.1284 -0.9273 2  218.2324 39  43003 123191919      181818       
  726466.1805  0.1205 -0.9772 2  218.3010 35  43003 123191917      181816       
  726467.6266  0.1234 -0.9504 2  218.2375 37  43003 123191918      181817       
  726474.8275  0.1197 -0.9539 2  218.3077 37  43003 123192018      181917       
  726476.4482  0.1194 -0.9735 2  218.2443 35  43003 123192017      181916       
  726480.7383  0.1214 -0.9307 2  218.3130 39  43003 123192019      181918       
  726485.5889  0.1242 -0.9076 2  218.3171 41  43003 123192020      181919       
  726490.1200  0.1279 -0.8844 2  218.3203 43  43003 123192021      181920       
  726494.8148  0.1324 -0.8615 2  218.3227 45  43003 123192022      181921       
  726542.3815  0.1559 -3.1730 2  218.2256 41  43003 123191920      181820       
  726579.3610  0.1437 -2.9942 2  218.2284 39  43003 123191919      181819       
  726622.2671  0.1715 -2.9885 2  218.2324 37  43003 123191918      181818       
  726680.8069  0.2250 -3.1518 2  218.2375 35  43003 123192017      181817       
  764268.5375  0.4250 -3.0634 2  242.5333 35  43003 123202017      191917       
  764387.0606  0.1849 -2.8352 2  242.5403 37  43003 123202018      192018       
  764444.4431  0.1626 -2.7499 2  242.5457 39  43003 123202119      192019       
  764483.9297  0.1532 -2.7458 2  242.5501 41  43003 123202120      192020       
  764516.0894  0.1493 -2.8217 2  242.5534 43  43003 123202121      192021       
  764545.3249  0.1537 -3.0406 2  242.5560 45  43003 123202122      192022       
  764579.6008  0.1676 -0.9812 2  242.5229 35  43003 123202017      191916       
  764583.7457  0.1663 -0.8681 2  242.4574 45  43003 123202022      191921       
  764588.3456  0.1594 -0.8900 2  242.4604 43  43003 123202021      191920       
  764593.2286  0.1533 -0.9120 2  242.4645 41  43003 123202020      191919       
  764598.7870  0.1437 -0.9591 2  242.5333 37  43003 123202018      191917       
  764599.1360  0.1478 -0.9339 2  242.4699 39  43003 123202019      191918       
  764607.2585  0.1431 -0.9371 2  242.5403 39  43003 123202119      192018       
  764607.7642  0.1431 -0.9558 2  242.4770 37  43003 123202118      192017       
  764613.0187  0.1450 -0.9151 2  242.5457 41  43003 123202120      192019       
  764617.7357  0.1479 -0.8931 2  242.5501 43  43003 123202121      192020       
  764622.1197  0.1517 -0.8712 2  242.5534 45  43003 123202122      192021       
  764626.6192  0.1563 -0.8493 2  242.5560 47  43003 123202123      192022       
  764678.9894  0.1741 -3.2019 2  242.4574 43  43003 123202021      191921       
  764716.0771  0.1642 -3.0228 2  242.4604 41  43003 123202020      191920       
  764759.8528  0.1902 -3.0165 2  242.4645 39  43003 123202019      191919       
  764820.9445  0.2440 -3.1786 2  242.4699 37  43003 123202118      191918       
  802365.6275  0.5142 -3.0999 2  268.0375 37  43003 123212118      202018       
  802495.3035  0.2165 -2.8704 2  268.0449 39  43003 123212119      202119       
  802555.2034  0.1889 -2.7842 2  268.0505 41  43003 123212220      202120       
  802595.5746  0.1786 -2.7797 2  268.0550 43  43003 123212221      202121       
  802627.9298  0.1747 -2.8555 2  268.0585 45  43003 123212222      202122       
  802656.9039  0.1785 -3.0743 2  268.0612 47  43003 123212223      202123       
  802695.8770  0.1962 -0.9683 2  268.0265 37  43003 123212118      202017       
  802699.8748  0.1945 -0.8609 2  267.9612 47  43003 123212123      202022       
  802704.3050  0.1874 -0.8817 2  267.9643 45  43003 123212122      202021       
  802709.0322  0.1809 -0.9026 2  267.9686 43  43003 123212121      202020       
  802714.7654  0.1750 -0.9235 2  267.9742 41  43003 123212120      202019       
  802715.5014  0.1696 -0.9473 2  268.0375 39  43003 123212119      202018       
  802723.1839  0.1696 -0.9444 2  267.9815 39  43003 123212219      202118       
  802723.7790  0.1692 -0.9264 2  268.0449 41  43003 123212220      202119       
  802729.3806  0.1712 -0.9054 2  268.0505 43  43003 123212221      202120       
  802733.9601  0.1743 -0.8845 2  268.0550 45  43003 123212222      202121       
  802738.1982  0.1782 -0.8637 2  268.0585 47  43003 123212223      202122       
  802742.5123  0.1828 -0.8429 2  268.0612 49  43003 123212224      202123       
  802799.5487  0.1954 -3.2346 2  267.9612 45  43003 123212122      202022       
  802836.7637  0.1876 -3.0551 2  267.9643 43  43003 123212121      202021       
  802881.3896  0.2120 -3.0483 2  267.9686 41  43003 123212120      202020       
  802944.9924  0.2665 -3.2089 2  267.9742 39  43003 123212219      202019       
  840445.6010  0.6170 -3.1401 2  294.8132 39  43003 123222219      212119       
  840587.0489  0.2518 -2.9093 2  294.8209 41  43003 123222220      212220       
  840649.4143  0.2186 -2.8222 2  294.8267 43  43003 123222321      212221       
  840690.6429  0.2072 -2.8173 2  294.8313 45  43003 123222322      212222       
  840723.1995  0.2031 -2.8929 2  294.8350 47  43003 123222323      212223       
  840751.9535  0.2064 -3.1117 2  294.8378 49  43003 123222324      212224       
  840795.4749  0.2276 -0.9615 2  294.8016 39  43003 123222219      212118       
  840799.3295  0.2257 -0.8591 2  294.7363 49  43003 123222224      212123       
  840803.5951  0.2183 -0.8790 2  294.7397 47  43003 123222223      212122       
  840808.1667  0.2115 -0.8989 2  294.7441 45  43003 123222222      212121       
  840813.7215  0.2051 -0.9189 2  294.7498 43  43003 123222221      212120       
  840815.5244  0.1983 -0.9414 2  294.8132 41  43003 123222220      212119       
  840821.9158  0.1991 -0.9388 2  294.7575 41  43003 123222320      212219       
  840823.5914  0.1981 -0.9215 2  294.8209 43  43003 123222321      212220       
  840829.0283  0.2002 -0.9015 2  294.8267 45  43003 123222322      212221       
  840833.4679  0.2034 -0.8816 2  294.8313 47  43003 123222323      212222       
  840837.5619  0.2074 -0.8617 2  294.8350 49  43003 123222324      212223       
  840841.6996  0.2121 -0.8419 2  294.8378 51  43003 123222325      212224       
  840903.2690  0.2201 -3.2708 2  294.7363 47  43003 123222223      212123       
  840940.6255  0.2139 -3.0910 2  294.7397 45  43003 123222222      212122       
  840986.0789  0.2370 -3.0837 2  294.7441 43  43003 123222221      212121       
  841052.1428  0.2927 -3.2429 2  294.7498 41  43003 123222320      212120       
  878507.6756  0.7344 -3.1841 2  322.8598 41  43003 123232320      222220       
  878661.5144  0.2908 -2.9519 2  322.8677 43  43003 123232321      222321       
  878726.2847  0.2517 -2.8638 2  322.8737 45  43003 123232422      222322       
  878768.3415  0.2391 -2.8585 2  322.8785 47  43003 123232423      222323       
  878801.1026  0.2348 -2.9339 2  322.8823 49  43003 123232424      222324       
  878829.6708  0.2376 -3.1527 2  322.8853 51  43003 123232425      222325       
  878877.5990  0.2620 -0.9603 2  322.8475 41  43003 123232320      222219       
  878881.3144  0.2599 -0.8626 2  322.7824 51  43003 123232325      222224       
  878885.4204  0.2522 -0.8816 2  322.7859 49  43003 123232324      222223       
  878889.8372  0.2451 -0.9006 2  322.7904 47  43003 123232323      222222       
  878895.2110  0.2383 -0.9197 2  322.7964 45  43003 123232322      222221       
  878898.0569  0.2300 -0.9411 2  322.8598 43  43003 123232321      222220       
  878903.1680  0.2316 -0.9388 2  322.8043 43  43003 123232421      222320       
  878905.8988  0.2300 -0.9220 2  322.8677 45  43003 123232422      222321       
  878911.1666  0.2322 -0.9030 2  322.8737 47  43003 123232423      222322       
  878915.4650  0.2354 -0.8839 2  322.8785 49  43003 123232424      222323       
  878919.4170  0.2395 -0.8649 2  322.8823 51  43003 123232425      222324       
  878923.3868  0.2442 -0.8460 2  322.8853 53  43003 123232426      222325       
  878989.3599  0.2483 -3.3106 2  322.7824 49  43003 123232324      222224       
  879026.8675  0.2433 -3.1306 2  322.7859 47  43003 123232323      222223       
  879073.1231  0.2653 -3.1227 2  322.7904 45  43003 123232322      222222       
  879141.5892  0.3225 -3.2803 2  322.7964 43  43003 123232421      222221       
  916551.0725  0.8674 -3.2318 2  352.1767 43  43003 123242421      232321       
  916717.9159  0.3333 -2.9981 2  352.1849 45  43003 123242422      232422       
  916785.0225  0.2883 -2.9090 2  352.1910 47  43003 123242523      232423       
  916827.8765  0.2744 -2.9032 2  352.1959 49  43003 123242524      232424       
  916860.8425  0.2697 -2.9784 2  352.1999 51  43003 123242525      232425       
  916889.2538  0.2720 -3.1971 2  352.2030 53  43003 123242526      232426       
  916941.4538  0.2995 -0.9645 2  352.1637 43  43003 123242421      232320       
  916945.0341  0.2972 -0.8710 2  352.0987 53  43003 123242426      232325       
  916948.9855  0.2893 -0.8892 2  352.1023 51  43003 123242425      232324       
  916953.2488  0.2818 -0.9075 2  352.1070 49  43003 123242424      232323       
  916958.4400  0.2747 -0.9257 2  352.1131 47  43003 123242423      232322       
  916962.3003  0.2647 -0.9461 2  352.1767 45  43003 123242422      232321       
  916966.1485  0.2675 -0.9440 2  352.1214 45  43003 123242522      232421       
  916969.9044  0.2649 -0.9279 2  352.1849 47  43003 123242523      232422       
  916975.0000  0.2672 -0.9096 2  352.1910 49  43003 123242524      232423       
  916979.1569  0.2705 -0.8914 2  352.1959 51  43003 123242525      232424       
  916982.9698  0.2746 -0.8732 2  352.1999 53  43003 123242526      232425       
  916986.7793  0.2794 -0.8550 2  352.2030 55  43003 123242527      232426       
  917057.0310  0.2798 -3.3540 2  352.0987 51  43003 123242425      232325       
  917094.6960  0.2760 -3.1736 2  352.1023 49  43003 123242424      232324       
  917141.7260  0.2970 -3.1651 2  352.1070 47  43003 123242423      232323       
  917212.5268  0.3559 -3.3211 2  352.1131 45  43003 123242522      232322       
  954575.0162  1.0172 -3.2830 2  382.7633 45  43003 123252522      242422       
  954755.4677  0.3793 -3.0478 2  382.7717 47  43003 123252523      242523       
  954824.8343  0.3284 -2.9575 2  382.7780 49  43003 123252624      242524       
  954868.4532  0.3131 -2.9513 2  382.7831 51  43003 123252625      242525       
  954901.6222  0.3080 -3.0263 2  382.7871 53  43003 123252626      242526       
  954929.9006  0.3099 -3.2449 2  382.7904 55  43003 123252627      242527       
  954986.2440  0.3403 -0.9738 2  382.7496 45  43003 123252522      242421       
  954989.6933  0.3377 -0.8842 2  382.6847 55  43003 123252527      242426       
  954993.4950  0.3296 -0.9017 2  382.6884 53  43003 123252526      242425       
  954997.6068  0.3219 -0.9192 2  382.6933 51  43003 123252525      242424       
  955002.6149  0.3144 -0.9368 2  382.6996 49  43003 123252524      242423       
  955007.4562  0.3026 -0.9562 2  382.7633 47  43003 123252523      242422       
  955010.0654  0.3066 -0.9543 2  382.7081 47  43003 123252623      242522       
  955014.8118  0.3030 -0.9387 2  382.7717 49  43003 123252624      242523       
  955019.7336  0.3054 -0.9212 2  382.7780 51  43003 123252625      242524       
  955023.7495  0.3087 -0.9037 2  382.7831 53  43003 123252626      242525       
  955027.4261  0.3129 -0.8863 2  382.7871 55  43003 123252627      242526       
  955031.0825  0.3177 -0.8689 2  382.7904 57  43003 123252628      242527       
  955105.4920  0.3149 -3.4007 2  382.6847 53  43003 123252526      242426       
  955143.3173  0.3119 -3.2200 2  382.6884 51  43003 123252525      242425       
  955191.0921  0.3322 -3.2110 2  382.6933 49  43003 123252524      242424       
  955264.1522  0.3929 -3.3653 2  382.6996 47  43003 123252623      242423       
  992578.7344  1.1848 -3.3377 2  414.6189 47  43003 123262623      252523       
  992773.3824  0.4288 -3.1008 2  414.6275 49  43003 123262624      252624       
  992844.9259  0.3721 -3.0094 2  414.6340 51  43003 123262725      252625       
  992889.2760  0.3554 -3.0028 2  414.6392 53  43003 123262726      252626       
  992922.6445  0.3498 -3.0776 2  414.6434 55  43003 123262727      252627       
  992950.8100  0.3513 -3.2961 2  414.6468 57  43003 123262728      252628       
  993011.1744  0.3845 -0.9882 2  414.6045 47  43003 123262623      252522       
  993014.4968  0.3817 -0.9021 2  414.5397 57  43003 123262628      252527       
  993018.1535  0.3733 -0.9189 2  414.5436 55  43003 123262627      252526       
  993022.1161  0.3654 -0.9358 2  414.5486 53  43003 123262626      252525       
  993026.9414  0.3576 -0.9526 2  414.5550 51  43003 123262625      252524       
  993032.7265  0.3438 -0.9712 2  414.6189 49  43003 123262624      252523       
  993034.1265  0.3494 -0.9695 2  414.5638 49  43003 123262724      252623       
  993039.8251  0.3444 -0.9544 2  414.6275 51  43003 123262725      252624       
  993044.5723  0.3469 -0.9376 2  414.6340 53  43003 123262726      252625       
  993048.4483  0.3503 -0.9208 2  414.6392 55  43003 123262727      252626       
  993051.9918  0.3544 -0.9040 2  414.6434 57  43003 123262728      252627       
  993055.5016  0.3593 -0.8873 2  414.6468 59  43003 123262729      252628       
  993133.9522  0.3536 -3.4507 2  414.5397 55  43003 123262627      252527       
  993171.9384  0.3513 -3.2698 2  414.5436 53  43003 123262626      252526       
  993220.4267  0.3709 -3.2602 2  414.5486 51  43003 123262625      252525       
  993295.6638  0.4335 -3.4129 2  414.5550 49  43003 123262724      252524       
 1030561.4578  1.3713 -3.3959 2  447.7429 49  43003 123272724      262624       
 1030770.8706  0.4816 -3.1572 2  447.7518 51  43003 123272725      262725       
 1030844.5019  0.4194 -3.0647 2  447.7584 53  43003 123272826      262726       
 1030889.5490  0.4013 -3.0575 2  447.7638 55  43003 123272827      262727       
 1030923.1117  0.3953 -3.1321 2  447.7681 57  43003 123272828      262728       
 1030951.1810  0.3963 -3.3506 2  447.7716 59  43003 123272829      262729       
 1031015.4499  0.4322 -1.0072 2  447.7278 49  43003 123272724      262623       
 1031018.6493  0.4292 -0.9245 2  447.6631 59  43003 123272729      262628       
 1031022.1656  0.4206 -0.9407 2  447.6671 57  43003 123272728      262627       
 1031025.9817  0.4124 -0.9569 2  447.6722 55  43003 123272727      262626       
 1031030.6254  0.4043 -0.9731 2  447.6789 53  43003 123272726      262625       
 1031037.3133  0.3886 -0.9909 2  447.7429 51  43003 123272725      262624       
 1031037.5393  0.3957 -0.9894 2  447.6878 51  43003 123272825      262724       
 1031044.1484  0.3893 -0.9748 2  447.7518 53  43003 123272826      262725       
 1031048.7214  0.3918 -0.9586 2  447.7584 55  43003 123272827      262726       
 1031052.4591  0.3953 -0.9424 2  447.7638 57  43003 123272828      262727       
 1031055.8727  0.3994 -0.9263 2  447.7681 59  43003 123272829      262728       
 1031059.2421  0.4043 -0.9102 2  447.7716 61  43003 123272830      262729       
 1031141.6211  0.3959 -3.5041 2  447.6631 57  43003 123272728      262628       
 1031179.7666  0.3942 -3.3228 2  447.6671 55  43003 123272727      262627       
 1031228.9360  0.4133 -3.3127 2  447.6722 53  43003 123272726      262626       
 1031306.2616  0.4776 -3.4637 2  447.6789 51  43003 123272825      262625       
 1068522.4197  1.5780 -3.4574 2  482.1346 51  43003 123282825      272725       
 1068747.1413  0.5378 -3.2170 2  482.1437 53  43003 123282826      272826       
 1068822.7667  0.4705 -3.1232 2  482.1505 55  43003 123282927      272827       
 1068868.4758  0.4511 -3.1156 2  482.1560 57  43003 123282928      272828       
 1068902.2264  0.4445 -3.1899 2  482.1604 59  43003 123282929      272829       
 1068930.2132  0.4451 -3.4083 2  482.1640 61  43003 123282930      272830       
 1068998.2752  0.4836 -1.0309 2  482.1187 51  43003 123282825      272724       
 1069001.3556  0.4803 -0.9512 2  482.0542 61  43003 123282830      272729       
 1069004.7361  0.4715 -0.9668 2  482.0583 59  43003 123282829      272728       
 1069008.4085  0.4631 -0.9825 2  482.0636 57  43003 123282828      272727       
 1069012.8724  0.4548 -0.9981 2  482.0703 55  43003 123282827      272726       
 1069019.5113  0.4458 -1.0138 2  482.0795 53  43003 123282926      272825       
 1069020.4192  0.4369 -1.0152 2  482.1346 53  43003 123282826      272725       
 1069026.9861  0.4378 -0.9996 2  482.1437 55  43003 123282927      272826       
 1069031.3859  0.4404 -0.9840 2  482.1505 57  43003 123282928      272827       
 1069034.9873  0.4438 -0.9685 2  482.1560 59  43003 123282929      272828       
 1069038.2744  0.4480 -0.9529 2  482.1604 61  43003 123282930      272829       
 1069041.5092  0.4528 -0.9374 2  482.1640 63  43003 123282931      272830       
 1069127.7078  0.4420 -3.5607 2  482.0542 59  43003 123282829      272729       
 1069166.0094  0.4408 -3.3792 2  482.0583 57  43003 123282828      272728       
 1069215.8267  0.4593 -3.3684 2  482.0636 55  43003 123282827      272727       
 1069295.1475  0.5252 -3.5177 2  482.0703 53  43003 123282926      272726       
 1106460.8560  1.8059 -3.5222 2  517.7933 53  43003 123292926      282826       
 1106701.4019  0.5975 -3.2799 2  517.8026 55  43003 123293027      282927       
 1106778.9237  0.5254 -3.1848 2  517.8096 57  43003 123293028      282928       
 1106825.2596  0.5047 -3.1768 2  517.8151 59  43003 123293029      282929       
 1106859.1907  0.4976 -3.2509 2  517.8197 61  43003 123293030      282930       
 1106887.1065  0.4977 -3.4692 2  517.8234 63  43003 123293031      282931       
 1106958.8554  0.5388 -1.0591 2  517.7767 53  43003 123292926      282825       
 1106961.8206  0.5353 -0.9822 2  517.7123 63  43003 123292931      282830       
 1106965.0694  0.5263 -0.9972 2  517.7165 61  43003 123292930      282829       
 1106968.6014  0.5176 -1.0123 2  517.7219 59  43003 123292929      282828       
 1106972.8879  0.5091 -1.0275 2  517.7288 57  43003 123292928      282827       
 1106979.2497  0.4999 -1.0426 2  517.7382 55  43003 123292927      282926       
 1106981.2468  0.4890 -1.0439 2  517.7933 55  43003 123293027      282826       
 1106987.5428  0.4900 -1.0288 2  517.8026 57  43003 123293028      282927       
 1106991.7711  0.4926 -1.0138 2  517.8096 59  43003 123293029      282928       
 1106995.2387  0.4960 -0.9988 2  517.8151 61  43003 123293030      282929       
 1106998.4025  0.5002 -0.9838 2  517.8197 63  43003 123293031      282930       
 1107001.5081  0.5051 -0.9688 2  517.8234 65  43003 123293032      282931       
 1107091.4216  0.4920 -3.6205 2  517.7123 61  43003 123292930      282830       
 1107129.8748  0.4911 -3.4387 2  517.7165 59  43003 123292929      282829       
 1107180.3061  0.5092 -3.4274 2  517.7219 57  43003 123292928      282828       
 1107261.5247  0.5763 -3.5750 2  517.7288 55  43003 123292927      282827       
 1144376.0047  2.0561 -3.5903 2  554.7182 55  43003 123303027      293027       
 1144632.8582  0.6606 -3.3461 2  554.7278 57  43003 123303128      293028       
 1144712.1759  0.5842 -3.2497 2  554.7349 59  43003 123303129      293029       
 1144759.1033  0.5623 -3.2411 2  554.7405 61  43003 123303130      293030       
 1144793.2069  0.5547 -3.3151 2  554.7452 63  43003 123303131      293031       
 1144821.0611  0.5544 -3.5332 2  554.7490 65  43003 123303132      293032       
 1144896.3955  0.5979 -1.0915 2  554.7008 55  43003 123303027      292926       
 1144899.2490  0.5942 -1.0173 2  554.6365 65  43003 123303032      292931       
 1144902.3705  0.5850 -1.0318 2  554.6409 63  43003 123303031      292930       
 1144905.7652  0.5761 -1.0464 2  554.6464 61  43003 123303030      292929       
 1144909.8773  0.5674 -1.0610 2  554.6534 59  43003 123303029      292928       
 1144915.9615  0.5579 -1.0757 2  554.6630 57  43003 123303028      292927       
 1144918.9991  0.5449 -1.0769 2  554.7182 57  43003 123303128      293027       
 1144925.0232  0.5461 -1.0623 2  554.7278 59  43003 123303129      293028       
 1144929.0824  0.5487 -1.0478 2  554.7349 61  43003 123303130      293029       
 1144932.4187  0.5521 -1.0333 2  554.7405 63  43003 123303131      293030       
 1144935.4627  0.5563 -1.0188 2  554.7452 65  43003 123303132      293031       
 1144938.4441  0.5611 -1.0043 2  554.7490 67  43003 123303133      293032       
 1145031.9715  0.5460 -3.6835 2  554.6365 63  43003 123303031      292931       
 1145070.5706  0.5453 -3.5014 2  554.6409 61  43003 123303030      292930       
 1145121.5819  0.5629 -3.4896 2  554.6464 59  43003 123303029      292929       
 1145204.5983  0.6309 -3.6354 2  554.6534 57  43003 123303028      292928       
 1182267.1059  2.3298 -3.6617 2  592.9086 57  43003 123313128      303128       
 1182540.7143  0.7272 -3.4154 2  592.9183 59  43003 123313229      303129       
 1182621.7257  0.6471 -3.3177 2  592.9256 61  43003 123313230      303130       
 1182669.2097  0.6240 -3.3086 2  592.9314 63  43003 123313231      303131       
 1182703.4772  0.6159 -3.3824 2  592.9361 65  43003 123313232      303132       
 1182731.2773  0.6152 -3.6004 2  592.9400 67  43003 123313233      303133       
 1182810.1003  0.6610 -1.1282 2  592.8905 57  43003 123313128      303027       
 1182812.8457  0.6572 -1.0564 2  592.8263 67  43003 123313133      303032       
 1182815.8439  0.6477 -1.0705 2  592.8307 65  43003 123313132      303031       
 1182819.1048  0.6387 -1.0846 2  592.8363 63  43003 123313131      303030       
 1182823.0457  0.6297 -1.0988 2  592.8435 61  43003 123313130      303029       
 1182828.8535  0.6201 -1.1129 2  592.8533 59  43003 123313129      303028       
 1182832.8794  0.6048 -1.1140 2  592.9086 59  43003 123313229      303128       
 1182838.6322  0.6061 -1.1000 2  592.9183 61  43003 123313230      303129       
 1182842.5251  0.6087 -1.0859 2  592.9256 63  43003 123313231      303130       
 1182845.7330  0.6121 -1.0719 2  592.9314 65  43003 123313232      303131       
 1182848.6604  0.6163 -1.0578 2  592.9361 67  43003 123313233      303132       
 1182851.5224  0.6211 -1.0438 2  592.9400 69  43003 123313234      303133       
 1182948.5664  0.6040 -3.7497 2  592.8263 65  43003 123313132      303032       
 1182987.3049  0.6036 -3.5673 2  592.8307 63  43003 123313131      303031       
 1183038.8624  0.6207 -3.5549 2  592.8363 61  43003 123313130      303030       
 1183123.5746  0.6892 -3.6989 2  592.8435 59  43003 123313129      303029       
 1220133.4014  2.6279 -3.7361 2  632.3637 59  43003 123323229      313229       
 1220424.1732  0.7974 -3.4878 2  632.3736 61  43003 123323330      313230       
 1220506.7754  0.7141 -3.3887 2  632.3810 63  43003 123323331      313231       
 1220554.7815  0.6900 -3.3792 2  632.3868 65  43003 123323332      313232       
 1220589.2038  0.6813 -3.4527 2  632.3917 67  43003 123323333      313233       
 1220616.9560  0.6803 -3.6706 2  632.3957 69  43003 123323334      313234       
 1220699.1749  0.7284 -1.1690 2  632.3448 59  43003 123323229      313128       
 1220701.8156  0.7243 -1.0995 2  632.2806 69  43003 123323234      313133       
 1220704.6944  0.7147 -1.1131 2  632.2852 67  43003 123323233      313132       
 1220707.8248  0.7054 -1.1268 2  632.2909 65  43003 123323232      313131       
 1220711.5984  0.6963 -1.1405 2  632.2982 63  43003 123323231      313130       
 1220717.1323  0.6866 -1.1542 2  632.3083 61  43003 123323230      313129       
 1220722.0911  0.6689 -1.1552 2  632.3637 61  43003 123323330      313229       
 1220727.5748  0.6702 -1.1416 2  632.3736 63  43003 123323331      313230       
 1220731.3047  0.6728 -1.1280 2  632.3810 65  43003 123323332      313231       
 1220734.3869  0.6763 -1.1144 2  632.3868 67  43003 123323333      313232       
 1220737.2011  0.6804 -1.1008 2  632.3917 69  43003 123323334      313233       
 1220739.9481  0.6852 -1.0873 2  632.3957 71  43003 123323335      313234       
 1220879.2858  0.6660 -3.6362 2  632.2852 65  43003 123323232      313132       
 1220931.3561  0.6827 -3.6233 2  632.2909 63  43003 123323231      313131       
 1258282.4366  0.8713 -3.5633 2  673.0927 63  43003 123333431      323331       
 1258366.5267  0.7854 -3.4629 2  673.1002 65  43003 123333432      323332       
 1258415.0210  0.7603 -3.4529 2  673.1062 67  43003 123333433      323333       
 1258449.5889  0.7512 -3.5261 2  673.1111 69  43003 123333434      323334       
 1258562.8243  0.8001 -1.2138 2  673.0629 61  43003 123333330      323229       
 1258565.3635  0.7958 -1.1464 2  672.9989 71  43003 123333335      323234       
 1258568.1267  0.7860 -1.1597 2  673.0035 69  43003 123333334      323233       
 1258571.1302  0.7765 -1.1729 2  673.0093 67  43003 123333333      323232       
 1258574.7403  0.7672 -1.1862 2  673.0168 65  43003 123333332      323231       
 1258580.0042  0.7574 -1.1995 2  673.0270 63  43003 123333331      323230       
 1258585.8382  0.7372 -1.2004 2  673.0826 63  43003 123333431      323330       
 1258591.0560  0.7386 -1.1872 2  673.0927 65  43003 123333432      323331       
 1258594.6265  0.7412 -1.1741 2  673.1002 67  43003 123333433      323332       
 1258597.5862  0.7446 -1.1609 2  673.1062 69  43003 123333434      323333       
 1258600.2903  0.7488 -1.1477 2  673.1111 71  43003 123333435      323334       
 1258602.9264  0.7536 -1.1345 2  673.1152 73  43003 123333436      323335       
 1258745.7216  0.7326 -3.7083 2  673.0035 67  43003 123333333      323233       
 1258798.2716  0.7488 -3.6948 2  673.0093 65  43003 123333332      323232       
 1296114.7050  0.9490 -3.6418 2  715.0748 65  43003 123343532      333432       
 1296200.1812  0.8612 -3.5400 2  715.0824 67  43003 123343533      333433       
 1296249.1308  0.8352 -3.5295 2  715.0885 69  43003 123343534      333434       
 1296283.8349  0.8255 -3.6026 2  715.0935 71  43003 123343535      333435       
 1296400.2535  0.8762 -1.2625 2  715.0441 63  43003 123343431      333330       
 1296402.6944  0.8717 -1.1971 2  714.9801 73  43003 123343436      333335       
 1296405.3456  0.8617 -1.2100 2  714.9848 71  43003 123343435      333334       
 1296408.2256  0.8521 -1.2229 2  714.9907 69  43003 123343434      333333       
 1296411.6765  0.8426 -1.2357 2  714.9983 67  43003 123343433      333332       
 1296416.6752  0.8328 -1.2487 2  715.0087 65  43003 123343432      333331       
 1296423.3245  0.8099 -1.2495 2  715.0645 65  43003 123343532      333431       
 1296428.2811  0.8114 -1.2367 2  715.0748 67  43003 123343533      333432       
 1296431.6960  0.8140 -1.2239 2  715.0824 69  43003 123343534      333433       
 1296434.5362  0.8174 -1.2112 2  715.0885 71  43003 123343535      333434       
 1296437.1333  0.8215 -1.1984 2  715.0935 73  43003 123343536      333435       
 1296439.6625  0.8262 -1.1856 2  715.0977 75  43003 123343537      333436       
 1334006.9405  0.9414 -3.6201 2  758.3267 69  43003 123353634      343534       
 1334056.3132  0.9147 -3.6092 2  758.3329 71  43003 123353635      343535       
 1334091.1440  0.9046 -3.6820 2  758.3380 73  43003 123353636      343536       
 1334210.6677  0.9569 -1.3150 2  758.2873 65  43003 123353532      343431       
 1334213.0131  0.9523 -1.2516 2  758.2234 75  43003 123353537      343436       
 1334215.5558  0.9421 -1.2641 2  758.2282 73  43003 123353536      343435       
 1334218.3157  0.9322 -1.2766 2  758.2343 71  43003 123353535      343434       
 1334221.6117  0.9226 -1.2891 2  758.2420 69  43003 123353534      343433       
 1334226.3512  0.9128 -1.3016 2  758.2525 67  43003 123353533      343432       
 1334233.7543  0.8872 -1.3024 2  758.3085 67  43003 123353633      343532       
 1334238.4553  0.8886 -1.2900 2  758.3189 69  43003 123353634      343533       
 1334241.7186  0.8912 -1.2776 2  758.3267 71  43003 123353635      343534       
 1334244.4425  0.8946 -1.2652 2  758.3329 73  43003 123353636      343535       
 1334246.9357  0.8986 -1.2528 2  758.3380 75  43003 123353637      343536       
 1334249.3616  0.9034 -1.2404 2  758.3422 77  43003 123353638      343537       
 1371993.2718  1.0424 -1.3713 2  802.7918 67  43003 123363633      353532       
 1371995.5246  1.0375 -1.3097 2  802.7280 77  43003 123363638      353537       
 1371997.9621  1.0271 -1.3218 2  802.7329 75  43003 123363637      353536       
 1372000.6054  1.0171 -1.3340 2  802.7390 73  43003 123363636      353535       
 1372003.7510  1.0073 -1.3461 2  802.7468 71  43003 123363635      353534       
 1372008.2379  0.9976 -1.3583 2  802.7575 69  43003 123363634      353533       
 1372016.3321  0.9691 -1.3591 2  802.8137 69  43003 123363734      353633       
 1372020.7839  0.9705 -1.3470 2  802.8244 71  43003 123363735      353634       
 1372023.8999  0.9731 -1.3350 2  802.8322 73  43003 123363736      353635       
 1372026.5105  0.9764 -1.3229 2  802.8385 75  43003 123363737      353636       
 1372028.9028  0.9805 -1.3108 2  802.8437 77  43003 123363738      353637       
 1372031.2289  0.9852 -1.2988 2  802.8480 79  43003 123363739      353638       
 1409747.2710  1.1327 -1.4313 2  848.5566 69  43003 123373734      363633       
 1409749.4337  1.1277 -1.3714 2  848.4928 79  43003 123373739      363638       
 1409751.7693  1.1171 -1.3832 2  848.4978 77  43003 123373738      363637       
 1409754.2993  1.1069 -1.3950 2  848.5040 75  43003 123373737      363636       
 1409757.2989  1.0970 -1.4069 2  848.5119 73  43003 123373736      363635       
 1409761.5408  1.0873 -1.4187 2  848.5228 71  43003 123373735      363634       
 1409770.2626  1.0557 -1.4194 2  848.5793 71  43003 123373835      363734       
 1409774.4724  1.0572 -1.4077 2  848.5900 73  43003 123373836      363735       
 1409777.4453  1.0597 -1.3960 2  848.5980 75  43003 123373837      363736       
 1409779.9457  1.0630 -1.3842 2  848.6043 77  43003 123373838      363737       
 1409782.2398  1.0670 -1.3725 2  848.6096 79  43003 123373839      363738       
 1409784.4694  1.0717 -1.3607 2  848.6140 81  43003 123373840      363739       
 1447471.8702  1.2281 -1.4950 2  895.5807 71  43003 123383835      373734       
 1447473.9455  1.2228 -1.4367 2  895.5170 81  43003 123383840      373739       
 1447476.1822  1.2120 -1.4482 2  895.5221 79  43003 123383839      373738       
 1447478.6022  1.2016 -1.4597 2  895.5284 77  43003 123383838      373737       
 1447481.4604  1.1915 -1.4712 2  895.5364 75  43003 123383837      373736       
 1447485.4651  1.1820 -1.4827 2  895.5474 73  43003 123383836      373735       
 1447494.7507  1.1473 -1.4834 2  895.6041 73  43003 123383936      373835       
 1447498.7262  1.1488 -1.4720 2  895.6151 75  43003 123383937      373836       
 1447501.5603  1.1513 -1.4606 2  895.6231 77  43003 123383938      373837       
 1447503.9535  1.1545 -1.4491 2  895.6295 79  43003 123383939      373838       
 1447506.1523  1.1585 -1.4377 2  895.6349 81  43003 123383940      373839       
 1447508.2883  1.1632 -1.4263 2  895.6394 83  43003 123383941      373840       
 1485166.2746  1.3285 -1.5622 2  943.8631 73  43003 123393936      383835       
 1485168.2649  1.3230 -1.5054 2  943.7996 83  43003 123393941      383840       
 1485170.4055  1.3120 -1.5166 2  943.8047 81  43003 123393940      383839       
 1485172.7187  1.3014 -1.5278 2  943.8110 79  43003 123393939      383838       
 1485175.4400  1.2913 -1.5391 2  943.8191 77  43003 123393938      383837       
 1485179.2160  1.2818 -1.5503 2  943.8303 75  43003 123393937      383836       
 1485189.0014  1.2439 -1.5509 2  943.8874 75  43003 123394037      383936       
 1485192.7507  1.2454 -1.5398 2  943.8984 77  43003 123394038      383937       
 1485195.4504  1.2478 -1.5287 2  943.9065 79  43003 123394039      383938       
 1485197.7394  1.2511 -1.5175 2  943.9131 81  43003 123394040      383939       
 1485199.8455  1.2550 -1.5064 2  943.9185 83  43003 123394041      383940       
 1485201.8908  1.2596 -1.4953 2  943.9231 85  43003 123394042      383941       
 1522829.6892  1.4343 -1.6330 2  993.4029 75  43003 123404037      393936       
 1522831.5967  1.4285 -1.5776 2  993.3394 85  43003 123404042      393941       
 1522833.6441  1.4173 -1.5885 2  993.3446 83  43003 123404041      393940       
 1522835.8536  1.4065 -1.5995 2  993.3511 81  43003 123404040      393939       
 1522838.4425  1.3962 -1.6104 2  993.3593 79  43003 123404039      393938       
 1522841.9983  1.3869 -1.6214 2  993.3705 77  43003 123404038      393937       
 1522852.2200  1.3457 -1.6220 2  993.4279 77  43003 123404138      394037       
 1522855.7516  1.3471 -1.6111 2  993.4391 79  43003 123404139      394038       
 1522858.3211  1.3496 -1.6003 2  993.4473 81  43003 123404140      394039       
 1522860.5088  1.3528 -1.5894 2  993.4539 83  43003 123404141      394040       
 1522862.5246  1.3567 -1.5786 2  993.4594 85  43003 123404142      394041       
 1522864.4821  1.3612 -1.5677 2  993.4641 87  43003 123404143      394042       
 1560461.3192  1.5454 -1.7072 2 1044.1991 77  43003 123414138      404037       
 1560463.1461  1.5394 -1.6532 2 1044.1356 87  43003 123414143      404042       
 1560465.1029  1.5280 -1.6639 2 1044.1409 85  43003 123414142      404041       
 1560467.2117  1.5170 -1.6746 2 1044.1474 83  43003 123414141      404040       
 1560469.6725  1.5066 -1.6852 2 1044.1557 81  43003 123414140      404039       
 1560473.0170  1.4973 -1.6959 2 1044.1671 79  43003 123414139      404038       
 1560483.6118  1.4528 -1.6965 2 1044.2248 79  43003 123414239      404138       
 1560486.9343  1.4542 -1.6859 2 1044.2361 81  43003 123414240      404139       
 1560489.3778  1.4566 -1.6753 2 1044.2444 83  43003 123414241      404140       
 1560491.4672  1.4598 -1.6648 2 1044.2511 85  43003 123414242      404141       
 1560493.3951  1.4636 -1.6542 2 1044.2567 87  43003 123414243      404142       
 1560495.2671  1.4681 -1.6436 2 1044.2614 89  43003 123414244      404143       
 1598060.3696  1.6620 -1.7849 2 1096.2505 79  43003 123424239      414138       
 1598062.1179  1.6558 -1.7322 2 1096.1871 89  43003 123424244      414143       
 1598063.9866  1.6442 -1.7426 2 1096.1924 87  43003 123424243      414142       
 1598065.9976  1.6330 -1.7530 2 1096.1990 85  43003 123424242      414141       
 1598068.3347  1.6224 -1.7635 2 1096.2074 83  43003 123424241      414140       
 1598071.4767  1.6132 -1.7739 2 1096.2188 81  43003 123424240      414139       
 1598082.3823  1.5654 -1.7744 2 1096.2770 81  43003 123424340      414239       
 1598085.5044  1.5667 -1.7641 2 1096.2884 83  43003 123424341      414240       
 1598087.8262  1.5691 -1.7538 2 1096.2967 85  43003 123424342      414241       
 1598089.8198  1.5722 -1.7435 2 1096.3035 87  43003 123424343      414242       
 1598091.6623  1.5760 -1.7331 2 1096.3091 89  43003 123424344      414243       
 1598093.4512  1.5805 -1.7228 2 1096.3139 91  43003 123424345      414244       
 1635626.0456  1.7844 -1.8660 2 1149.5560 81  43003 123434340      424239       
 1635627.7171  1.7779 -1.8146 2 1149.4927 91  43003 123434345      424244       
 1635629.5000  1.7660 -1.8247 2 1149.4981 89  43003 123434344      424243       
 1635631.4160  1.7547 -1.8349 2 1149.5047 87  43003 123434343      424242       
 1635633.6336  1.7439 -1.8451 2 1149.5132 85  43003 123434342      424241       
 1635636.5820  1.7348 -1.8553 2 1149.5248 83  43003 123434341      424240       
 1635647.7371  1.6835 -1.8557 2 1149.5833 83  43003 123434441      424340       
 1635650.6676  1.6848 -1.8457 2 1149.5947 85  43003 123434442      424341       
 1635652.8716  1.6871 -1.8356 2 1149.6032 87  43003 123434443      424342       
 1635654.7722  1.6902 -1.8255 2 1149.6100 89  43003 123434444      424343       
 1635656.5313  1.6939 -1.8154 2 1149.6157 91  43003 123434445      424344       
 1635658.2394  1.6984 -1.8053 2 1149.6205 93  43003 123434446      424345       
 1673157.5521  1.9125 -1.9504 2 1204.1146 83  43003 123444441      434340       
 1673159.1487  1.9058 -1.9002 2 1204.0514 93  43003 123444446      434345       
 1673160.8481  1.8937 -1.9101 2 1204.0568 91  43003 123444445      434344       
 1673162.6717  1.8821 -1.9200 2 1204.0635 89  43003 123444444      434343       
 1673164.7739  1.8712 -1.9300 2 1204.0720 87  43003 123444443      434342       
 1673167.5375  1.8621 -1.9400 2 1204.0837 85  43003 123444442      434341       
 1673178.8818  1.8073 -1.9404 2 1204.1426 85  43003 123444542      434441       
 1673181.6293  1.8086 -1.9306 2 1204.1542 87  43003 123444543      434442       
 1673183.7197  1.8108 -1.9207 2 1204.1627 89  43003 123444544      434443       
 1673185.5296  1.8138 -1.9109 2 1204.1696 91  43003 123444545      434444       
 1673187.2075  1.8176 -1.9010 2 1204.1753 93  43003 123444546      434445       
 1673188.8368  1.8220 -1.8912 2 1204.1802 95  43003 123444547      434446       
 1710654.0943  2.0465 -2.0382 2 1259.9252 85  43003 123454542      444441       
 1710655.6177  2.0396 -1.9891 2 1259.8619 95  43003 123454547      444446       
 1710657.2357  2.0272 -1.9988 2 1259.8674 93  43003 123454546      444445       
 1710658.9695  2.0154 -2.0085 2 1259.8742 91  43003 123454545      444444       
 1710660.9602  2.0043 -2.0182 2 1259.8828 89  43003 123454544      444443       
 1710663.5476  1.9953 -2.0280 2 1259.8946 87  43003 123454543      444442       
 1710675.0222  1.9369 -2.0284 2 1259.9538 87  43003 123454643      444542       
 1710677.5954  1.9382 -2.0188 2 1259.9655 89  43003 123454644      444543       
 1710679.5757  1.9404 -2.0092 2 1259.9741 91  43003 123454645      444544       
 1710681.2976  1.9433 -1.9995 2 1259.9811 93  43003 123454646      444545       
 1710682.8961  1.9470 -1.9899 2 1259.9869 95  43003 123454647      444546       
 1710684.4485  1.9514 -1.9803 2 1259.9918 97  43003 123454648      444547       
 1748114.8774  2.1867 -2.1292 2 1316.9864 87  43003 123464643      454542       
 1748116.3291  2.1794 -2.0812 2 1316.9233 97  43003 123464648      454547       
 1748117.8677  2.1668 -2.0907 2 1316.9288 95  43003 123464647      454546       
 1748119.5140  2.1548 -2.1002 2 1316.9357 93  43003 123464646      454545       
 1748121.3970  2.1435 -2.1097 2 1316.9443 91  43003 123464645      454544       
 1748123.8167  2.1345 -2.1193 2 1316.9562 89  43003 123464644      454543       
 1748135.3642  2.0725 -2.1197 2 1317.0158 89  43003 123464744      454643       
 1748137.7712  2.0738 -2.1103 2 1317.0276 91  43003 123464745      454644       
 1748139.6454  2.0759 -2.1008 2 1317.0362 93  43003 123464746      454645       
 1748141.2814  2.0788 -2.0914 2 1317.0432 95  43003 123464747      454646       
 1748142.8024  2.0824 -2.0820 2 1317.0491 97  43003 123464748      454647       
 1748144.2798  2.0868 -2.0726 2 1317.0541 99  43003 123464749      454648       
 1785539.1063  2.3330 -2.2235 2 1375.2973 89  43003 123474744      464643       
 1785540.4878  2.3255 -2.1765 2 1375.2342 99  43003 123474749      464648       
 1785541.9488  2.3126 -2.1858 2 1375.2398 97  43003 123474748      464647       
 1785543.5101  2.3003 -2.1951 2 1375.2467 95  43003 123474747      464646       
 1785545.2890  2.2889 -2.2044 2 1375.2554 93  43003 123474746      464645       
 1785547.5492  2.2799 -2.2138 2 1375.2673 91  43003 123474745      464644       
 1785559.1136  2.2143 -2.2142 2 1375.3273 91  43003 123474845      464744       
 1785561.3626  2.2155 -2.2050 2 1375.3392 93  43003 123474846      464745       
 1785563.1340  2.2175 -2.1957 2 1375.3479 95  43003 123474847      464746       
 1785564.6864  2.2204 -2.1865 2 1375.3550 97  43003 123474848      464747       
 1785566.1317  2.2240 -2.1773 2 1375.3609 99  43003 123474849      464748       
 1785567.5357  2.2283 -2.1681 2 1375.3659101  43003 123474850      464749       
 1822925.9863  2.4856 -2.3210 2 1434.8565 91  43003 123484845      474744       
 1822927.2989  2.4779 -2.2750 2 1434.7934101  43003 123484850      474749       
 1822928.6841  2.4647 -2.2841 2 1434.7990 99  43003 123484849      474748       
 1822930.1624  2.4521 -2.2932 2 1434.8060 97  43003 123484848      474747       
 1822931.8406  2.4405 -2.3024 2 1434.8147 95  43003 123484847      474746       
 1822933.9492  2.4314 -2.3115 2 1434.8268 93  43003 123484846      474745       
 1822945.4763  2.3622 -2.3119 2 1434.8872 93  43003 123484946      474845       
 1822947.5751  2.3634 -2.3029 2 1434.8991 95  43003 123484947      474846       
 1822949.2472  2.3654 -2.2938 2 1434.9079 97  43003 123484948      474847       
 1822950.7180  2.3682 -2.2848 2 1434.9150 99  43003 123484949      474848       
 1822952.0892  2.3717 -2.2758 2 1434.9209101  43003 123484950      474849       
 1822953.4213  2.3760 -2.2668 2 1434.9260103  43003 123484951      474850       
 1860274.7224  2.6448 -2.4217 2 1495.6627 93  43003 123494946      484845       
 1860275.9674  2.6367 -2.3767 2 1495.5997103  43003 123494951      484850       
 1860277.2783  2.6232 -2.3856 2 1495.6054101  43003 123494950      484849       
 1860278.6758  2.6104 -2.3945 2 1495.6124 99  43003 123494949      484848       
 1860280.2566  2.5985 -2.4035 2 1495.6212 97  43003 123494948      484847       
 1860282.2212  2.5894 -2.4124 2 1495.6333 95  43003 123494947      484846       
 1860293.6582  2.5165 -2.4128 2 1495.6941 95  43003 123495047      484946       
 1860295.6143  2.5177 -2.4039 2 1495.7061 97  43003 123495048      484947       
 1860297.1903  2.5196 -2.3951 2 1495.7149 99  43003 123495049      484948       
 1860298.5816  2.5224 -2.3863 2 1495.7221101  43003 123495050      484949       
 1860299.8801  2.5258 -2.3774 2 1495.7281103  43003 123495051      484950       
 1860301.1418  2.5300 -2.3686 2 1495.7332105  43003 123495052      484951       
 1897584.5196  2.8105 -2.5256 2 1557.7148 95  43003 123505047      494946       
 1897585.6982  2.8021 -2.4815 2 1557.6518105  43003 123505052      494951       
 1897586.9364  2.7883 -2.4902 2 1557.6576103  43003 123505051      494950       
 1897588.2549  2.7752 -2.4989 2 1557.6646101  43003 123505050      494949       
 1897589.7415  2.7631 -2.5077 2 1557.6735 99  43003 123505049      494948       
 1897591.5692  2.7539 -2.5165 2 1557.6856 97  43003 123505048      494947       
 1897602.8654  2.6774 -2.5168 2 1557.7468 97  43003 123505148      495047       
 1897604.6860  2.6785 -2.5082 2 1557.7589 99  43003 123505149      495048       
 1897606.1688  2.6804 -2.4995 2 1557.7678101  43003 123505150      495049       
 1897607.4824  2.6830 -2.4909 2 1557.7750103  43003 123505151      495050       
 1897608.7097  2.6864 -2.4822 2 1557.7810105  43003 123505152      495051       
 1897609.9023  2.6906 -2.4735 2 1557.7862107  43003 123505153      495052       
 1934854.5832  2.9830 -2.6326 2 1621.0114 97  43003 123515148      505047       
 1934855.6963  2.9742 -2.5894 2 1620.9485107  43003 123515153      505052       
 1934856.8633  2.9601 -2.5979 2 1620.9542105  43003 123515152      505051       
 1934858.1045  2.9468 -2.6065 2 1620.9613103  43003 123515151      505050       
 1934859.4999  2.9344 -2.6151 2 1620.9703101  43003 123515150      505049       
 1934861.1976  2.9250 -2.6237 2 1620.9825 99  43003 123515149      505048       
 1934872.3038  2.8449 -2.6240 2 1621.0440 99  43003 123515249      505148       
 1934873.9956  2.8459 -2.6155 2 1621.0561101  43003 123515250      505149       
 1934875.3883  2.8477 -2.6071 2 1621.0651103  43003 123515251      505150       
 1934876.6258  2.8503 -2.5986 2 1621.0723105  43003 123515252      505151       
 1934877.7832  2.8537 -2.5901 2 1621.0784107  43003 123515253      505152       
 1934878.9079  2.8578 -2.5816 2 1621.0836109  43003 123515254      505153       
 1972084.1183  3.1623 -2.7428 2 1685.5512 99  43003 123525249      515148       
 1972085.1669  3.1532 -2.7003 2 1685.4883109  43003 123525254      515153       
 1972086.2638  3.1388 -2.7087 2 1685.4941107  43003 123525253      515152       
 1972087.4295  3.1251 -2.7171 2 1685.5012105  43003 123525252      515151       
 1972088.7363  3.1124 -2.7256 2 1685.5102103  43003 123525251      515150       
 1972090.3106  3.1029 -2.7340 2 1685.5225101  43003 123525250      515149       
 1972101.1794  3.0191 -2.7343 2 1685.5844101  43003 123525350      515249       
 1972102.7490  3.0201 -2.7260 2 1685.5966103  43003 123525351      515250       
 1972104.0541  3.0219 -2.7177 2 1685.6056105  43003 123525352      515251       
 1972105.2171  3.0244 -2.7094 2 1685.6129107  43003 123525353      515252       
 1972106.3058  3.0277 -2.7010 2 1685.6190109  43003 123525354      515253       
 1972107.3638  3.0318 -2.6927 2 1685.6242111  43003 123525355      515254       
 2009272.3298  3.3486 -2.8560 2 1751.3329101  43003 123535350      525249       
 2009273.3148  3.3392 -2.8144 2 1751.2700111  43003 123535355      525254       
 2009274.3428  3.3244 -2.8226 2 1751.2758109  43003 123535354      525253       
 2009275.4345  3.3104 -2.8309 2 1751.2830107  43003 123535353      525252       
 2009276.6553  3.2974 -2.8391 2 1751.2920105  43003 123535352      525251       
 2009278.1124  3.2877 -2.8474 2 1751.3044103  43003 123535351      525250       
 2009288.6983  3.2003 -2.8477 2 1751.3666103  43003 123535451      525350       
 2009290.1516  3.2012 -2.8396 2 1751.3789105  43003 123535452      525351       
 2009291.3718  3.2029 -2.8314 2 1751.3879107  43003 123535453      525352       
 2009292.4618  3.2054 -2.8232 2 1751.3952109  43003 123535454      525353       
 2009293.4828  3.2086 -2.8151 2 1751.4014111  43003 123535455      525354       
 2009294.4750  3.2126 -2.8069 2 1751.4067113  43003 123535456      525355       
 2046418.4230  3.5421 -2.9723 2 1818.3550103  43003 123545451      535350       
 2046419.3452  3.5323 -2.9315 2 1818.2921113  43003 123545456      535355       
 2046420.3053  3.5171 -2.9395 2 1818.2980111  43003 123545455      535354       
 2046421.3244  3.5028 -2.9476 2 1818.3052109  43003 123545454      535353       
 2046422.4616  3.4895 -2.9557 2 1818.3143107  43003 123545453      535352       
 2046423.8072  3.4795 -2.9639 2 1818.3267105  43003 123545452      535351       
 2046434.0664  3.3886 -2.9642 2 1818.3893105  43003 123545552      535451       
 2046435.4092  3.3894 -2.9562 2 1818.4016107  43003 123545553      535452       
 2046436.5467  3.3910 -2.9482 2 1818.4106109  43003 123545554      535453       
 2046437.5651  3.3934 -2.9401 2 1818.4180111  43003 123545555      535454       
 2046438.5194  3.3965 -2.9321 2 1818.4242113  43003 123545556      535455       
 2046439.4467  3.4005 -2.9241 2 1818.4295115  43003 123545557      535456       
 2083521.6030  3.7428 -3.0916 2 1886.6161105  43003 123555552      545451       
 2083522.4629  3.7326 -3.0515 2 1886.5533115  43003 123555557      545456       
 2083523.3562  3.7171 -3.0595 2 1886.5593113  43003 123555556      545455       
 2083524.3039  3.7024 -3.0674 2 1886.5665111  43003 123555555      545454       
 2083525.3597  3.6887 -3.0754 2 1886.5756109  43003 123555554      545453       
 2083526.5991  3.6784 -3.0834 2 1886.5880107  43003 123555553      545452       
 2083536.4898  3.5840 -3.0837 2 1886.6510107  43003 123555653      545552       
 2083537.7274  3.5847 -3.0758 2 1886.6633109  43003 123555654      545553       
 2083538.7843  3.5862 -3.0679 2 1886.6724111  43003 123555655      545554       
 2083539.7323  3.5885 -3.0601 2 1886.6798113  43003 123555656      545555       
 2083540.6209  3.5917 -3.0522 2 1886.6860115  43003 123555657      545556       
 2083541.4839  3.5956 -3.0443 2 1886.6914117  43003 123555658      545557       
 2120581.0748  3.9510 -3.2140 2 1956.1149107  43003 123565653      555552       
 2120581.8731  3.9403 -3.1746 2 1956.0521117  43003 123565658      555557       
 2120582.7003  3.9244 -3.1824 2 1956.0581115  43003 123565657      555556       
 2120583.5779  3.9093 -3.1902 2 1956.0654113  43003 123565656      555555       
 2120584.5543  3.8953 -3.1981 2 1956.0745111  43003 123565655      555554       
 2120585.6924  3.8847 -3.2059 2 1956.0870109  43003 123565654      555553       
 2120595.1745  3.7867 -3.2062 2 1956.1503109  43003 123565754      555653       
 2120596.3117  3.7874 -3.1985 2 1956.1626111  43003 123565755      555654       
 2120597.2901  3.7888 -3.1908 2 1956.1718113  43003 123565756      555655       
 2120598.1687  3.7910 -3.1830 2 1956.1792115  43003 123565757      555656       
 2120598.9923  3.7941 -3.1753 2 1956.1855117  43003 123565758      555657       
 2120599.7919  3.7979 -3.1676 2 1956.1909119  43003 123565759      555658       
