0.000000e+00 -0.237881 0.168371
1.084625e+00 -0.221897 0.186214
2.169249e+00 -0.205182 0.202382
3.253874e+00 -0.187826 0.216870
4.338498e+00 -0.169893 0.229687
5.423123e+00 -0.151421 0.240844
6.507748e+00 -0.132429 0.250357
7.592372e+00 -0.112918 0.258245
8.676997e+00 -0.092880 0.264524
9.761621e+00 -0.072303 0.269208
1.084625e+01 -0.051176 0.272309
1.193087e+01 -0.029497 0.273838
1.301550e+01 -0.007277 0.273799
1.410012e+01 0.015452 0.272198
1.518474e+01 0.038636 0.269038
1.626937e+01 0.062192 0.264323
1.735399e+01 0.086010 0.258059
1.843862e+01 0.109946 0.250255
1.952324e+01 0.133830 0.240926
2.060787e+01 0.157462 0.230095
2.169249e+01 0.180617 0.217794
2.277712e+01 0.203052 0.204063
2.386174e+01 0.224509 0.188957
2.494637e+01 0.244723 0.172540
2.603099e+01 0.263427 0.154889
2.711561e+01 0.280362 0.136095
2.820024e+01 0.295284 0.116258
2.928486e+01 0.307969 0.095490
3.036949e+01 0.318223 0.073912
3.145411e+01 0.325884 0.051653
3.253874e+01 0.330829 0.028846
3.362336e+01 0.332976 0.005632
3.470799e+01 0.332286 -0.017849
3.579261e+01 0.328764 -0.041456
3.687724e+01 0.322454 -0.065048
3.796186e+01 0.313443 -0.088487
3.904649e+01 0.301849 -0.111634
4.013111e+01 0.287821 -0.134358
4.121573e+01 0.271534 -0.156527
4.230036e+01 0.253178 -0.178012
4.338498e+01 0.232954 -0.198683
4.446961e+01 0.211068 -0.218412
4.555423e+01 0.187725 -0.237067
4.663886e+01 0.163122 -0.254514
4.772348e+01 0.137446 -0.270611
4.880811e+01 0.110870 -0.285212
4.989273e+01 0.083551 -0.298163
5.097736e+01 0.055631 -0.309303
5.206198e+01 0.027238 -0.318465
5.314661e+01 -0.001512 -0.325476
5.423123e+01 -0.030510 -0.330160
5.531585e+01 -0.059650 -0.332342
5.640048e+01 -0.088821 -0.331851
5.748510e+01 -0.117907 -0.328528
5.856973e+01 -0.146774 -0.322225
5.965435e+01 -0.175269 -0.312817
6.073898e+01 -0.203215 -0.300207
6.182360e+01 -0.230406 -0.284331
6.290823e+01 -0.256604 -0.265165
6.399285e+01 -0.281541 -0.242732
6.507748e+01 -0.304921 -0.217104
6.616210e+01 -0.326418 -0.188410
6.724672e+01 -0.345687 -0.156836
6.833135e+01 -0.362367 -0.122626
6.941597e+01 -0.376091 -0.086086
7.050060e+01 -0.386498 -0.047577
7.158522e+01 -0.393239 -0.007518
7.266985e+01 -0.395994 0.033625
7.375447e+01 -0.394482 0.075342
7.483910e+01 -0.388472 0.117087
7.592372e+01 -0.377794 0.158287
7.700835e+01 -0.362351 0.198356
7.809297e+01 -0.342127 0.236699
7.917760e+01 -0.317192 0.272730
8.026222e+01 -0.287707 0.305881
8.134684e+01 -0.253927 0.335614
8.243147e+01 -0.216200 0.361434
8.351609e+01 -0.174963 0.382896
8.460072e+01 -0.130735 0.399619
8.568534e+01 -0.084113 0.411293
8.676997e+01 -0.035754 0.417687
8.785459e+01 0.013629 0.418653
8.893922e+01 0.063290 0.414131
9.002384e+01 0.112460 0.404152
9.110847e+01 0.160364 0.388835
9.219309e+01 0.206242 0.368391
9.327771e+01 0.249360 0.343110
9.436234e+01 0.289029 0.313367
9.544696e+01 0.324620 0.279605
9.653159e+01 0.355578 0.242332
9.761621e+01 0.381432 0.202109
9.870084e+01 0.401804 0.159539
9.978546e+01 0.416420 0.115256
1.008701e+02 0.425111 0.069914
1.019547e+02 0.427816 0.024172
1.030393e+02 0.424583 -0.021316
1.041240e+02 0.415563 -0.065915
1.052086e+02 0.401009 -0.109018
1.062932e+02 0.381264 -0.150057
1.073778e+02 0.356753 -0.188514
1.084625e+02 0.327974 -0.223925
1.095471e+02 0.295481 -0.255891
1.106317e+02 0.259875 -0.284080
1.117163e+02 0.221788 -0.308232
1.128010e+02 0.181869 -0.328158
1.138856e+02 0.140769 -0.343744
1.149702e+02 0.099130 -0.354947
1.160548e+02 0.057571 -0.361791
1.171395e+02 0.016675 -0.364366
1.182241e+02 -0.023018 -0.362821
1.193087e+02 -0.061021 -0.357357
1.203933e+02 -0.096908 -0.348221
1.214780e+02 -0.130317 -0.335696
1.225626e+02 -0.160954 -0.320096
1.236472e+02 -0.188596 -0.301757
1.247318e+02 -0.213088 -0.281028
1.258165e+02 -0.234342 -0.258264
1.269011e+02 -0.252333 -0.233817
1.279857e+02 -0.267096 -0.208034
1.290703e+02 -0.278716 -0.181246
1.301550e+02 -0.287325 -0.153767
1.312396e+02 -0.293090 -0.125890
1.323242e+02 -0.296207 -0.097881
1.334088e+02 -0.296893 -0.069980
1.344934e+02 -0.295376 -0.042400
1.355781e+02 -0.291884 -0.015328
1.366627e+02 -0.286643 0.011078
1.377473e+02 -0.279866 0.036682
1.388319e+02 -0.271748 0.061371
1.399166e+02 -0.262459 0.085052
1.410012e+02 -0.252143 0.107648
1.420858e+02 -0.240915 0.129095
1.431704e+02 -0.228858 0.149341
1.442551e+02 -0.216027 0.168339
1.453397e+02 -0.202449 0.186047
1.464243e+02 -0.188124 0.202427
1.475089e+02 -0.173034 0.217438
1.485936e+02 -0.157146 0.231040
1.496782e+02 -0.140417 0.243191
1.507628e+02 -0.122803 0.253847
1.518474e+02 -0.104267 0.262960
1.529321e+02 -0.084780 0.270484
1.540167e+02 -0.064334 0.276371
1.551013e+02 -0.042944 0.280574
1.561859e+02 -0.020654 0.283053
1.572706e+02 0.002460 0.283769
1.583552e+02 0.026287 0.282696
1.594398e+02 0.050682 0.279813
1.605244e+02 0.075465 0.275114
1.616091e+02 0.100423 0.268606
1.626937e+02 0.125317 0.260308
1.637783e+02 0.149885 0.250259
1.648629e+02 0.173848 0.238508
1.659476e+02 0.196916 0.225123
1.670322e+02 0.218801 0.210185
1.681168e+02 0.239218 0.193789
1.692014e+02 0.257898 0.176040
1.702861e+02 0.274593 0.157054
1.713707e+02 0.289083 0.136952
1.724553e+02 0.301181 0.115860
1.735399e+02 0.310737 0.093908
1.746246e+02 0.317643 0.071224
1.757092e+02 0.321831 0.047936
1.767938e+02 0.323274 0.024168
1.778784e+02 0.321986 0.000040
1.789631e+02 0.318014 -0.024330
1.800477e+02 0.311439 -0.048827
1.811323e+02 0.302368 -0.073340
1.822169e+02 0.290926 -0.097755
1.833016e+02 0.277256 -0.121958
1.843862e+02 0.261505 -0.145827
1.854708e+02 0.243825 -0.169232
1.865554e+02 0.224366 -0.192034
1.876401e+02 0.203270 -0.214076
1.887247e+02 0.180671 -0.235189
1.898093e+02 0.156695 -0.255182
1.908939e+02 0.131454 -0.273849
1.919786e+02 0.105057 -0.290963
1.930632e+02 0.077603 -0.306285
1.941478e+02 0.049194 -0.319558
1.952324e+02 0.019936 -0.330519
1.963171e+02 -0.010057 -0.338900
1.974017e+02 -0.040650 -0.344438
1.984863e+02 -0.071691 -0.346878
1.995709e+02 -0.102997 -0.345986
2.006555e+02 -0.134352 -0.341555
2.017402e+02 -0.165506 -0.333413
2.028248e+02 -0.196172 -0.321435
2.039094e+02 -0.226025 -0.305548
2.049940e+02 -0.254704 -0.285738
2.060787e+02 -0.281818 -0.262059
2.071633e+02 -0.306953 -0.234634
2.082479e+02 -0.329675 -0.203661
2.093325e+02 -0.349546 -0.169412
2.104172e+02 -0.366132 -0.132230
2.115018e+02 -0.379016 -0.092532
2.125864e+02 -0.387812 -0.050797
2.136710e+02 -0.392177 -0.007564
2.147557e+02 -0.391823 0.036579
2.158403e+02 -0.386531 0.081005
2.169249e+02 -0.376162 0.125060
2.180095e+02 -0.360664 0.168076
2.190942e+02 -0.340079 0.209381
2.201788e+02 -0.314550 0.248320
2.212634e+02 -0.284317 0.284260
2.223480e+02 -0.249723 0.316610
2.234327e+02 -0.211206 0.344830
2.245173e+02 -0.169290 0.368445
2.256019e+02 -0.124581 0.387053
2.266865e+02 -0.077751 0.400335
2.277712e+02 -0.029526 0.408063
2.288558e+02 0.019332 0.410103
2.299404e+02 0.068036 0.406418
2.310250e+02 0.115798 0.397068
2.321097e+02 0.161842 0.382213
2.331943e+02 0.205425 0.362104
2.342789e+02 0.245848 0.337078
2.353635e+02 0.282478 0.307556
2.364482e+02 0.314753 0.274028
2.375328e+02 0.342201 0.237045
2.386174e+02 0.364446 0.197206
2.397020e+02 0.381214 0.155150
2.407867e+02 0.392336 0.111537
2.418713e+02 0.397751 0.067038
2.429559e+02 0.397505 0.022323
2.440405e+02 0.391745 -0.021956
2.451252e+02 0.380712 -0.065171
2.462098e+02 0.364738 -0.106734
2.472944e+02 0.344227 -0.146106
2.483790e+02 0.319652 -0.182803
2.494637e+02 0.291538 -0.216405
2.505483e+02 0.260447 -0.246561
2.516329e+02 0.226970 -0.272993
2.527175e+02 0.191708 -0.295494
2.538022e+02 0.155260 -0.313933
2.548868e+02 0.118214 -0.328249
2.559714e+02 0.081131 -0.338450
2.570560e+02 0.044537 -0.344607
2.581407e+02 0.008914 -0.346848
2.592253e+02 -0.025307 -0.345353
2.603099e+02 -0.057754 -0.340341
2.613945e+02 -0.088113 -0.332067
2.624792e+02 -0.116136 -0.320814
2.635638e+02 -0.141637 -0.306877
2.646484e+02 -0.164494 -0.290566
2.657330e+02 -0.184645 -0.272188
2.668176e+02 -0.202083 -0.252049
2.679023e+02 -0.216851 -0.230441
2.689869e+02 -0.229040 -0.207643
2.700715e+02 -0.238774 -0.183914
2.711561e+02 -0.246210 -0.159490
2.722408e+02 -0.251526 -0.134587
2.733254e+02 -0.254910 -0.109395
2.744100e+02 -0.256559 -0.084083
2.754946e+02 -0.256665 -0.058800
2.765793e+02 -0.255408 -0.033674
2.776639e+02 -0.252953 -0.008820
2.787485e+02 -0.249443 0.015662
2.798331e+02 -0.244994 0.039680
2.809178e+02 -0.239690 0.063147
2.820024e+02 -0.233588 0.085981
2.830870e+02 -0.226711 0.108099
2.841716e+02 -0.219053 0.129417
2.852563e+02 -0.210584 0.149847
2.863409e+02 -0.201248 0.169296
2.874255e+02 -0.190976 0.187666
2.885101e+02 -0.179687 0.204857
2.895948e+02 -0.167298 0.220763
2.906794e+02 -0.153728 0.235277
2.917640e+02 -0.138911 0.248294
2.928486e+02 -0.122797 0.259711
2.939333e+02 -0.105363 0.269431
2.950179e+02 -0.086616 0.277365
2.961025e+02 -0.066596 0.283438
2.971871e+02 -0.045384 0.287588
2.982718e+02 -0.023097 0.289768
2.993564e+02 0.000108 0.289953
3.004410e+02 0.024039 0.288134
3.015256e+02 0.048470 0.284324
3.026103e+02 0.073149 0.278557
3.036949e+02 0.097799 0.270883
3.047795e+02 0.122134 0.261373
3.058641e+02 0.145858 0.250112
3.069488e+02 0.168678 0.237195
3.080334e+02 0.190309 0.222729
3.091180e+02 0.210483 0.206827
3.102026e+02 0.228956 0.189603
3.112873e+02 0.245514 0.171170
3.123719e+02 0.259972 0.151640
3.134565e+02 0.272184 0.131117
3.145411e+02 0.282039 0.109697
3.156258e+02 0.289465 0.087471
3.167104e+02 0.294420 0.064521
3.177950e+02 0.296898 0.040923
3.188796e+02 0.296919 0.016749
3.199643e+02 0.294525 -0.007928
3.210489e+02 0.289775 -0.033031
3.221335e+02 0.282741 -0.058477
3.232181e+02 0.273502 -0.084166
3.243028e+02 0.262140 -0.109983
3.253874e+02 0.248733 -0.135790
3.264720e+02 0.233359 -0.161419
3.275566e+02 0.216089 -0.186677
3.286413e+02 0.196990 -0.211335
3.297259e+02 0.176127 -0.235136
3.308105e+02 0.153565 -0.257790
3.318951e+02 0.129373 -0.278981
3.329797e+02 0.103631 -0.298368
3.340644e+02 0.076434 -0.315595
3.351490e+02 0.047900 -0.330299
3.362336e+02 0.018173 -0.342114
3.373182e+02 -0.012567 -0.350689
3.384029e+02 -0.044104 -0.355693
3.394875e+02 -0.076179 -0.356831
3.405721e+02 -0.108491 -0.353850
3.416567e+02 -0.140695 -0.346555
3.427414e+02 -0.172405 -0.334817
3.438260e+02 -0.203200 -0.318578
3.449106e+02 -0.232628 -0.297866
3.459952e+02 -0.260213 -0.272790
3.470799e+02 -0.285472 -0.243551
3.481645e+02 -0.307920 -0.210438
3.492491e+02 -0.327085 -0.173824
3.503337e+02 -0.342524 -0.134169
3.514184e+02 -0.353832 -0.092003
3.525030e+02 -0.360661 -0.047927
3.535876e+02 -0.362727 -0.002594
3.546722e+02 -0.359826 0.043299
3.557569e+02 -0.351841 0.089029
3.568415e+02 -0.338749 0.133857
3.579261e+02 -0.320627 0.177048
3.590107e+02 -0.297653 0.217884
3.600954e+02 -0.270106 0.255682
3.611800e+02 -0.238362 0.289804
3.622646e+02 -0.202886 0.319679
3.633492e+02 -0.164226 0.344805
3.644339e+02 -0.122997 0.364769
3.655185e+02 -0.079874 0.379250
3.666031e+02 -0.035568 0.388026
3.676877e+02 0.009181 0.390981
3.687724e+02 0.053629 0.388104
3.698570e+02 0.097037 0.379491
3.709416e+02 0.138696 0.365337
3.720262e+02 0.177934 0.345938
3.731109e+02 0.214137 0.321676
3.741955e+02 0.246759 0.293016
3.752801e+02 0.275332 0.260491
3.763647e+02 0.299476 0.224689
3.774494e+02 0.318901 0.186244
3.785340e+02 0.333417 0.145817
3.796186e+02 0.342929 0.104085
3.807032e+02 0.347436 0.061724
3.817879e+02 0.347032 0.019397
3.828725e+02 0.341895 -0.022259
3.839571e+02 0.332281 -0.062648
3.850417e+02 0.318515 -0.101222
3.861264e+02 0.300983 -0.137492
3.872110e+02 0.280116 -0.171036
3.882956e+02 0.256384 -0.201502
3.893802e+02 0.230280 -0.228610
3.904649e+02 0.202310 -0.252160
3.915495e+02 0.172981 -0.272022
3.926341e+02 0.142792 -0.288138
3.937187e+02 0.112223 -0.300518
3.948034e+02 0.081726 -0.309230
3.958880e+02 0.051716 -0.314397
3.969726e+02 0.022569 -0.316186
3.980572e+02 -0.005388 -0.314800
3.991419e+02 -0.031879 -0.310468
4.002265e+02 -0.056680 -0.303437
4.013111e+02 -0.079624 -0.293964
4.023957e+02 -0.100594 -0.282307
4.034803e+02 -0.119528 -0.268718
4.045650e+02 -0.136411 -0.253438
4.056496e+02 -0.151275 -0.236692
4.067342e+02 -0.164189 -0.218686
4.078188e+02 -0.175256 -0.199608
4.089035e+02 -0.184605 -0.179621
4.099881e+02 -0.192384 -0.158872
4.110727e+02 -0.198752 -0.137487
4.121573e+02 -0.203869 -0.115577
4.132420e+02 -0.207891 -0.093244
4.143266e+02 -0.210961 -0.070578
4.154112e+02 -0.213204 -0.047667
4.164958e+02 -0.214720 -0.024598
4.175805e+02 -0.215580 -0.001463
4.186651e+02 -0.215824 0.021642
4.197497e+02 -0.215460 0.044611
4.208343e+02 -0.214463 0.067328
4.219190e+02 -0.212775 0.089666
4.230036e+02 -0.210315 0.111486
4.240882e+02 -0.206977 0.132641
4.251728e+02 -0.202642 0.152976
4.262575e+02 -0.197179 0.172332
4.273421e+02 -0.190460 0.190546
4.284267e+02 -0.182361 0.207460
4.295113e+02 -0.172774 0.222920
4.305960e+02 -0.161615 0.236786
4.316806e+02 -0.148828 0.248929
4.327652e+02 -0.134392 0.259241
4.338498e+02 -0.118326 0.267635
4.349345e+02 -0.100689 0.274046
4.360191e+02 -0.081583 0.278437
4.371037e+02 -0.061151 0.280794
4.381883e+02 -0.039575 0.281132
4.392730e+02 -0.017071 0.279487
4.403576e+02 0.006116 0.275919
4.414422e+02 0.029720 0.270503
4.425268e+02 0.053459 0.263332
4.436115e+02 0.077045 0.254504
4.446961e+02 0.100191 0.244127
4.457807e+02 0.122620 0.232306
4.468653e+02 0.144069 0.219139
4.479500e+02 0.164294 0.204720
4.490346e+02 0.183081 0.189129
4.501192e+02 0.200242 0.172430
4.512038e+02 0.215619 0.154675
4.522885e+02 0.229085 0.135900
4.533731e+02 0.240543 0.116128
4.544577e+02 0.249922 0.095376
4.555423e+02 0.257175 0.073652
4.566270e+02 0.262274 0.050968
4.577116e+02 0.265204 0.027344
4.587962e+02 0.265964 0.002814
4.598808e+02 0.264557 -0.022566
4.609655e+02 0.260988 -0.048709
4.620501e+02 0.255265 -0.075494
4.631347e+02 0.247391 -0.102758
4.642193e+02 0.237372 -0.130294
4.653040e+02 0.225212 -0.157848
4.663886e+02 0.210917 -0.185118
4.674732e+02 0.194503 -0.211761
4.685578e+02 0.175993 -0.237389
4.696424e+02 0.155432 -0.261586
4.707271e+02 0.132886 -0.283908
4.718117e+02 0.108452 -0.303898
4.728963e+02 0.082262 -0.321099
4.739809e+02 0.054490 -0.335064
4.750656e+02 0.025352 -0.345374
4.761502e+02 -0.004885 -0.351646
4.772348e+02 -0.035907 -0.353555
4.783194e+02 -0.067356 -0.350839
4.794041e+02 -0.098826 -0.343316
4.804887e+02 -0.129878 -0.330890
4.815733e+02 -0.160039 -0.313562
4.826579e+02 -0.188816 -0.291432
4.837426e+02 -0.215708 -0.264701
4.848272e+02 -0.240216 -0.233674
4.859118e+02 -0.261856 -0.198752
4.869964e+02 -0.280175 -0.160430
4.880811e+02 -0.294761 -0.119285
4.891657e+02 -0.305259 -0.075965
4.902503e+02 -0.311382 -0.031179
4.913349e+02 -0.312919 0.014325
4.924196e+02 -0.309745 0.059767
4.935042e+02 -0.301828 0.104361
4.945888e+02 -0.289228 0.147329
4.956734e+02 -0.272101 0.187918
4.967581e+02 -0.250696 0.225415
4.978427e+02 -0.225351 0.259171
4.989273e+02 -0.196482 0.288606
5.000119e+02 -0.164579 0.313227
5.010966e+02 -0.130189 0.332638
5.021812e+02 -0.093909 0.346546
5.032658e+02 -0.056364 0.354770
5.043504e+02 -0.018201 0.357241
5.054351e+02 0.019932 0.354001
5.065197e+02 0.057399 0.345205
5.076043e+02 0.093589 0.331112
5.086889e+02 0.127930 0.312076
5.097736e+02 0.159898 0.288541
5.108582e+02 0.189029 0.261022
5.119428e+02 0.214927 0.230098
5.130274e+02 0.237267 0.196391
5.141121e+02 0.255804 0.160557
5.151967e+02 0.270367 0.123262
5.162813e+02 0.280866 0.085174
5.173659e+02 0.287288 0.046942
5.184506e+02 0.289691 0.009184
5.195352e+02 0.288204 -0.027524
5.206198e+02 0.283014 -0.062663
5.217044e+02 0.274366 -0.095778
5.227891e+02 0.262553 -0.126482
5.238737e+02 0.247903 -0.154465
5.249583e+02 0.230779 -0.179493
5.260429e+02 0.211563 -0.201406
5.271276e+02 0.190649 -0.220120
5.282122e+02 0.168436 -0.235615
5.292968e+02 0.145320 -0.247935
5.303814e+02 0.121682 -0.257174
5.314661e+02 0.097885 -0.263471
5.325507e+02 0.074265 -0.266997
5.336353e+02 0.051124 -0.267947
5.347199e+02 0.028728 -0.266529
5.358045e+02 0.007301 -0.262954
5.368892e+02 -0.012979 -0.257430
5.379738e+02 -0.031978 -0.250155
5.390584e+02 -0.049613 -0.241308
5.401430e+02 -0.065841 -0.231049
5.412277e+02 -0.080665 -0.219518
5.423123e+02 -0.094128 -0.206829
5.433969e+02 -0.106304 -0.193076
5.444815e+02 -0.117297 -0.178336
5.455662e+02 -0.127230 -0.162670
5.466508e+02 -0.136238 -0.146128
5.477354e+02 -0.144460 -0.128755
5.488200e+02 -0.152031 -0.110596
5.499047e+02 -0.159072 -0.091702
5.509893e+02 -0.165686 -0.072134
5.520739e+02 -0.171947 -0.051967
5.531585e+02 -0.177898 -0.031291
5.542432e+02 -0.183548 -0.010217
5.553278e+02 -0.188869 0.011122
5.564124e+02 -0.193795 0.032578
5.574970e+02 -0.198227 0.053981
5.585817e+02 -0.202034 0.075147
5.596663e+02 -0.205062 0.095882
5.607509e+02 -0.207137 0.115985
5.618355e+02 -0.208077 0.135252
5.629202e+02 -0.207697 0.153485
5.640048e+02 -0.205824 0.170496
5.650894e+02 -0.202297 0.186112
5.661740e+02 -0.196983 0.200182
5.672587e+02 -0.189782 0.212579
5.683433e+02 -0.180631 0.223207
5.694279e+02 -0.169512 0.231998
5.705125e+02 -0.156449 0.238918
5.715972e+02 -0.141516 0.243964
5.726818e+02 -0.124828 0.247164
5.737664e+02 -0.106545 0.248570
5.748510e+02 -0.086861 0.248259
5.759357e+02 -0.066004 0.246323
5.770203e+02 -0.044223 0.242866
5.781049e+02 -0.021785 0.237996
5.791895e+02 0.001036 0.231819
5.802742e+02 0.023963 0.224432
5.813588e+02 0.046728 0.215916
5.824434e+02 0.069073 0.206334
5.835280e+02 0.090759 0.195728
5.846127e+02 0.111569 0.184112
5.856973e+02 0.131308 0.171479
5.867819e+02 0.149806 0.157797
5.878665e+02 0.166919 0.143017
5.889512e+02 0.182521 0.127076
5.900358e+02 0.196508 0.109906
5.911204e+02 0.208792 0.091441
5.922050e+02 0.219295 0.071628
5.932897e+02 0.227949 0.050435
5.943743e+02 0.234689 0.027862
5.954589e+02 0.239453 0.003952
5.965435e+02 0.242175 -0.021206
5.976282e+02 0.242793 -0.047465
5.987128e+02 0.241241 -0.074621
5.997974e+02 0.237454 -0.102406
6.008820e+02 0.231372 -0.130493
6.019666e+02 0.222944 -0.158494
6.030513e+02 0.212134 -0.185975
6.041359e+02 0.198923 -0.212454
6.052205e+02 0.183322 -0.237424
6.063051e+02 0.165373 -0.260355
6.073898e+02 0.145159 -0.280719
6.084744e+02 0.122806 -0.297999
6.095590e+02 0.098490 -0.311707
6.106436e+02 0.072436 -0.321406
6.117283e+02 0.044924 -0.326717
6.128129e+02 0.016281 -0.327340
6.138975e+02 -0.013116 -0.323062
6.149821e+02 -0.042850 -0.313771
6.160668e+02 -0.072467 -0.299462
6.171514e+02 -0.101491 -0.280239
6.182360e+02 -0.129429 -0.256320
6.193206e+02 -0.155787 -0.228033
6.204053e+02 -0.180078 -0.195809
6.214899e+02 -0.201842 -0.160178
6.225745e+02 -0.220649 -0.121754
6.236591e+02 -0.236121 -0.081221
6.247438e+02 -0.247934 -0.039320
6.258284e+02 -0.255834 0.003169
6.269130e+02 -0.259639 0.045449
6.279976e+02 -0.259250 0.086722
6.290823e+02 -0.254648 0.126211
6.301669e+02 -0.245898 0.163175
6.312515e+02 -0.233150 0.196931
6.323361e+02 -0.216629 0.226867
6.334208e+02 -0.196633 0.252460
6.345054e+02 -0.173526 0.273283
6.355900e+02 -0.147727 0.289020
6.366746e+02 -0.119698 0.299466
6.377593e+02 -0.089939 0.304535
6.388439e+02 -0.058968 0.304260
6.399285e+02 -0.027319 0.298784
6.410131e+02 0.004478 0.288362
6.420978e+02 0.035903 0.273346
6.431824e+02 0.066457 0.254174
6.442670e+02 0.095670 0.231359
6.453516e+02 0.123112 0.205471
6.464363e+02 0.148396 0.177120
6.475209e+02 0.171187 0.146940
6.486055e+02 0.191203 0.115572
6.496901e+02 0.208219 0.083643
6.507748e+02 0.222071 0.051754
6.518594e+02 0.232655 0.020465
6.529440e+02 0.239927 -0.009720
6.540286e+02 0.243899 -0.038363
6.551133e+02 0.244644 -0.065096
6.561979e+02 0.242284 -0.089629
6.572825e+02 0.236992 -0.111750
6.583671e+02 0.228986 -0.131325
6.594518e+02 0.218520 -0.148293
6.605364e+02 0.205882 -0.162660
6.616210e+02 0.191383 -0.174491
6.627056e+02 0.175352 -0.183900
6.637903e+02 0.158124 -0.191038
6.648749e+02 0.140036 -0.196081
6.659595e+02 0.121414 -0.199222
6.670441e+02 0.102569 -0.200654
6.681287e+02 0.083784 -0.200566
6.692134e+02 0.065310 -0.199130
6.702980e+02 0.047359 -0.196496
6.713826e+02 0.030101 -0.192789
6.724672e+02 0.013659 -0.188102
6.735519e+02 -0.001893 -0.182501
6.746365e+02 -0.016527 -0.176020
6.757211e+02 -0.030258 -0.168673
6.768057e+02 -0.043142 -0.160449
6.778904e+02 -0.055267 -0.151327
6.789750e+02 -0.066747 -0.141277
6.800596e+02 -0.077711 -0.130271
6.811442e+02 -0.088293 -0.118287
6.822289e+02 -0.098627 -0.105318
6.833135e+02 -0.108829 -0.091378
6.843981e+02 -0.118994 -0.076502
6.854827e+02 -0.129187 -0.060759
6.865674e+02 -0.139436 -0.044241
6.876520e+02 -0.149726 -0.027076
6.887366e+02 -0.160001 -0.009415
6.898212e+02 -0.170160 0.008562
6.909059e+02 -0.180064 0.026657
6.919905e+02 -0.189535 0.044656
6.930751e+02 -0.198369 0.062338
6.941597e+02 -0.206340 0.079481
6.952444e+02 -0.213211 0.095869
6.963290e+02 -0.218745 0.111299
6.974136e+02 -0.222712 0.125592
6.984982e+02 -0.224904 0.138594
6.995829e+02 -0.225141 0.150183
7.006675e+02 -0.223279 0.160271
7.017521e+02 -0.219217 0.168811
7.028367e+02 -0.212902 0.175789
7.039214e+02 -0.204330 0.181230
7.050060e+02 -0.193546 0.185190
7.060906e+02 -0.180644 0.187754
7.071752e+02 -0.165762 0.189025
7.082599e+02 -0.149075 0.189122
7.093445e+02 -0.130791 0.188170
7.104291e+02 -0.111143 0.186287
7.115137e+02 -0.090378 0.183584
7.125984e+02 -0.068755 0.180149
7.136830e+02 -0.046531 0.176047
7.147676e+02 -0.023958 0.171308
7.158522e+02 -0.001277 0.165932
7.169369e+02 0.021286 0.159879
7.180215e+02 0.043523 0.153078
7.191061e+02 0.065247 0.145425
7.201907e+02 0.086288 0.136793
7.212754e+02 0.106495 0.127037
7.223600e+02 0.125729 0.116007
7.234446e+02 0.143866 0.103554
7.245292e+02 0.160786 0.089550
7.256139e+02 0.176375 0.073891
7.266985e+02 0.190514 0.056518
7.277831e+02 0.203087 0.037422
7.288677e+02 0.213968 0.016652
7.299524e+02 0.223026 -0.005670
7.310370e+02 0.230125 -0.029356
7.321216e+02 0.235127 -0.054139
7.332062e+02 0.237892 -0.079683
7.342908e+02 0.238286 -0.105588
7.353755e+02 0.236188 -0.131392
7.364601e+02 0.231491 -0.156587
7.375447e+02 0.224118 -0.180635
7.386293e+02 0.214021 -0.202976
7.397140e+02 0.201195 -0.223054
7.407986e+02 0.185680 -0.240331
7.418832e+02 0.167567 -0.254302
7.429678e+02 0.147003 -0.264521
7.440525e+02 0.124193 -0.270609
7.451371e+02 0.099397 -0.272275
7.462217e+02 0.072932 -0.269325
7.473063e+02 0.045167 -0.261672
7.483910e+02 0.016513 -0.249341
7.494756e+02 -0.012580 -0.232474
7.505602e+02 -0.041633 -0.211326
7.516448e+02 -0.070154 -0.186265
7.527295e+02 -0.097643 -0.157757
7.538141e+02 -0.123607 -0.126363
7.548987e+02 -0.147575 -0.092717
7.559833e+02 -0.169102 -0.057515
7.570680e+02 -0.187788 -0.021496
7.581526e+02 -0.203282 0.014582
7.592372e+02 -0.215293 0.049957
7.603218e+02 -0.223597 0.083885
7.614065e+02 -0.228039 0.115664
7.624911e+02 -0.228538 0.144646
7.635757e+02 -0.225090 0.170260
7.646603e+02 -0.217762 0.192023
7.657450e+02 -0.206696 0.209555
7.668296e+02 -0.192100 0.222585
7.679142e+02 -0.174245 0.230959
7.689988e+02 -0.153459 0.234641
7.700835e+02 -0.130118 0.233712
7.711681e+02 -0.104640 0.228364
7.722527e+02 -0.077476 0.218893
7.733373e+02 -0.049100 0.205686
7.744220e+02 -0.020002 0.189208
7.755066e+02 0.009323 0.169986
7.765912e+02 0.038384 0.148587
7.776758e+02 0.066701 0.125606
7.787605e+02 0.093816 0.101641
7.798451e+02 0.119301 0.077276
7.809297e+02 0.142764 0.053065
7.820143e+02 0.163859 0.029513
7.830990e+02 0.182290 0.007067
7.841836e+02 0.197821 -0.013900
7.852682e+02 0.210276 -0.033091
7.863528e+02 0.219544 -0.050295
7.874375e+02 0.225583 -0.065381
7.885221e+02 0.228418 -0.078301
7.896067e+02 0.228138 -0.089081
7.906913e+02 0.224897 -0.097812
7.917760e+02 0.218905 -0.104640
7.928606e+02 0.210420 -0.109753
7.939452e+02 0.199742 -0.113370
7.950298e+02 0.187202 -0.115720
7.961145e+02 0.173149 -0.117036
7.971991e+02 0.157938 -0.117538
7.982837e+02 0.141918 -0.117423
7.993683e+02 0.125420 -0.116857
8.004529e+02 0.108747 -0.115966
8.015376e+02 0.092161 -0.114836
8.026222e+02 0.075879 -0.113509
8.037068e+02 0.060065 -0.111983
8.047914e+02 0.044826 -0.110222
8.058761e+02 0.030216 -0.108153
8.069607e+02 0.016234 -0.105684
8.080453e+02 0.002832 -0.102704
8.091299e+02 -0.010077 -0.099098
8.102146e+02 -0.022611 -0.094753
8.112992e+02 -0.034908 -0.089571
8.123838e+02 -0.047113 -0.083475
8.134684e+02 -0.059365 -0.076414
8.145531e+02 -0.071785 -0.068373
8.156377e+02 -0.084468 -0.059374
8.167223e+02 -0.097472 -0.049476
8.178069e+02 -0.110810 -0.038777
8.188916e+02 -0.124448 -0.027410
8.199762e+02 -0.138301 -0.015539
8.210608e+02 -0.152235 -0.003350
8.221454e+02 -0.166072 0.008950
8.232301e+02 -0.179594 0.021149
8.243147e+02 -0.192554 0.033032
8.253993e+02 -0.204684 0.044396
8.264839e+02 -0.215706 0.055052
8.275686e+02 -0.225345 0.064840
8.286532e+02 -0.233340 0.073629
8.297378e+02 -0.239455 0.081326
8.308224e+02 -0.243486 0.087879
8.319071e+02 -0.245273 0.093277
8.329917e+02 -0.244702 0.097548
8.340763e+02 -0.241709 0.100760
8.351609e+02 -0.236284 0.103011
8.362456e+02 -0.228466 0.104428
8.373302e+02 -0.218342 0.105153
8.384148e+02 -0.206040 0.105336
8.394994e+02 -0.191724 0.105126
8.405841e+02 -0.175585 0.104661
8.416687e+02 -0.157837 0.104055
8.427533e+02 -0.138701 0.103392
8.438379e+02 -0.118406 0.102719
8.449226e+02 -0.097176 0.102041
8.460072e+02 -0.075226 0.101315
8.470918e+02 -0.052762 0.100456
8.481764e+02 -0.029972 0.099332
8.492611e+02 -0.007030 0.097777
8.503457e+02 0.015904 0.095594
8.514303e+02 0.038683 0.092568
8.525149e+02 0.061168 0.088474
8.535996e+02 0.083226 0.083099
8.546842e+02 0.104720 0.076245
8.557688e+02 0.125510 0.067752
8.568534e+02 0.145447 0.057506
8.579381e+02 0.164368 0.045453
8.590227e+02 0.182094 0.031604
8.601073e+02 0.198430 0.016050
8.611919e+02 0.213168 -0.001045
8.622766e+02 0.226083 -0.019436
8.633612e+02 0.236946 -0.038804
8.644458e+02 0.245523 -0.058764
8.655304e+02 0.251587 -0.078873
8.666150e+02 0.254921 -0.098643
8.676997e+02 0.255334 -0.117562
8.687843e+02 0.252667 -0.135103
8.698689e+02 0.246800 -0.150750
8.709535e+02 0.237665 -0.164013
8.720382e+02 0.225250 -0.174447
8.731228e+02 0.209606 -0.181668
8.742074e+02 0.190853 -0.185374
8.752920e+02 0.169179 -0.185349
8.763767e+02 0.144842 -0.181479
8.774613e+02 0.118166 -0.173758
8.785459e+02 0.089538 -0.162290
8.796305e+02 0.059401 -0.147287
8.807152e+02 0.028244 -0.129066
8.817998e+02 -0.003407 -0.108040
8.828844e+02 -0.035000 -0.084707
8.839690e+02 -0.065971 -0.059634
8.850537e+02 -0.095754 -0.033444
8.861383e+02 -0.123797 -0.006792
8.872229e+02 -0.149571 0.019652
8.883075e+02 -0.172587 0.045225
8.893922e+02 -0.192401 0.069290
8.904768e+02 -0.208628 0.091257
8.915614e+02 -0.220949 0.110602
8.926460e+02 -0.229120 0.126882
8.937307e+02 -0.232975 0.139748
8.948153e+02 -0.232431 0.148956
8.958999e+02 -0.227489 0.154375
8.969845e+02 -0.218237 0.155987
8.980692e+02 -0.204847 0.153890
8.991538e+02 -0.187572 0.148288
9.002384e+02 -0.166740 0.139487
9.013230e+02 -0.142754 0.127880
9.024077e+02 -0.116076 0.113932
9.034923e+02 -0.087222 0.098164
9.045769e+02 -0.056754 0.081131
9.056615e+02 -0.025261 0.063401
9.067462e+02 0.006646 0.045540
9.078308e+02 0.038354 0.028084
9.089154e+02 0.069257 0.011525
9.100000e+02 0.098776 -0.003707
9.110847e+02 0.126369 -0.017256
9.121693e+02 0.151546 -0.028852
9.132539e+02 0.173882 -0.038319
9.143385e+02 0.193027 -0.045570
9.154232e+02 0.208716 -0.050616
9.165078e+02 0.220775 -0.053549
9.175924e+02 0.229120 -0.054543
9.186770e+02 0.233766 -0.053832
9.197617e+02 0.234816 -0.051704
9.208463e+02 0.232458 -0.048479
9.219309e+02 0.226955 -0.044493
9.230155e+02 0.218634 -0.040082
9.241002e+02 0.207869 -0.035566
9.251848e+02 0.195068 -0.031234
9.262694e+02 0.180651 -0.027330
9.273540e+02 0.165041 -0.024048
9.284387e+02 0.148638 -0.021522
9.295233e+02 0.131810 -0.019825
9.306079e+02 0.114880 -0.018970
9.316925e+02 0.098111 -0.018911
9.327771e+02 0.081705 -0.019554
9.338618e+02 0.065796 -0.020761
9.349464e+02 0.050453 -0.022365
9.360310e+02 0.035681 -0.024176
9.371156e+02 0.021429 -0.026000
9.382003e+02 0.007605 -0.027644
9.392849e+02 -0.005921 -0.028932
9.403695e+02 -0.019293 -0.029714
9.414541e+02 -0.032663 -0.029872
9.425388e+02 -0.046173 -0.029325
9.436234e+02 -0.059941 -0.028036
9.447080e+02 -0.074052 -0.026014
9.457926e+02 -0.088548 -0.023306
9.468773e+02 -0.103421 -0.020001
9.479619e+02 -0.118611 -0.016220
9.490465e+02 -0.134006 -0.012111
9.501311e+02 -0.149443 -0.007839
9.512158e+02 -0.164716 -0.003579
9.523004e+02 -0.179585 0.000498
9.533850e+02 -0.193784 0.004227
9.544696e+02 -0.207033 0.007468
9.555543e+02 -0.219052 0.010106
9.566389e+02 -0.229571 0.012060
9.577235e+02 -0.238342 0.013289
9.588081e+02 -0.245147 0.013794
9.598928e+02 -0.249811 0.013617
9.609774e+02 -0.252201 0.012842
9.620620e+02 -0.252234 0.011587
9.631466e+02 -0.249877 0.010002
9.642313e+02 -0.245144 0.008255
9.653159e+02 -0.238095 0.006529
9.664005e+02 -0.228827 0.005008
9.674851e+02 -0.217470 0.003863
9.685698e+02 -0.204180 0.003246
9.696544e+02 -0.189127 0.003279
9.707390e+02 -0.172489 0.004041
9.718236e+02 -0.154448 0.005565
9.729083e+02 -0.135178 0.007835
9.739929e+02 -0.114847 0.010778
9.750775e+02 -0.093608 0.014271
9.761621e+02 -0.071603 0.018142
9.772468e+02 -0.048961 0.022179
9.783314e+02 -0.025803 0.026140
9.794160e+02 -0.002243 0.029762
9.805006e+02 0.021604 0.032776
9.815853e+02 0.045614 0.034925
9.826699e+02 0.069655 0.035971
9.837545e+02 0.093573 0.035717
9.848391e+02 0.117192 0.034014
9.859238e+02 0.140309 0.030773
9.870084e+02 0.162690 0.025975
9.880930e+02 0.184073 0.019673
9.891776e+02 0.204167 0.011993
9.902623e+02 0.222655 0.003138
9.913469e+02 0.239206 -0.006629
9.924315e+02 0.253478 -0.016983
9.935161e+02 0.265128 -0.027555
9.946008e+02 0.273827 -0.037946
9.956854e+02 0.279269 -0.047742
9.967700e+02 0.281185 -0.056531
9.978546e+02 0.279352 -0.063922
9.989392e+02 0.273610 -0.069563
1.000024e+03 0.263866 -0.073151
1.001108e+03 0.250108 -0.074456
1.002193e+03 0.232405 -0.073322
1.003278e+03 0.210916 -0.069683
1.004362e+03 0.185891 -0.063566
1.005447e+03 0.157665 -0.055090
1.006532e+03 0.126657 -0.044468
1.007616e+03 0.093364 -0.031996
1.008701e+03 0.058350 -0.018050
1.009785e+03 0.022235 -0.003069
1.010870e+03 -0.014319 0.012461
1.011955e+03 -0.050619 0.028020
1.013039e+03 -0.085960 0.043076
1.014124e+03 -0.119640 0.057104
1.015209e+03 -0.150978 0.069605
1.016293e+03 -0.179326 0.080129
1.017378e+03 -0.204087 0.088285
1.018462e+03 -0.224732 0.093764
1.019547e+03 -0.240810 0.096349
1.020632e+03 -0.251960 0.095926
1.021716e+03 -0.257922 0.092486
1.022801e+03 -0.258547 0.086132
1.023886e+03 -0.253797 0.077072
1.024970e+03 -0.243754 0.065617
1.026055e+03 -0.228616 0.052165
1.027139e+03 -0.208697 0.037191
1.028224e+03 -0.184417 0.021227
1.029309e+03 -0.156301 0.004844
1.030393e+03 -0.124961 -0.011375
1.031478e+03 -0.091082 -0.026849
1.032563e+03 -0.055410 -0.041031
1.033647e+03 -0.018727 -0.053422
1.034732e+03 0.018164 -0.063595
1.035816e+03 0.054465 -0.071208
1.036901e+03 0.089404 -0.076020
1.037986e+03 0.122253 -0.077897
1.039070e+03 0.152356 -0.076816
1.040155e+03 0.179139 -0.072865
1.041240e+03 0.202131 -0.066236
1.042324e+03 0.220977 -0.057218
1.043409e+03 0.235442 -0.046176
1.044493e+03 0.245417 -0.033542
1.045578e+03 0.250919 -0.019790
1.046663e+03 0.252083 -0.005417
1.047747e+03 0.249154 0.009078
1.048832e+03 0.242472 0.023214
1.049917e+03 0.232453 0.036548
1.051001e+03 0.219572 0.048689
1.052086e+03 0.204336 0.059313
1.053170e+03 0.187268 0.068172
1.054255e+03 0.168882 0.075096
1.055340e+03 0.149663 0.080000
1.056424e+03 0.130048 0.082876
1.057509e+03 0.110415 0.083790
1.058594e+03 0.091072 0.082872
1.059678e+03 0.072250 0.080307
1.060763e+03 0.054102 0.076317
1.061847e+03 0.036705 0.071153
1.062932e+03 0.020069 0.065075
1.064017e+03 0.004148 0.058345
1.065101e+03 -0.011152 0.051210
1.066186e+03 -0.025953 0.043892
1.067271e+03 -0.040393 0.036581
1.068355e+03 -0.054608 0.029429
1.069440e+03 -0.068721 0.022543
1.070524e+03 -0.082825 0.015989
1.071609e+03 -0.096979 0.009789
1.072694e+03 -0.111194 0.003927
1.073778e+03 -0.125437 -0.001649
1.074863e+03 -0.139625 -0.007012
1.075948e+03 -0.153629 -0.012258
1.077032e+03 -0.167282 -0.017488
1.078117e+03 -0.180385 -0.022804
1.079201e+03 -0.192717 -0.028295
1.080286e+03 -0.204047 -0.034034
1.081371e+03 -0.214143 -0.040065
1.082455e+03 -0.222786 -0.046402
1.083540e+03 -0.229779 -0.053020
1.084625e+03 -0.234952 -0.059856
1.085709e+03 -0.238174 -0.066810
1.086794e+03 -0.239354 -0.073745
1.087878e+03 -0.238442 -0.080493
1.088963e+03 -0.235431 -0.086864
1.090048e+03 -0.230352 -0.092650
1.091132e+03 -0.223269 -0.097642
1.092217e+03 -0.214275 -0.101635
1.093302e+03 -0.203483 -0.104443
1.094386e+03 -0.191018 -0.105906
1.095471e+03 -0.177012 -0.105905
1.096555e+03 -0.161595 -0.104365
1.097640e+03 -0.144891 -0.101265
1.098725e+03 -0.127011 -0.096640
1.099809e+03 -0.108057 -0.090578
1.100894e+03 -0.088116 -0.083224
1.101979e+03 -0.067264 -0.074769
1.103063e+03 -0.045572 -0.065446
1.104148e+03 -0.023109 -0.055515
1.105232e+03 0.000050 -0.045256
1.106317e+03 0.023816 -0.034952
1.107402e+03 0.048081 -0.024876
1.108486e+03 0.072706 -0.015278
1.109571e+03 0.097519 -0.006374
1.110656e+03 0.122306 0.001667
1.111740e+03 0.146812 0.008726
1.112825e+03 0.170735 0.014747
1.113909e+03 0.193735 0.019730
1.114994e+03 0.215433 0.023736
1.116079e+03 0.235419 0.026880
1.117163e+03 0.253264 0.029323
1.118248e+03 0.268532 0.031265
1.119333e+03 0.280789 0.032926
1.120417e+03 0.289626 0.034542
1.121502e+03 0.294665 0.036341
1.122586e+03 0.295584 0.038535
1.123671e+03 0.292126 0.041305
1.124756e+03 0.284111 0.044785
1.125840e+03 0.271455 0.049059
1.126925e+03 0.254172 0.054146
1.128010e+03 0.232383 0.059997
1.129094e+03 0.206322 0.066498
1.130179e+03 0.176330 0.073465
1.131263e+03 0.142857 0.080655
1.132348e+03 0.106455 0.087770
1.133433e+03 0.067764 0.094469
1.134517e+03 0.027505 0.100386
1.135602e+03 -0.013541 0.105139
1.136687e+03 -0.054544 0.108355
1.137771e+03 -0.094652 0.109679
1.138856e+03 -0.133004 0.108801
1.139940e+03 -0.168756 0.105466
1.141025e+03 -0.201102 0.099494
1.142110e+03 -0.229292 0.090789
1.143194e+03 -0.252656 0.079355
1.144279e+03 -0.270624 0.065297
1.145364e+03 -0.282737 0.048826
1.146448e+03 -0.288668 0.030258
1.147533e+03 -0.288230 0.010004
1.148617e+03 -0.281387 -0.011433
1.149702e+03 -0.268255 -0.033482
1.150787e+03 -0.249105 -0.055517
1.151871e+03 -0.224358 -0.076879
1.152956e+03 -0.194575 -0.096901
1.154041e+03 -0.160447 -0.114931
1.155125e+03 -0.122775 -0.130362
1.156210e+03 -0.082452 -0.142648
1.157294e+03 -0.040433 -0.151333
1.158379e+03 0.002286 -0.156068
1.159464e+03 0.044701 -0.156625
1.160548e+03 0.085828 -0.152906
1.161633e+03 0.124733 -0.144950
1.162718e+03 0.160559 -0.132932
1.163802e+03 0.192553 -0.117154
1.164887e+03 0.220085 -0.098038
1.165971e+03 0.242666 -0.076103
1.167056e+03 0.259961 -0.051953
1.168141e+03 0.271794 -0.026245
1.169225e+03 0.278144 0.000327
1.170310e+03 0.279144 0.027065
1.171395e+03 0.275066 0.053287
1.172479e+03 0.266305 0.078351
1.173564e+03 0.253353 0.101678
1.174648e+03 0.236783 0.122765
1.175733e+03 0.217215 0.141201
1.176818e+03 0.195292 0.156671
1.177902e+03 0.171657 0.168964
1.178987e+03 0.146924 0.177971
1.180072e+03 0.121660 0.183678
1.181156e+03 0.096368 0.186163
1.182241e+03 0.071474 0.185577
1.183325e+03 0.047320 0.182139
1.184410e+03 0.024164 0.176116
1.185495e+03 0.002177 0.167811
1.186579e+03 -0.018544 0.157544
1.187664e+03 -0.037972 0.145643
1.188749e+03 -0.056132 0.132429
1.189833e+03 -0.073090 0.118203
1.190918e+03 -0.088937 0.103241
1.192002e+03 -0.103773 0.087784
1.193087e+03 -0.117695 0.072034
1.194172e+03 -0.130785 0.056156
1.195256e+03 -0.143102 0.040273
1.196341e+03 -0.154674 0.024470
1.197426e+03 -0.165497 0.008802
1.198510e+03 -0.175532 -0.006704
1.199595e+03 -0.184712 -0.022042
1.200679e+03 -0.192943 -0.037217
1.201764e+03 -0.200115 -0.052237
1.202849e+03 -0.206108 -0.067105
1.203933e+03 -0.210798 -0.081813
1.205018e+03 -0.214072 -0.096332
1.206103e+03 -0.215831 -0.110607
1.207187e+03 -0.215996 -0.124557
1.208272e+03 -0.214517 -0.138067
1.209356e+03 -0.211372 -0.150993
1.210441e+03 -0.206571 -0.163164
1.211526e+03 -0.200149 -0.174384
1.212610e+03 -0.192170 -0.184442
1.213695e+03 -0.182718 -0.193118
1.214780e+03 -0.171892 -0.200196
1.215864e+03 -0.159799 -0.205471
1.216949e+03 -0.146546 -0.208760
1.218033e+03 -0.132239 -0.209914
1.219118e+03 -0.116971 -0.208824
1.220203e+03 -0.100823 -0.205430
1.221287e+03 -0.083858 -0.199724
1.222372e+03 -0.066125 -0.191756
1.223457e+03 -0.047659 -0.181626
1.224541e+03 -0.028483 -0.169488
1.225626e+03 -0.008619 -0.155540
1.226710e+03 0.011911 -0.140019
1.227795e+03 0.033069 -0.123188
1.228880e+03 0.054799 -0.105326
1.229964e+03 0.077014 -0.086718
1.231049e+03 0.099587 -0.067643
1.232134e+03 0.122348 -0.048363
1.233218e+03 0.145076 -0.029116
1.234303e+03 0.167498 -0.010107
1.235387e+03 0.189287 0.008493
1.236472e+03 0.210071 0.026553
1.237557e+03 0.229432 0.043979
1.238641e+03 0.246921 0.060710
1.239726e+03 0.262067 0.076714
1.240811e+03 0.274396 0.091980
1.241895e+03 0.283441 0.106508
1.242980e+03 0.288765 0.120303
1.244064e+03 0.289978 0.133361
1.245149e+03 0.286750 0.145663
1.246234e+03 0.278835 0.157165
1.247318e+03 0.266081 0.167794
1.248403e+03 0.248445 0.177440
1.249488e+03 0.226000 0.185957
1.250572e+03 0.198943 0.193162
1.251657e+03 0.167600 0.198839
1.252741e+03 0.132419 0.202746
1.253826e+03 0.093972 0.204623
1.254911e+03 0.052937 0.204201
1.255995e+03 0.010094 0.201222
1.257080e+03 -0.033697 0.195445
1.258165e+03 -0.077513 0.186667
1.259249e+03 -0.120393 0.174738
1.260334e+03 -0.161357 0.159574
1.261418e+03 -0.199436 0.141172
1.262503e+03 -0.233698 0.119621
1.263588e+03 -0.263270 0.095111
1.264672e+03 -0.287370 0.067936
1.265757e+03 -0.305328 0.038499
1.266842e+03 -0.316608 0.007304
1.267926e+03 -0.320828 -0.025048
1.269011e+03 -0.317776 -0.057877
1.270095e+03 -0.307420 -0.090434
1.271180e+03 -0.289913 -0.121930
1.272265e+03 -0.265599 -0.151554
1.273349e+03 -0.235002 -0.178502
1.274434e+03 -0.198815 -0.202009
1.275519e+03 -0.157890 -0.221368
1.276603e+03 -0.113206 -0.235967
1.277688e+03 -0.065851 -0.245305
1.278772e+03 -0.016981 -0.249018
1.279857e+03 0.032203 -0.246894
1.280942e+03 0.080504 -0.238881
1.282026e+03 0.126754 -0.225095
1.283111e+03 0.169859 -0.205815
1.284196e+03 0.208827 -0.181477
1.285280e+03 0.242799 -0.152656
1.286365e+03 0.271075 -0.120050
1.287449e+03 0.293128 -0.084454
1.288534e+03 0.308622 -0.046733
1.289619e+03 0.317410 -0.007792
1.290703e+03 0.319535 0.031451
1.291788e+03 0.315217 0.070098
1.292873e+03 0.304839 0.107296
1.293957e+03 0.288923 0.142261
1.295042e+03 0.268105 0.174296
1.296126e+03 0.243106 0.202813
1.297211e+03 0.214702 0.227337
1.298296e+03 0.183690 0.247514
1.299380e+03 0.150866 0.263114
1.300465e+03 0.116994 0.274028
1.301550e+03 0.082786 0.280259
1.302634e+03 0.048883 0.281912
1.303719e+03 0.015845 0.279184
1.304803e+03 -0.015860 0.272351
1.305888e+03 -0.045855 0.261747
1.306973e+03 -0.073853 0.247755
1.308057e+03 -0.099652 0.230789
1.309142e+03 -0.123127 0.211278
1.310227e+03 -0.144213 0.189657
1.311311e+03 -0.162900 0.166348
1.312396e+03 -0.179216 0.141757
1.313480e+03 -0.193215 0.116261
1.314565e+03 -0.204967 0.090200
1.315650e+03 -0.214549 0.063877
1.316734e+03 -0.222039 0.037552
1.317819e+03 -0.227506 0.011443
1.318904e+03 -0.231015 -0.014272
1.319988e+03 -0.232624 -0.039450
1.321073e+03 -0.232381 -0.063982
1.322157e+03 -0.230335 -0.087781
1.323242e+03 -0.226535 -0.110778
1.324327e+03 -0.221032 -0.132909
1.325411e+03 -0.213890 -0.154114
1.326496e+03 -0.205182 -0.174322
1.327581e+03 -0.194998 -0.193450
1.328665e+03 -0.183442 -0.211394
1.329750e+03 -0.170635 -0.228030
1.330834e+03 -0.156710 -0.243208
1.331919e+03 -0.141812 -0.256760
1.333004e+03 -0.126090 -0.268500
1.334088e+03 -0.109696 -0.278230
1.335173e+03 -0.092776 -0.285749
1.336257e+03 -0.075466 -0.290865
1.337342e+03 -0.057887 -0.293398
1.338427e+03 -0.040139 -0.293196
1.339511e+03 -0.022302 -0.290140
1.340596e+03 -0.004432 -0.284155
1.341681e+03 0.013440 -0.275212
1.342765e+03 0.031299 -0.263337
1.343850e+03 0.049147 -0.248607
1.344934e+03 0.066992 -0.231152
1.346019e+03 0.084845 -0.211152
1.347104e+03 0.102705 -0.188828
1.348188e+03 0.120553 -0.164440
1.349273e+03 0.138342 -0.138276
1.350358e+03 0.155986 -0.110644
1.351442e+03 0.173357 -0.081863
1.352527e+03 0.190277 -0.052255
1.353611e+03 0.206514 -0.022142
1.354696e+03 0.221786 0.008167
1.355781e+03 0.235761 0.038373
1.356865e+03 0.248066 0.068191
1.357950e+03 0.258296 0.097354
1.359035e+03 0.266027 0.125605
1.360119e+03 0.270830 0.152702
1.361204e+03 0.272289 0.178408
1.362288e+03 0.270020 0.202491
1.363373e+03 0.263687 0.224721
1.364458e+03 0.253024 0.244864
1.365542e+03 0.237849 0.262681
1.366627e+03 0.218081 0.277926
1.367712e+03 0.193751 0.290347
1.368796e+03 0.165015 0.299690
1.369881e+03 0.132156 0.305700
1.370965e+03 0.095588 0.308131
1.372050e+03 0.055855 0.306750
1.373135e+03 0.013619 0.301352
1.374219e+03 -0.030342 0.291769
1.375304e+03 -0.075158 0.277884
1.376389e+03 -0.119881 0.259640
1.377473e+03 -0.163508 0.237060
1.378558e+03 -0.205008 0.210253
1.379642e+03 -0.243347 0.179428
1.380727e+03 -0.277519 0.144900
1.381812e+03 -0.306578 0.107097
1.382896e+03 -0.329662 0.066558
1.383981e+03 -0.346029 0.023934
1.385066e+03 -0.355080 -0.020022
1.386150e+03 -0.356381 -0.064471
1.387235e+03 -0.349689 -0.108498
1.388319e+03 -0.334962 -0.151142
1.389404e+03 -0.312371 -0.191416
1.390489e+03 -0.282298 -0.228340
1.391573e+03 -0.245340 -0.260970
1.392658e+03 -0.202290 -0.288430
1.393743e+03 -0.154122 -0.309947
1.394827e+03 -0.101967 -0.324871
1.395912e+03 -0.047078 -0.332710
1.396996e+03 0.009204 -0.333145
1.398081e+03 0.065489 -0.326048
1.399166e+03 0.120384 -0.311486
1.400250e+03 0.172533 -0.289725
1.401335e+03 0.220662 -0.261225
1.402420e+03 0.263615 -0.226622
1.403504e+03 0.300392 -0.186709
1.404589e+03 0.330177 -0.142416
1.405673e+03 0.352356 -0.094774
1.406758e+03 0.366539 -0.044886
1.407843e+03 0.372557 0.006109
1.408927e+03 0.370465 0.057067
1.410012e+03 0.360528 0.106873
1.411097e+03 0.343206 0.154472
1.412181e+03 0.319129 0.198893
1.413266e+03 0.289067 0.239272
1.414350e+03 0.253900 0.274871
1.415435e+03 0.214583 0.305089
1.416520e+03 0.172115 0.329468
1.417604e+03 0.127505 0.347700
1.418689e+03 0.081743 0.359623
1.419774e+03 0.035771 0.365218
1.420858e+03 -0.009530 0.364599
1.421943e+03 -0.053369 0.358003
1.423027e+03 -0.095046 0.345778
1.424112e+03 -0.133966 0.328364
1.425197e+03 -0.169638 0.306280
1.426281e+03 -0.201676 0.280106
1.427366e+03 -0.229795 0.250462
1.428451e+03 -0.253802 0.217994
1.429535e+03 -0.273589 0.183351
1.430620e+03 -0.289123 0.147171
1.431704e+03 -0.300435 0.110067
1.432789e+03 -0.307614 0.072606
1.433874e+03 -0.310792 0.035308
1.434958e+03 -0.310141 -0.001375
1.436043e+03 -0.305865 -0.037053
1.437128e+03 -0.298191 -0.071407
1.438212e+03 -0.287368 -0.104186
1.439297e+03 -0.273661 -0.135201
1.440381e+03 -0.257349 -0.164319
1.441466e+03 -0.238722 -0.191451
1.442551e+03 -0.218076 -0.216543
1.443635e+03 -0.195717 -0.239562
1.444720e+03 -0.171951 -0.260484
1.445805e+03 -0.147088 -0.279283
1.446889e+03 -0.121433 -0.295923
1.447974e+03 -0.095285 -0.310347
1.449058e+03 -0.068933 -0.322478
1.450143e+03 -0.042650 -0.332213
1.451228e+03 -0.016689 -0.339431
1.452312e+03 0.008722 -0.343993
1.453397e+03 0.033383 -0.345753
1.454482e+03 0.057125 -0.344563
1.455566e+03 0.079814 -0.340289
1.456651e+03 0.101349 -0.332818
1.457735e+03 0.121663 -0.322069
1.458820e+03 0.140720 -0.308001
1.459905e+03 0.158511 -0.290622
1.460989e+03 0.175043 -0.269993
1.462074e+03 0.190341 -0.246230
1.463159e+03 0.204429 -0.219504
1.464243e+03 0.217329 -0.190044
1.465328e+03 0.229046 -0.158125
1.466412e+03 0.239563 -0.124070
1.467497e+03 0.248830 -0.088238
1.468582e+03 0.256763 -0.051020
1.469666e+03 0.263234 -0.012834
1.470751e+03 0.268076 0.025890
1.471836e+03 0.271082 0.064707
1.472920e+03 0.272008 0.103168
1.474005e+03 0.270587 0.140826
1.475089e+03 0.266532 0.177236
1.476174e+03 0.259559 0.211958
1.477259e+03 0.249391 0.244565
1.478343e+03 0.235784 0.274638
1.479428e+03 0.218537 0.301770
1.480513e+03 0.197515 0.325573
1.481597e+03 0.172659 0.345671
1.482682e+03 0.144004 0.361711
1.483766e+03 0.111690 0.373362
1.484851e+03 0.075972 0.380324
1.485936e+03 0.037222 0.382329
1.487020e+03 -0.004065 0.379156
1.488105e+03 -0.047278 0.370633
1.489190e+03 -0.091693 0.356650
1.490274e+03 -0.136486 0.337173
1.491359e+03 -0.180751 0.312248
1.492443e+03 -0.223514 0.282017
1.493528e+03 -0.263763 0.246729
1.494613e+03 -0.300472 0.206745
1.495697e+03 -0.332628 0.162544
1.496782e+03 -0.359267 0.114731
1.497867e+03 -0.379503 0.064029
1.498951e+03 -0.392561 0.011281
1.500036e+03 -0.397806 -0.042569
1.501120e+03 -0.394777 -0.096483
1.502205e+03 -0.383205 -0.149356
1.503290e+03 -0.363036 -0.200041
1.504374e+03 -0.334445 -0.247377
1.505459e+03 -0.297841 -0.290223
1.506544e+03 -0.253868 -0.327496
1.507628e+03 -0.203394 -0.358204
1.508713e+03 -0.147494 -0.381482
1.509797e+03 -0.087425 -0.396623
1.510882e+03 -0.024589 -0.403108
1.511967e+03 0.039501 -0.400629
1.513051e+03 0.103271 -0.389100
1.514136e+03 0.165130 -0.368669
1.515221e+03 0.223522 -0.339713
1.516305e+03 0.276973 -0.302835
1.517390e+03 0.324139 -0.258843
1.518474e+03 0.363846 -0.208728
1.519559e+03 0.395127 -0.153634
1.520644e+03 0.417247 -0.094826
1.521728e+03 0.429725 -0.033653
1.522813e+03 0.432342 0.028492
1.523898e+03 0.425142 0.090207
1.524982e+03 0.408424 0.150124
1.526067e+03 0.382723 0.206934
1.527151e+03 0.348792 0.259429
1.528236e+03 0.307565 0.306522
1.529321e+03 0.260126 0.347273
1.530405e+03 0.207673 0.380908
1.531490e+03 0.151480 0.406832
1.532575e+03 0.092855 0.424639
1.533659e+03 0.033107 0.434117
1.534744e+03 -0.026487 0.435245
1.535828e+03 -0.084717 0.428195
1.536913e+03 -0.140460 0.413313
1.537998e+03 -0.192705 0.391114
1.539082e+03 -0.240571 0.362260
1.540167e+03 -0.283312 0.327538
1.541252e+03 -0.320332 0.287838
1.542336e+03 -0.351181 0.244119
1.543421e+03 -0.375557 0.197384
1.544505e+03 -0.393300 0.148647
1.545590e+03 -0.404384 0.098903
1.546675e+03 -0.408904 0.049099
1.547759e+03 -0.407069 0.000106
1.548844e+03 -0.399185 -0.047298
1.549929e+03 -0.385640 -0.092448
1.551013e+03 -0.366892 -0.134804
1.552098e+03 -0.343450 -0.173949
1.553182e+03 -0.315868 -0.209594
1.554267e+03 -0.284723 -0.241562
1.555352e+03 -0.250608 -0.269783
1.556436e+03 -0.214122 -0.294269
1.557521e+03 -0.175856 -0.315096
1.558606e+03 -0.136390 -0.332384
1.559690e+03 -0.096280 -0.346276
1.560775e+03 -0.056056 -0.356916
1.561859e+03 -0.016216 -0.364435
1.562944e+03 0.022780 -0.368939
1.564029e+03 0.060514 -0.370499
1.565113e+03 0.096610 -0.369150
1.566198e+03 0.130742 -0.364896
1.567283e+03 0.162629 -0.357708
1.568367e+03 0.192043 -0.347541
1.569452e+03 0.218803 -0.334340
1.570536e+03 0.242778 -0.318057
1.571621e+03 0.263884 -0.298661
1.572706e+03 0.282077 -0.276152
1.573790e+03 0.297355 -0.250572
1.574875e+03 0.309742 -0.222013
1.575960e+03 0.319289 -0.190623
1.577044e+03 0.326064 -0.156611
1.578129e+03 0.330139 -0.120245
1.579213e+03 0.331588 -0.081852
1.580298e+03 0.330474 -0.041813
1.581383e+03 0.326847 -0.000559
1.582467e+03 0.320736 0.041439
1.583552e+03 0.312144 0.083680
1.584637e+03 0.301054 0.125635
1.585721e+03 0.287426 0.166763
1.586806e+03 0.271202 0.206513
1.587890e+03 0.252314 0.244339
1.588975e+03 0.230694 0.279701
1.590060e+03 0.206282 0.312075
1.591144e+03 0.179045 0.340960
1.592229e+03 0.148982 0.365881
1.593314e+03 0.116145 0.386393
1.594398e+03 0.080646 0.402093
1.595483e+03 0.042673 0.412614
1.596567e+03 0.002500 0.417642
1.597652e+03 -0.039507 0.416914
1.598737e+03 -0.082885 0.410228
1.599821e+03 -0.127072 0.397450
1.600906e+03 -0.171409 0.378522
1.601991e+03 -0.215145 0.353476
1.603075e+03 -0.257453 0.322437
1.604160e+03 -0.297438 0.285638
1.605244e+03 -0.334165 0.243429
1.606329e+03 -0.366672 0.196282
1.607414e+03 -0.394010 0.144801
1.608498e+03 -0.415261 0.089721
1.609583e+03 -0.429581 0.031908
1.610668e+03 -0.436227 -0.027647
1.611752e+03 -0.434594 -0.087844
1.612837e+03 -0.424247 -0.147486
1.613921e+03 -0.404950 -0.205310
1.615006e+03 -0.376689 -0.260012
1.616091e+03 -0.339692 -0.310285
1.617175e+03 -0.294440 -0.354857
1.618260e+03 -0.241668 -0.392532
1.619345e+03 -0.182361 -0.422229
1.620429e+03 -0.117732 -0.443026
1.621514e+03 -0.049199 -0.454193
1.622598e+03 0.021652 -0.455225
1.623683e+03 0.093111 -0.445866
1.624768e+03 0.163392 -0.426123
1.625852e+03 0.230694 -0.396277
1.626937e+03 0.293247 -0.356877
1.628022e+03 0.349382 -0.308731
1.629106e+03 0.397575 -0.252886
1.630191e+03 0.436504 -0.190600
1.631275e+03 0.465086 -0.123308
1.632360e+03 0.482520 -0.052582
1.633445e+03 0.488304 0.019907
1.634529e+03 0.482256 0.092438
1.635614e+03 0.464512 0.163283
1.636699e+03 0.435527 0.230755
1.637783e+03 0.396050 0.293245
1.638868e+03 0.347103 0.349271
1.639952e+03 0.289944 0.397509
1.641037e+03 0.226030 0.436835
1.642122e+03 0.156965 0.466348
1.643206e+03 0.084456 0.485399
1.644291e+03 0.010262 0.493607
1.645376e+03 -0.063860 0.490874
1.646460e+03 -0.136199 0.477385
1.647545e+03 -0.205138 0.453601
1.648629e+03 -0.269195 0.420254
1.649714e+03 -0.327057 0.378315
1.650799e+03 -0.377607 0.328964
1.651883e+03 -0.419950 0.273555
1.652968e+03 -0.453419 0.213562
1.654053e+03 -0.477589 0.150533
1.655137e+03 -0.492266 0.086033
1.656222e+03 -0.497487 0.021588
1.657306e+03 -0.493497 -0.041362
1.658391e+03 -0.480730 -0.101512
1.659476e+03 -0.459787 -0.157732
1.660560e+03 -0.431402 -0.209091
1.661645e+03 -0.396417 -0.254880
1.662730e+03 -0.355748 -0.294613
1.663814e+03 -0.310360 -0.328022
1.664899e+03 -0.261235 -0.355045
1.665983e+03 -0.209352 -0.375794
1.667068e+03 -0.155664 -0.390527
1.668153e+03 -0.101082 -0.399613
1.669237e+03 -0.046461 -0.403489
1.670322e+03 0.007406 -0.402631
1.671406e+03 0.059798 -0.397515
1.672491e+03 0.110070 -0.388592
1.673576e+03 0.157648 -0.376268
1.674660e+03 0.202039 -0.360890
1.675745e+03 0.242821 -0.342739
1.676830e+03 0.279645 -0.322035
1.677914e+03 0.312236 -0.298937
1.678999e+03 0.340384 -0.273564
1.680083e+03 0.363947 -0.246003
1.681168e+03 0.382848 -0.216329
1.682253e+03 0.397065 -0.184621
1.683337e+03 0.406636 -0.150979
1.684422e+03 0.411644 -0.115538
1.685507e+03 0.412219 -0.078475
1.686591e+03 0.408526 -0.040021
1.687676e+03 0.400758 -0.000462
1.688760e+03 0.389129 0.039859
1.689845e+03 0.373868 0.080548
1.690930e+03 0.355206 0.121165
1.692014e+03 0.333373 0.161229
1.693099e+03 0.308595 0.200231
1.694184e+03 0.281085 0.237645
1.695268e+03 0.251047 0.272934
1.696353e+03 0.218671 0.305569
1.697437e+03 0.184141 0.335030
1.698522e+03 0.147636 0.360821
1.699607e+03 0.109338 0.382477
1.700691e+03 0.069441 0.399567
1.701776e+03 0.028158 0.411704
1.702861e+03 -0.014266 0.418547
1.703945e+03 -0.057547 0.419808
1.705030e+03 -0.101348 0.415253
1.706114e+03 -0.145274 0.404707
1.707199e+03 -0.188862 0.388063
1.708284e+03 -0.231577 0.365286
1.709368e+03 -0.272810 0.336425
1.710453e+03 -0.311881 0.301617
1.711538e+03 -0.348041 0.261104
1.712622e+03 -0.380491 0.215242
1.713707e+03 -0.408390 0.164513
1.714791e+03 -0.430883 0.109535
1.715876e+03 -0.447123 0.051067
1.716961e+03 -0.456307 -0.009987
1.718045e+03 -0.457707 -0.072582
1.719130e+03 -0.450712 -0.135539
1.720215e+03 -0.434861 -0.197570
1.721299e+03 -0.409886 -0.257293
1.722384e+03 -0.375741 -0.313275
1.723468e+03 -0.332633 -0.364066
1.724553e+03 -0.281042 -0.408246
1.725638e+03 -0.221731 -0.444475
1.726722e+03 -0.155748 -0.471542
1.727807e+03 -0.084414 -0.488415
1.728892e+03 -0.009296 -0.494287
1.729976e+03 0.067826 -0.488615
1.731061e+03 0.145010 -0.471151
1.732145e+03 0.220209 -0.441964
1.733230e+03 0.291334 -0.401451
1.734315e+03 0.356327 -0.350341
1.735399e+03 0.413232 -0.289677
1.736484e+03 0.460267 -0.220803
1.737569e+03 0.495887 -0.145328
1.738653e+03 0.518851 -0.065086
1.739738e+03 0.528267 0.017905
1.740822e+03 0.523634 0.101501
1.741907e+03 0.504864 0.183489
1.742992e+03 0.472297 0.261646
1.744076e+03 0.426693 0.333805
1.745161e+03 0.369213 0.397921
1.746246e+03 0.301385 0.452134
1.747330e+03 0.225055 0.494836
1.748415e+03 0.142327 0.524724
1.749499e+03 0.055496 0.540857
1.750584e+03 -0.033032 0.542695
1.751669e+03 -0.120820 0.530133
1.752753e+03 -0.205480 0.503509
1.753838e+03 -0.284754 0.463610
1.754923e+03 -0.356588 0.411648
1.756007e+03 -0.419193 0.349220
1.757092e+03 -0.471102 0.278250
1.758176e+03 -0.511209 0.200920
1.759261e+03 -0.538792 0.119576
1.760346e+03 -0.553519 0.036641
1.761430e+03 -0.555443 -0.045493
1.762515e+03 -0.544978 -0.124552
1.763600e+03 -0.522862 -0.198476
1.764684e+03 -0.490106 -0.265489
1.765769e+03 -0.447947 -0.324160
1.766853e+03 -0.397780 -0.373440
1.767938e+03 -0.341103 -0.412675
1.769023e+03 -0.279458 -0.441602
1.770107e+03 -0.214376 -0.460319
1.771192e+03 -0.147335 -0.469245
1.772277e+03 -0.079721 -0.469057
1.773361e+03 -0.012804 -0.460631
1.774446e+03 0.052283 -0.444969
1.775530e+03 0.114547 -0.423133
1.776615e+03 0.173142 -0.396186
1.777700e+03 0.227360 -0.365141
1.778784e+03 0.276625 -0.330920
1.779869e+03 0.320479 -0.294328
1.780954e+03 0.358574 -0.256045
1.782038e+03 0.390663 -0.216616
1.783123e+03 0.416584 -0.176469
1.784207e+03 0.436257 -0.135923
1.785292e+03 0.449680 -0.095221
1.786377e+03 0.456919 -0.054545
1.787461e+03 0.458108 -0.014049
1.788546e+03 0.453446 0.026124
1.789631e+03 0.443188 0.065816
1.790715e+03 0.427648 0.104839
1.791800e+03 0.407187 0.142970
1.792884e+03 0.382208 0.179940
1.793969e+03 0.353150 0.215437
1.795054e+03 0.320475 0.249110
1.796138e+03 0.284659 0.280577
1.797223e+03 0.246184 0.309437
1.798308e+03 0.205528 0.335283
1.799392e+03 0.163154 0.357711
1.800477e+03 0.119505 0.376335
1.801561e+03 0.075001 0.390794
1.802646e+03 0.030033 0.400765
1.803731e+03 -0.015037 0.405961
1.804815e+03 -0.059866 0.406140
1.805900e+03 -0.104134 0.401105
1.806985e+03 -0.147526 0.390701
1.808069e+03 -0.189723 0.374817
1.809154e+03 -0.230391 0.353388
1.810238e+03 -0.269163 0.326396
1.811323e+03 -0.305628 0.293878
1.812408e+03 -0.339317 0.255938
1.813492e+03 -0.369691 0.212760
1.814577e+03 -0.396143 0.164624
1.815662e+03 -0.417997 0.111933
1.816746e+03 -0.434518 0.055228
1.817831e+03 -0.444930 -0.004789
1.818915e+03 -0.448451 -0.067240
1.820000e+03 -0.444322 -0.131065
1.821085e+03 -0.431859 -0.195023
1.822169e+03 -0.410499 -0.257701
1.823254e+03 -0.379861 -0.317548
1.824339e+03 -0.339796 -0.372906
1.825423e+03 -0.290436 -0.422064
1.826508e+03 -0.232242 -0.463323
1.827592e+03 -0.166033 -0.495057
1.828677e+03 -0.093000 -0.515793
1.829762e+03 -0.014703 -0.524279
1.830846e+03 0.066947 -0.519554
1.831931e+03 0.149734 -0.501010
1.833016e+03 0.231200 -0.468440
1.834100e+03 0.308726 -0.422079
1.835185e+03 0.379628 -0.362622
1.836269e+03 0.441268 -0.291239
1.837354e+03 0.491165 -0.209556
1.838439e+03 0.527116 -0.119639
1.839523e+03 0.547309 -0.023947
1.840608e+03 0.550419 0.074723
1.841693e+03 0.535701 0.173314
1.842777e+03 0.503052 0.268596
1.843862e+03 0.453050 0.357271
1.844946e+03 0.386961 0.436098
1.846031e+03 0.306721 0.502017
1.847116e+03 0.214872 0.552290
1.848200e+03 0.114476 0.584633
1.849285e+03 0.008999 0.597347
1.850370e+03 -0.097838 0.589427
1.851454e+03 -0.202212 0.560651
1.852539e+03 -0.300372 0.511631
1.853623e+03 -0.388809 0.443825
1.854708e+03 -0.464420 0.359501
1.855793e+03 -0.524654 0.261642
1.856877e+03 -0.567645 0.153805
1.857962e+03 -0.592374 0.039891
1.858504e+03 -0.598298 -0.018246
1.858640e+03 -0.599670 -0.032906
1.858648e+03 -0.599929 -0.033836
1.858650e+03 -0.600068 -0.034072
1.858651e+03 -0.600115 -0.034103
1.858651e+03 -0.600145 -0.034112
1.858651e+03 -0.600147 -0.034112
