   10174.5865  0.0530 -6.7284 2    0.0000  2  50009 112 1 1         0 1         
   10197.1007  0.0265 -6.4255 2    0.0000  4  50009 112 1 2         0 1         
   20371.6209  0.0265 -5.8254 2    0.3394  4  50009 112 2 2         1 1         
   20349.1066  0.1059 -6.5254 2    0.3401  4  50009 112 2 2         1 2         
   20386.6300  0.0265 -5.5695 2    0.3401  6  50009 112 2 3         1 2         
   30561.0174  0.0266 -5.2197 2    1.0189  6  50009 112 3 3         2 2         
   30523.4939  0.1585 -6.3669 2    1.0202  6  50009 112 3 3         2 3         
   30576.0261  0.0266 -5.0643 2    1.0202  8  50009 112 3 4         2 3         
   40750.2142  0.0266 -4.8173 2    2.0383  8  50009 112 4 4         3 3         
   40697.6821  0.2108 -6.2498 2    2.0401  8  50009 112 4 4         3 4         
   40765.2223  0.0266 -4.7043 2    2.0401 10  50009 112 4 5         3 4         
   50939.1448  0.0267 -4.5139 2    3.3976 10  50009 112 5 5         4 4         
   50871.6046  0.2625 -6.1586 2    3.3999 10  50009 112 5 5         4 5         
   50954.1521  0.0267 -4.4248 2    3.3999 12  50009 112 5 6         4 5         
   61127.7426  0.0267 -4.2705 2    5.0967 12  50009 112 6 6         5 5         
   61045.1952  0.3137 -6.0846 2    5.0995 12  50009 112 6 6         5 6         
   61142.7489  0.0267 -4.1967 2    5.0995 14  50009 112 6 7         5 6         
   71315.9411  0.0268 -4.0676 2    7.1357 14  50009 112 7 7         6 6         
   71218.3873  0.3641 -6.0231 2    7.1390 14  50009 112 7 7         6 7         
   71330.9461  0.0268 -4.0047 2    7.1390 16  50009 112 7 8         6 7         
   81503.6735  0.0268 -3.8942 2    9.5146 16  50009 112 8 8         7 7         
   81391.1147  0.4137 -5.9709 2    9.5183 16  50009 112 8 8         7 8         
   81518.6772  0.0268 -3.8392 2    9.5183 18  50009 112 8 9         7 8         
   91690.8734  0.0268 -3.7431 2   12.2333 18  50009 112 9 9         8 8         
   91563.3110  0.4623 -5.9262 2   12.2375 18  50009 112 9 9         8 9         
   91705.8755  0.0268 -3.6944 2   12.2375 20  50009 112 910         8 9         
  101877.5560  0.1000 -3.6097 2   15.2917 20 -50009 1121010         9 9         
  101734.9096  0.5098 -5.8874 2   15.2965 20  50009 1121010         910         
  101892.5570  0.1000 -3.5659 2   15.2965 22 -50009 1121011         910         
  112063.4430  0.1000 -3.4907 2   18.6900 22 -50009 1121111        1010         
  111905.8443  0.5561 -5.8537 2   18.6953 22  50009 1121111        1011         
  112078.4400  0.1000 -3.4509 2   18.6953 24 -50009 1121112        1011         
  122248.6119  0.0267 -3.3836 2   22.4280 24  50009 1121212        1111         
  122076.0486  0.6011 -5.8242 2   22.4338 24  50009 1121212        1112         
  122263.6081  0.0267 -3.3472 2   22.4338 26  50009 1121213        1112         
  132433.0410  0.1000 -3.2866 2   26.5058 26 -50009 1121313        1212         
  132245.4561  0.6447 -5.7984 2   26.5121 26  50009 1121313        1213         
  132448.0600  0.1000 -3.2530 2   26.5121 28 -50009 1121314        1213         
  142616.5950  0.1000 -3.1983 2   30.9233 28 -50009 1121414        1313         
  142414.0005  0.6867 -5.7759 2   30.9301 28  50009 1121414        1314         
  142631.5840  0.1000 -3.1671 2   30.9301 30 -50009 1121415        1314         
  152799.2060  0.1000 -3.1175 2   35.6805 30 -50009 1121515        1414         
  152581.6153  0.7272 -5.7563 2   35.6877 30  50009 1121515        1415         
  152814.1720  0.1000 -3.0884 2   35.6877 32 -50009 1121516        1415         
  162980.8080  0.1000 -3.0434 2   40.7773 32 -50009 1121616        1515         
  162748.2342  0.7659 -5.7393 2   40.7851 32  50009 1121616        1516         
  162995.8390  0.1000 -3.0162 2   40.7851 34 -50009 1121617        1516         
  173161.3370  0.1000 -2.9753 2   46.2138 34 -50009 1121717        1616         
  172913.7907  0.8027 -5.7247 2   46.2220 34  50009 1121717        1617         
  173176.3280  0.1000 -2.9496 2   46.2220 36 -50009 1121718        1617         
  183340.7450  0.1000 -2.9125 2   51.9898 36 -50009 1121818        1717         
  183078.2185  0.8377 -5.7124 2   51.9986 36  50009 1121818        1718         
  183355.6780  0.1000 -2.8882 2   51.9986 38 -50009 1121819        1718         
  193518.9460  0.1000 -2.8544 2   58.1054 38 -50009 1121919        1818         
  193241.4511  0.8707 -5.7020 2   58.1146 38  50009 1121919        1819         
  193533.9040  0.1000 -2.8315 2   58.1146 40 -50009 1121920        1819         
  203695.9520  0.1000 -2.8008 2   64.5605 40 -50009 1122020        1919         
  203403.4222  0.9016 -5.6936 2   64.5702 40  50009 1122020        1920         
  203710.8020  0.1000 -2.7790 2   64.5702 42 -50009 1122021        1920         
  213871.4970  0.1000 -2.7512 2   71.3551 42 -50009 1122121        2020         
  213564.0653  0.9303 -5.6870 2   71.3653 42  50009 1122121        2021         
  213886.4910  0.1000 -2.7305 2   71.3653 44 -50009 1122122        2021         
  224045.6840  0.1000 -2.7054 2   78.4890 44 -50009 1122222        2121         
  223723.3141  0.9569 -5.6821 2   78.4998 44  50009 1122222        2122         
  224060.6740  0.1000 -2.6856 2   78.4998 46 -50009 1122223        2122         
  234218.4430  0.1000 -2.6630 2   85.9624 46 -50009 1122323        2222         
  233881.1022  0.9812 -5.6788 2   85.9737 46  50009 1122323        2223         
  234233.4590  0.1000 -2.6440 2   85.9737 48 -50009 1122324        2223         
  244389.6750  0.1000 -2.6238 2   93.7751 48 -50009 1122424        2323         
  244037.3631  1.0033 -5.6770 2   93.7868 48  50009 1122424        2324         
  244404.6740  0.1000 -2.6056 2   93.7868 50 -50009 1122425        2324         
  254559.2770  0.1000 -2.5876 2  101.9270 50 -50009 1122525        2424         
  254192.0306  1.0230 -5.6766 2  101.9393 50  50009 1122525        2425         
  254574.2290  0.1000 -2.5702 2  101.9393 52 -50009 1122526        2425         
  264727.2760  0.1000 -2.5542 2  110.4182 52 -50009 1122626        2525         
  264345.0380  1.0405 -5.6777 2  110.4310 52  50009 1122626        2526         
  264742.1770  0.1000 -2.5375 2  110.4310 54 -50009 1122627        2526         
  274893.4320  0.1000 -2.5235 2  119.2486 54 -50009 1122727        2626         
  274496.3192  1.0557 -5.6801 2  119.2618 54  50009 1122727        2627         
  274908.3610  0.1000 -2.5074 2  119.2618 56 -50009 1122728        2627         
  285057.8680  0.1000 -2.4953 2  128.4180 56 -50009 1122828        2727         
  284645.8076  1.0687 -5.6838 2  128.4318 56  50009 1122828        2728         
  285072.8110  0.1000 -2.4798 2  128.4318 58 -50009 1122829        2728         
  295220.4180  0.1000 -2.4695 2  137.9266 58 -50009 1122929        2828         
  294793.4370  1.0796 -5.6888 2  137.9408 58  50009 1122929        2829         
  295235.3840  0.1000 -2.4545 2  137.9408 60 -50009 1122930        2829         
  305381.0940  0.1000 -2.4460 2  147.7740 60 -50009 1123030        2929         
  304939.1408  1.0884 -5.6950 2  147.7888 60  50009 1123030        2930         
  305395.9990  0.1000 -2.4315 2  147.7888 62 -50009 1123031        2930         
  315539.7400  0.1000 -2.4247 2  157.9605 62 -50009 1123131        3030         
  315082.8527  1.0954 -5.7024 2  157.9757 62  50009 1123131        3031         
  315554.6330  0.1000 -2.4106 2  157.9757 64 -50009 1123132        3031         
  325696.2920  0.1000 -2.4054 2  168.4857 64 -50009 1123232        3131         
  325224.5063  1.1007 -5.7109 2  168.5015 64  50009 1123232        3132         
  325711.3260  0.1000 -2.3918 2  168.5015 66 -50009 1123233        3132         
  335850.8030  0.1000 -2.3881 2  179.3498 66 -50009 1123333        3232         
  335364.0352  1.1046 -5.7206 2  179.3660 66  50009 1123333        3233         
  335865.6590  0.1000 -2.3749 2  179.3660 68 -50009 1123334        3233         
  346002.9990  0.1000 -2.3728 2  190.5526 68 -50009 1123434        3333         
  345501.3730  1.1073 -5.7314 2  190.5693 68  50009 1123434        3334         
  346018.0380  0.1000 -2.3600 2  190.5693 70 -50009 1123435        3334         
  356153.0820  0.1000 -2.3593 2  202.0940 70 -50009 1123535        3434         
  355636.4533  1.1094 -5.7433 2  202.1112 70  50009 1123535        3435         
  356167.9200  0.1000 -2.3468 2  202.1112 72 -50009 1123536        3435         
  366300.7340  0.1000 -2.3475 2  213.9740 72 -50009 1123636        3535         
  365769.2097  1.1111 -5.7562 2  213.9917 72  50009 1123636        3536         
  366315.5760  0.1000 -2.3355 2  213.9917 74 -50009 1123637        3536         
  376446.0220  0.1000 -2.3375 2  226.1925 74 -50009 1123737        3636         
  375899.5758  1.1132 -5.7702 2  226.2107 74  50009 1123737        3637         
  376460.8690  0.1000 -2.3258 2  226.2107 76 -50009 1123738        3637         
  386588.7250  0.0509 -2.3292 2  238.7493 76  50009 1123838        3737         
  386027.4852  1.1162 -5.7852 2  238.7681 76  50009 1123838        3738         
  386603.6016  0.0509 -2.3178 2  238.7681 78  50009 1123839        3738         
  396728.9879  0.0565 -2.3225 2  251.6446 78  50009 1123939        3838         
  396152.8715  1.1208 -5.8012 2  251.6638 78  50009 1123939        3839         
  396743.8574  0.0565 -2.3114 2  251.6638 80  50009 1123940        3839         
  406866.6542  0.0624 -2.3173 2  264.8780 80  50009 1124040        3939         
  406275.6684  1.1280 -5.8182 2  264.8977 80  50009 1124040        3940         
  406881.5165  0.0624 -2.3065 2  264.8977 82  50009 1124041        3940         
  417001.6574  0.0688 -2.3137 2  278.4496 82  50009 1124141        4040         
  416395.8093  1.1385 -5.8362 2  278.4698 82  50009 1124141        4041         
  417016.5122  0.0688 -2.3031 2  278.4698 84  50009 1124142        4041         
  427133.9309  0.0756 -2.3116 2  292.3593 84  50009 1124242        4141         
  426513.2280  1.1534 -5.8551 2  292.3800 84  50009 1124242        4142         
  427148.7780  0.0756 -2.3013 2  292.3800 86  50009 1124243        4142         
  437263.4080  0.0828 -2.3109 2  306.6070 86  50009 1124343        4242         
  436627.8580  1.1737 -5.8750 2  306.6282 86  50009 1124343        4243         
  437278.2473  0.0828 -2.3008 2  306.6282 88  50009 1124344        4243         
  447390.0222  0.0904 -2.3117 2  321.1925 88  50009 1124444        4343         
  446739.6330  1.2004 -5.8958 2  321.2142 88  50009 1124444        4344         
  447404.8535  0.0904 -2.3018 2  321.2142 90  50009 1124445        4344         
  457513.7070  0.0985 -2.3138 2  336.1158 90  50009 1124545        4444         
  456848.4865  1.2344 -5.9176 2  336.1380 90  50009 1124545        4445         
  457528.5300  0.0985 -2.3041 2  336.1380 92  50009 1124546        4445         
  467634.3957  0.1070 -2.3173 2  351.3768 92  50009 1124646        4545         
  466954.3521  1.2766 -5.9402 2  351.3995 92  50009 1124646        4546         
  467649.2104  0.1070 -2.3078 2  351.3995 94  50009 1124647        4546         
  477752.0217  0.1159 -2.3221 2  366.9754 94  50009 1124747        4646         
  477057.1634  1.3278 -5.9638 2  366.9986 94  50009 1124747        4647         
  477766.8278  0.1159 -2.3128 2  366.9986 96  50009 1124748        4647         
  487866.5185  0.1253 -2.3282 2  382.9115 96  50009 1124848        4747         
  487156.8541  1.3886 -5.9883 2  382.9352 96  50009 1124848        4748         
  487881.3159  0.1253 -2.3191 2  382.9352 98  50009 1124849        4748         
  497977.8195  0.1352 -2.3355 2  399.1850 98  50009 1124949        4848         
  497253.3578  1.4594 -6.0137 2  399.2092 98  50009 1124949        4849         
  497992.6080  0.1352 -2.3267 2  399.2092100  50009 1124950        4849         
  508085.8582  0.1455 -2.3442 2  415.7958100  50009 1125050        4949         
  507346.6079  1.5406 -6.0400 2  415.8204100  50009 1125050        4950         
  508100.6375  0.1455 -2.3355 2  415.8204102  50009 1125051        4950         
  518190.5678  0.1563 -2.3540 2  432.7437102  50009 1125151        5050         
  517436.5383  1.6325 -6.0671 2  432.7688102  50009 1125151        5051         
  518205.3379  0.1563 -2.3455 2  432.7688104  50009 1125152        5051         
  528291.8820  0.1675 -2.3651 2  450.0287104  50009 1125252        5151         
  527523.0824  1.7350 -6.0951 2  450.0543104  50009 1125252        5152         
  528306.6425  0.1675 -2.3567 2  450.0543106  50009 1125253        5152         
  538389.7339  0.1793 -2.3773 2  467.6506106  50009 1125353        5252         
  537606.1738  1.8483 -6.1240 2  467.6767106  50009 1125353        5253         
  538404.4848  0.1793 -2.3692 2  467.6767108  50009 1125354        5253         
  548484.0572  0.1915 -2.3907 2  485.6093108  50009 1125454        5353         
  547685.7462  1.9723 -6.1537 2  485.6359108  50009 1125454        5354         
  548498.7983  0.1915 -2.3827 2  485.6359110  50009 1125455        5354         
  558574.7852  0.2042 -2.4053 2  503.9048110  50009 1125555        5454         
  557761.7332  2.1070 -6.1843 2  503.9319110  50009 1125555        5455         
  558589.5162  0.2042 -2.3974 2  503.9319112  50009 1125556        5455         
  568661.8513  0.2175 -2.4210 2  522.5368112  50009 1125656        5555         
  567834.0683  2.2523 -6.2158 2  522.5644112  50009 1125656        5556         
  568676.5721  0.2175 -2.4133 2  522.5644114  50009 1125657        5556         
  578745.1890  0.2312 -2.4379 2  541.5053114  50009 1125757        5656         
  577902.6852  2.4080 -6.2480 2  541.5334114  50009 1125757        5657         
  578759.8993  0.2312 -2.4303 2  541.5334116  50009 1125758        5657         
  588824.7316  0.2455 -2.4558 2  560.8102116  50009 1125858        5757         
  587967.5174  2.5742 -6.2811 2  560.8388116  50009 1125858        5758         
  588839.4314  0.2455 -2.4483 2  560.8388118  50009 1125859        5758         
  598900.4126  0.2604 -2.4748 2  580.4513118  50009 1125959        5858         
  598028.4987  2.7508 -6.3151 2  580.4804118  50009 1125959        5859         
  598915.1016  0.2604 -2.4675 2  580.4804120  50009 1125960        5859         
  608972.1654  0.2758 -2.4949 2  600.4285120  50009 1126060        5959         
  608085.5625  2.9377 -6.3499 2  600.4580120  50009 1126060        5960         
  608986.8435  0.2758 -2.4877 2  600.4580122  50009 1126061        5960         
  619039.9235  0.2917 -2.5161 2  620.7416122  50009 1126161        6060         
  618138.6425  3.1348 -6.3854 2  620.7716122  50009 1126161        6061         
  619054.5904  0.2917 -2.5090 2  620.7716124  50009 1126162        6061         
  629103.6201  0.3082 -2.5383 2  641.3905124  50009 1126262        6161         
  628187.6723  3.3423 -6.4219 2  641.4211124  50009 1126262        6162         
  629118.2757  0.3082 -2.5314 2  641.4211126  50009 1126263        6162         
  639163.1889  0.3253 -2.5616 2  662.3752126  50009 1126363        6262         
  638232.5854  3.5600 -6.4591 2  662.4062126  50009 1126363        6263         
  639177.8329  0.3253 -2.5547 2  662.4062128  50009 1126364        6263         
  649218.5631  0.3429 -2.5859 2  683.6954128  50009 1126464        6363         
  648273.3156  3.7880 -6.4971 2  683.7269128  50009 1126464        6364         
  649233.1954  0.3429 -2.5791 2  683.7269130  50009 1126465        6364         
  659269.6762  0.3612 -2.6112 2  705.3510130  50009 1126565        6464         
  658309.7963  4.0263 -6.5359 2  705.3830130  50009 1126565        6465         
  659284.2967  0.3612 -2.6046 2  705.3830132  50009 1126566        6465         
  669316.4616  0.3800 -2.6375 2  727.3418132  50009 1126666        6565         
  668341.9613  4.2749 -6.5756 2  727.3743132  50009 1126666        6566         
  669331.0700  0.3800 -2.6310 2  727.3743134  50009 1126667        6566         
  679358.8528  0.3995 -2.6649 2  749.6678134  50009 1126767        6666         
  678369.7440  4.5340 -6.6160 2  749.7008134  50009 1126767        6667         
  679373.4489  0.3995 -2.6584 2  749.7008136  50009 1126768        6667         
  689396.7831  0.4195 -2.6932 2  772.3288136  50009 1126868        6767         
  688393.0781  4.8035 -6.6573 2  772.3623136  50009 1126868        6768         
  689411.3668  0.4195 -2.6868 2  772.3623138  50009 1126869        6768         
  699430.1859  0.4402 -2.7225 2  795.3246138  50009 1126969        6868         
  698411.8973  5.0835 -6.6993 2  795.3586138  50009 1126969        6869         
  699444.7571  0.4402 -2.7162 2  795.3586140  50009 1126970        6869         
  709458.9948  0.4616 -2.7527 2  818.6551140  50009 1127070        6969         
  708426.1350  5.3741 -6.7421 2  818.6895140  50009 1127070        6970         
  709473.5531  0.4616 -2.7466 2  818.6895142  50009 1127071        6970         
  719483.1431  0.4836 -2.7840 2  842.3201142  50009 1127171        7070         
  718435.7250  5.6754 -6.7857 2  842.3550142  50009 1127171        7071         
  719497.6884  0.4836 -2.7779 2  842.3550144  50009 1127172        7071         
  729502.5642  0.5062 -2.8162 2  866.3195144  50009 1127272        7171         
  728440.6008  5.9875 -6.8301 2  866.3549144  50009 1127272        7172         
  729517.0964  0.5062 -2.8102 2  866.3549146  50009 1127273        7172         
  739517.1916  0.5295 -2.8493 2  890.6530146  50009 1127373        7272         
  738440.6960  6.3104 -6.8753 2  890.6889146  50009 1127373        7273         
  739531.7104  0.5295 -2.8434 2  890.6889148  50009 1127374        7273         
  749526.9586  0.5535 -2.8834 2  915.3207148  50009 1127474        7373         
  748435.9442  6.6443 -6.9212 2  915.3571148  50009 1127474        7374         
  749541.4639  0.5535 -2.8776 2  915.3571150  50009 1127475        7374         
  759531.7987  0.5781 -2.9185 2  940.3222150  50009 1127575        7474         
  758426.2790  6.9893 -6.9680 2  940.3591150  50009 1127575        7475         
  759546.2903  0.5781 -2.9127 2  940.3591152  50009 1127576        7475         
  769531.6453  0.6035 -2.9544 2  965.6575152  50009 1127676        7575         
  768411.6340  7.3455 -7.0155 2  965.6948152  50009 1127676        7576         
  769546.1230  0.6035 -2.9488 2  965.6948154  50009 1127677        7576         
  779526.4318  0.6295 -2.9913 2  991.3263154  50009 1127777        7676         
  778391.9429  7.7130 -7.0637 2  991.3641154  50009 1127777        7677         
  779540.8954  0.6295 -2.9857 2  991.3641156  50009 1127778        7677         
  789516.0917  0.6563 -3.0291 2 1017.3285156  50009 1127878        7777         
  789530.5410  0.6563 -3.0236 2 1017.3668158  50009 1127879        7778         
  799500.5583  0.6837 -3.0678 2 1043.6639158  50009 1127979        7878         
  799514.9932  0.6837 -3.0624 2 1043.7027160  50009 1127980        7879         
  809479.7652  0.7119 -3.1074 2 1070.3324160  50009 1128080        7979         
  809494.1853  0.7119 -3.1021 2 1070.3717162  50009 1128081        7980         
  819453.6456  0.7409 -3.1479 2 1097.3337162  50009 1128181        8080         
  819468.0509  0.7409 -3.1426 2 1097.3735164  50009 1128182        8081         
  829422.1330  0.7705 -3.1893 2 1124.6677164  50009 1128282        8181         
  829436.5234  0.7705 -3.1841 2 1124.7080166  50009 1128283        8182         
  839385.1609  0.8010 -3.2316 2 1152.3343166  50009 1128383        8282         
  839399.5360  0.8010 -3.2265 2 1152.3750168  50009 1128384        8283         
  849342.6626  0.8322 -3.2748 2 1180.3332168  50009 1128484        8383         
  849357.0224  0.8322 -3.2697 2 1180.3744170  50009 1128485        8384         
  859294.5716  0.8642 -3.3189 2 1208.6642170  50009 1128585        8484         
  859308.9158  0.8642 -3.3138 2 1208.7059172  50009 1128586        8485         
  869240.8213  0.8969 -3.3638 2 1237.3272172  50009 1128686        8585         
  869255.1497  0.8969 -3.3588 2 1237.3693174  50009 1128687        8586         
  879181.3450  0.9305 -3.4096 2 1266.3219174  50009 1128787        8686         
  879195.6576  0.9305 -3.4047 2 1266.3646176  50009 1128788        8687         
  889116.0764  0.9648 -3.4563 2 1295.6482176  50009 1128888        8787         
  889130.3728  0.9648 -3.4514 2 1295.6914178  50009 1128889        8788         
  899044.9486  1.0000 -3.5038 2 1325.3060178  50009 1128989        8888         
  899059.2288  1.0000 -3.4990 2 1325.3496180  50009 1128990        8889         
  908967.8953  1.0360 -3.5522 2 1355.2949180  50009 1129090        8989         
  908982.1589  1.0360 -3.5474 2 1355.3389182  50009 1129091        8990         
  918884.8497  1.0728 -3.6014 2 1385.6148182  50009 1129191        9090         
  918899.0967  1.0728 -3.5967 2 1385.6593184  50009 1129192        9091         
  928795.7453  1.1104 -3.6515 2 1416.2655184  50009 1129292        9191         
  928809.9755  1.1104 -3.6469 2 1416.3105186  50009 1129293        9192         
  938700.5156  1.1489 -3.7024 2 1447.2468186  50009 1129393        9292         
  938714.7287  1.1489 -3.6978 2 1447.2923188  50009 1129394        9293         
  948599.0939  1.1883 -3.7542 2 1478.5584188  50009 1129494        9393         
  948613.2897  1.1883 -3.7497 2 1478.6044190  50009 1129495        9394         
  958491.4136  1.2285 -3.8068 2 1510.2003190  50009 1129595        9494         
  958505.5921  1.2285 -3.8023 2 1510.2468192  50009 1129596        9495         
  968377.4083  1.2696 -3.8603 2 1542.1721192  50009 1129696        9595         
  968391.5691  1.2696 -3.8558 2 1542.2191194  50009 1129697        9596         
  978257.0112  1.3115 -3.9145 2 1574.4737194  50009 1129797        9696         
  978271.1543  1.3115 -3.9101 2 1574.5211196  50009 1129798        9697         
  988130.1559  1.3544 -3.9696 2 1607.1049196  50009 1129898        9797         
  988144.2810  1.3544 -3.9653 2 1607.1527198  50009 1129899        9798         
  997996.7757  1.3982 -4.0255 2 1640.0653198  50009 1129999        9898         
