####018000691####
SSVX13 LFVW 050546
ZZYY 56525 05029 0510/ 332168 071343 6112/
11119 30205 40205 54000
22219 00223
444 20120 05029 0529/ 50101 80100 80100 9/015=
ZZYY 56525 05029 0410/ 332180 071368 6111/
11119 30205 40205 52009
22219 00223
444 20110 05029 0351/ 50101 80100 80100 9/015=
ZZYY 56520 05029 0530/ 316963 083545 6111/
11119 30117 40117 57004
22219 00275
444 20110 05029 0226/ 50101 80110 80000 9/015=
ZZYY 56522 05029 0400/ 324670 068313 6112/
11119 30146 40146 52010
22219 00280
444 20120 05029 0349/ 50101 80110 80000 9/015=
ZZYY 56522 05029 0500/ 324673 068293 6111/
11119 30146 40146 52005
22219 00282
444 20110 05029 0528/ 50101 80110 80000 9/015=
####018001167####
SSVX02 LFVW 050546
ZZYY 56945 05029 0430/ 352759 073695 6112/
11119 40158 57021
22219 00038
444 20120 05029 0236/ 50101 80110 80011 9/015=
ZZYY 56946 05029 0420/ 349576 074757 6112/
11119 40259 57006
22219 00039
444 20120 05029 0235/ 50101 80110 80008 9/015=
ZZYY 56946 05029 0520/ 349576 074757 6112/
11119 40257 57008
22219 00039
444 20120 05029 0235/ 50101 80110 80005 9/015=
ZZYY 23959 05029 0520/ 106378 075629 6113/
11119 40144 57002
22219 00285
444 50101 80130 80000 9/015=
ZZYY 56935 05029 0400/ 310547 054264 6113/
11119 40108 52017
22219 00290
444 20130 05029 0527/ 50101 80110 80000 9/015=
ZZYY 56935 05029 0500/ 310547 054264 6113/
11119 40109 52016
22219 00290
444 20130 05029 0527/ 50101 80120 80000 9/015=
ZZYY 56935 05029 0200/ 310544 054198 6113/
11119 40093 52005
22219 00291
444 20130 05029 0131/ 50101 80120 80000 9/015=
ZZYY 56934 05029 0410/ 320030 080231 6113/
11119 30138 40138 52003
22219 00270
444 20130 05029 0347/ 50101 80011 80000 9/015=
ZZYY 56934 05029 0510/ 320024 080222 6112/
11119 30134 40134 57004
22219 00271
444 20120 05029 0527/ 50101 80011 80000 9/015=
####018000273####
SSVX01 DEMS 051045
ZZYY 23451 05029 04001 110522 091655 111// 0//03 10263 40175 222//
00273 1////=
ZZYY 23170 05029 04001 108322 072641 111// 0//00 10/// 40154 222//
00282 1////=
ZZYY 23494 05029 04001 106973 074986 111// 02800 10/// 40158 222//
00288 1////=
####018002429####
SSVX08 KARS 050553
ZZYY 23007 05029 03004 108014 088993 6111/
11119 00214 10274 29074
22219 00276
444 20110 05029 0338/ 521// 60401=
ZZYY 23007 04029 1200/ 108017 089002 6113/
33311 88872 20001 32763 43275 20020 32761 43306 20040 32772 43347
20080 32786 20100 32530 20120 32206 20140 31997 20180 31595
20300 31186 20500 30997
444 20130 04029 1504/ 521//=
ZZYY 23009 05029 03004 114995 090004 6112/
11119 00210 10253 29068 40159
22219 00262
444 20120 05029 0339/ 521// 60401=
ZZYY 23009 04029 1200/ 114991 090009 6111/
33311 88872 20001 32633 43208 20020 32710 43311 20040 32723 43357
20060 32704 43372 20080 32563 20100 32288 20120 32100 20140 31901
20180 31546 20300 31189 20500 30995
444 20110 04029 1346/ 521//=
ZZYY 23008 05029 03004 111929 089900 6111/
11119 00211 10258 29064
22219 00272
444 20110 05029 0337/ 521// 60401=
ZZYY 23008 04029 1200/ 111930 089901 6112/
33311 88872 20001 32725 43342 20020 32723 43345 20040 32741 43370
20060 32720 43392 20080 32669 20100 32431 20120 32145 20140 31909
20180 31530 20300 31191 20500 31011
444 20120 04029 1504/ 521//=
ZZYY 53005 05029 03004 307992 080487 6111/
11119 02005 10287 29071
22219 00292
444 20110 05029 0225/ 521// 60401=
ZZYY 53005 04029 1200/ 307988 080494 6112/
33311 88872 20001 32925 43387 20020 32865 43414 20040 32740 43430
20080 32154 20100 31853 20120 31718 20140 31583 20180 31385
20300 31144 20500 30919
444 20120 04029 1305/ 521//=
ZZYY 23003 05029 0300/ 301518 080516 6112/
22219 00289
444 20120 05029 0343/ 521//=
ZZYY 23003 04029 1200/ 301517 080520 6112/
33311 88872 20001 32919 43491 20020 32899 43493 20040 32857 43490
20060 32818 43503 20080 32405 20100 31980 20120 31880 20140 31667
20180 31412 20300 31143 20500 30928
444 20120 04029 1306/ 521//=
ZZYY 23001 05029 03004 100072 080535 6112/
11119 02308 10254 29086 40140
22219 00288
444 20120 05029 0340/ 521// 60401=
ZZYY 23001 04029 1200/ 100066 080532 6111/
33311 88872 20001 32893 43465 20020 32880 20040 32855 43478
20060 32813 43512 20080 32753 20120 31734 20140 31567 20180 31386
20300 31181 20500 30946
444 20110 04029 1306/ 521//=
ZZYY 23002 04029 1200/ 101579 080477 6113/
33311 88872 20001 32877 43482 20020 32869 43494 20040 32861 43487
20060 32849 43524 20080 32642 20100 32274 20120 31892 20140 31652
20180 31411 20300 31159 20500 30971
444 20130 04029 1307/ 521//=
####018010331####
SSVX02 KARS 050553
ZZYY 23511 05029 0310/ 125168 060346 6113/
11119 40159 52004
22219 00233
33311 88870 20000 32332 20013 32324
444 20130 05029 0120/ 50101 80011 80025 9/015=
ZZYY 55960 05029 0530/ 323723 157163 6111/
22219 00261
444 20110 05029 0405/ 50101 80012 80078 9/015=
ZZYY 51830 05029 0531/ 314975 178585 6113/
22219 00291
444 20130 05029 0423/ 50101 80012 80021 9/015=
ZZYY 51754 05029 0530/ 515621 177161 6112/
22219 00288
444 20120 05029 0423/ 50101 80011 80000 9/015=
ZZYY 22540 05029 0359/ 110729 108589 6111/
22219 00235
444 20110 05029 0338/ 50101 8//// 80099 9/015=
ZZYY 51751 05029 0531/ 517153 165527 6113/
444 20130 05029 0423/ 50101 9/015=
ZZYY 41904 05029 0400/ 307141 099358 6112/
22219 00286
444 20120 05029 0343/ 50101 8//// 80015 9/015=
ZZYY 23679 05029 0359/ 110198 080140 6112/
22219 00267
444 20120 05029 0356/ 50101 8//// 80099 9/015=
ZZYY 23903 05029 0400/ 308193 103300 6112/
444 20120 05029 0342/ 50101 9/015=
ZZYY 51817 05029 0530/ 514810 165029 6111/
444 20110 05029 0423/ 50101 9/015=
ZZYY 51747 05029 0531/ 519067 170470 6113/
22219 00285
444 20130 05029 0422/ 50101 80012 80021 9/015=
ZZYY 55952 05029 0530/ 336476 179902 6111/
22219 00213
444 20110 05029 0527/ 50101 80006 80017 9/015=
ZZYY 55951 05029 0531/ 323361 161041 6111/
22219 00258
444 20110 05029 0405/ 50101 80006 80033 9/015=
ZZYY 51775 05029 0530/ 314631 166247 6111/
22219 00292
444 20110 05029 0405/ 50101 80012 80036 9/015=
ZZYY 51716 05029 0531/ 315147 174982 6111/
22219 00292
444 20110 05029 0423/ 50101 80011 80015 9/015=
ZZYY 51512 05029 0531/ 312156 156600 6112/
444 20120 05029 0408/ 50101 9/015=
ZZYY 51812 05029 0531/ 512313 172424 6113/
22219 00295
444 20130 05029 0423/ 50101 80012 80047 9/015=
ZZYY 51646 05029 0531/ 311357 156846 6112/
444 20120 05029 0408/ 50101 9/015=
ZZYY 51612 05029 0531/ 318606 165697 6111/
22219 00281
444 20110 05029 0405/ 50101 80010 80022 9/015=
ZZYY 54941 05029 0531/ 316552 166968 6112/
22219 00287
444 20120 05029 0406/ 50101 80010 80012 9/015=
ZZYY 51620 05029 0531/ 314864 170647 6111/
22219 00292
444 20110 05029 0406/ 50101 80011 80030 9/015=
ZZYY 54934 05029 0531/ 528770 163889 6112/
22219 00257
444 20120 05029 0420/ 50101 80008 80022 9/015=
ZZYY 51826 05029 0530/ 513609 171952 6113/
444 20130 05029 0423/ 50101 9/015=
ZZYY 51659 05029 0530/ 338174 151815 6111/
22219 00228
444 20110 05029 0220/ 50101 80011 80018 9/015=
ZZYY 23686 05029 0357/ 113123 066691 6112/
444 20120 05029 0123/ 50101 9/015=
ZZYY 16600 05029 0430/ 346753 164594 6112/
444 20120 05029 0358/ 50101 9/015=
ZZYY 54912 05029 0420/ 543345 147953 6113/
11119 30104 40104 57004
22219 00155
444 20130 05029 0414/ 50101 8//// 80000 9/015=
ZZYY 16597 05029 0420/ 347616 167112 6113/
22219 00134
444 20130 05029 0358/ 50101 8//// 80007 9/015=
ZZYY 16597 05029 0520/ 347616 167112 6113/
444 20130 05029 0358/ 50101 9/015=
ZZYY 16950 05029 0440/ 350446 165567 6112/
11119 30100 40100 57043
22219 00105
444 20120 05029 0359/ 50101 8//// 80073 9/015=
ZZYY 55614 05029 0430/ 540362 154360 6111/
22219 00190
444 20110 05029 0347/ 50101 8//// 80000 9/015=
ZZYY 16571 05029 0500/ 541573 156594 6111/
11119 30105 40105 57014
22219 00173
444 20110 05029 0527/ 50101 8//// 80016 9/015=
ZZYY 33947 05029 0530/ 557441 179877 6112/
11119 39969 49969 57008
22219 00060
444 20120 05029 0411/ 50101 8//// 80100 9/015=
ZZYY 16558 05029 0430/ 551718 164706 6111/
11119 39887 49887 57004
22219 00108
444 20110 05029 0412/ 50101 8//// 80095 9/015=
ZZYY 16591 05029 0440/ 548074 164158 6112/
11119 39996 49996 57015
22219 00138
444 20120 05029 0413/ 50101 8//// 80100 9/015=
ZZYY 55938 05029 0530/ 538802 158378 6111/
11119 30078 40078 57025
22219 00192
444 20110 05029 0527/ 50101 8//// 80013 9/015=
ZZYY 55938 05029 0430/ 538787 158361 6111/
11119 30091 40091 57017
22219 00192
444 20110 05029 0416/ 50101 8//// 80043 9/015=
ZZYY 51660 05029 0531/ 325381 174198 6111/
22219 00260
444 20110 05029 0421/ 50101 80006 80015 9////=
ZZYY 55950 05029 0531/ 328815 157315 6112/
22219 00248
444 20120 05029 0403/ 50101 80008 80015 9/015=
ZZYY 55920 05029 0440/ 542304 150868 6112/
11119 30116 40116 57006
444 20120 05029 0414/ 50101 8//// 80000 9/015=
ZZYY 55923 05029 0430/ 529722 161991 6112/
11119 30125 40125 57002
22219 00263
444 20120 05029 0417/ 50101 8//// 80000 9/015=
ZZYY 16576 05029 0450/ 333866 178408 6112/
11119 30121 40121 57006
22219 00221
444 20120 05029 0418/ 50101 8//// 80043 9////=
ZZYY 54943 05029 0450/ 530448 159589 6111/
11119 30132 40132 54000
22219 00255
444 20110 05029 0418/ 50101 8//// 80000 9////=
ZZYY 54930 05029 0450/ 327809 175151 6111/
11119 30064 40064 57013
22219 00258
444 20110 05029 0419/ 50101 8//// 80000 9/015=
ZZYY 54930 05029 0400/ 327806 175139 6112/
11119 30069 40069 57014
22219 00259
444 20120 05029 0402/ 50101 8//// 80006 9/015=
ZZYY 55901 05029 0450/ 525516 163798 6112/
11119 30126 40126 52002
22219 00281
444 20120 05029 0419/ 50101 80010 80000 9/015=
ZZYY 51736 05029 0531/ 313726 156442 6112/
444 20120 05029 0408/ 50101 9/015=
ZZYY 52597 05029 0531/ 316318 164378 6111/
22219 00280
444 20110 05029 0405/ 50101 8//// 80097 9/015=
ZZYY 32547 05029 0531/ 522681 174392 6111/
22219 00275
444 20110 05029 0421/ 50101 80006 9////=
ZZYY 16523 05029 0529/ 337792 175249 6112/
444 20120 05029 0220/ 50101 80009 80000 9/015=
ZZYY 23692 05029 0358/ 109826 080181 6112/
444 20120 05029 0520/ 50101 9/015=
ZZYY 23675 05029 0400/ 116703 064732 6113/
22219 00260
444 20130 05029 0517/ 50101 80016 80000 9/015=
ZZYY 23676 05029 0400/ 111816 071547 6111/
22219 00287
444 20110 05029 0357/ 50101 80016 80010 9/015=
ZZYY 23677 05029 0400/ 114985 067591 6112/
22219 00279
444 20120 05029 0123/ 50101 80016 80000 9/015=
ZZYY 55609 05029 0450/ 354870 164861 6113/
11119 49992 57022
22219 00092
444 20130 05029 0357/ 50101 80012 80011 9/015=
ZZYY 55628 05029 0450/ 359023 154021 6112/
11119 49839 57117
22219 00028
444 20120 05029 0526/ 50101 80012 80009 9/015=
ZZYY 55618 05029 0450/ 356399 165853 6111/
11119 49989 57029
22219 00058
444 20110 05029 0527/ 50101 80012 80011 9/015=
ZZYY 55600 05029 0450/ 349812 167256 6111/
11119 40112 57014
22219 00102
444 20110 05029 0527/ 50101 80012 80006 9/015=
ZZYY 53975 05029 0400/ 114943 111573 6113/
22219 00247
444 20130 05029 0356/ 500//=
ZZYY 55597 05029 0450/ 359966 162310 6111/
11119 49948 57040
22219 00038
444 20110 05029 0341/ 50101 80012 80000 9/015=
ZZYY 55598 05029 0450/ 357242 179781 6112/
11119 49998 52017
22219 00061
444 20120 05029 0411/ 50101 80012 80000 9/015=
ZZYY 55599 05029 0450/ 354011 168648 6112/
11119 40037 57008
22219 00086
444 20120 05029 0527/ 50101 80012 80014 9/015=
ZZYY 55593 05029 0530/ 330160 160333 6112/
22219 00248
444 20120 05029 0403/ 50101 80012 80109 9/015=
ZZYY 55591 05029 0450/ 344700 175335 6111/
11119 40182 57022
22219 00150
444 20110 05029 0527/ 50101 80012 80005 9/015=
ZZYY 55568 05029 0450/ 552483 177991 6111/
11119 40055 52026
22219 00097
444 20110 05029 0411/ 50101 80012 80000 9/015=
ZZYY 55569 05029 0450/ 345481 174473 6112/
11119 40293 57110
22219 00137
444 20120 05029 0414/ 50101 80012 80000 9/015=
ZZYY 55570 05029 0450/ 347911 172946 6112/
11119 40189 57011
22219 00114
444 20120 05029 0413/ 50101 80011 80016 9/015=
ZZYY 55567 05029 0530/ 327237 155828 6112/
22219 00258
444 20120 05029 0404/ 50101 80012 80092 9/015=
ZZYY 55565 05029 0450/ 349270 177746 6112/
11119 40126 52005
22219 00091
444 20120 05029 0412/ 50101 80012 80000 9/015=
ZZYY 55566 05029 0450/ 343856 173679 6111/
22219 00152
444 20110 05029 0415/ 50101 80012 80000 9/015=
ZZYY 22913 05029 0359/ 116611 110552 6112/
22219 00240
444 20120 05029 0336/ 50101 80012 80000 9/015=
ZZYY 55563 05029 0500/ 552062 176850 6112/
11119 40032 52012
22219 00112
444 20120 05029 0412/ 50101 80012 80000 9/015=
ZZYY 55564 05029 0500/ 345271 174599 6113/
11119 40172 57007
22219 00144
444 20130 05029 0528/ 50101 80012 80000 9/015=
ZZYY 55561 05029 0530/ 323977 162922 6111/
22219 00252
444 20110 05029 0406/ 50101 80012 80149 9/015=
ZZYY 51904 05029 0530/ 511747 179555 6112/
22219 00293
444 20120 05029 0425/ 50101 80012 80024 9/015=
ZZYY 54947 05029 0500/ 537638 152820 6111/
11119 40111 57014
22219 00197
444 20110 05029 0416/ 50101 80012 80000 9/015=
ZZYY 54948 05029 0450/ 538828 160156 6113/
11119 40079 57022
22219 00186
444 20130 05029 0416/ 50101 80012 80000 9/015=
ZZYY 54949 05029 0500/ 535971 154970 6111/
11119 40120 57007
22219 00214
444 20110 05029 0528/ 50101 80012 80000 9/015=
ZZYY 55955 05029 0500/ 543237 175019 6112/
11119 40152 52005
22219 00169
444 20120 05029 0415/ 50101 80011 80000 9/015=
ZZYY 55956 05029 0500/ 541412 164539 6112/
11119 40095 57009
22219 00172
444 20120 05029 0527/ 50101 80011 80000 9/015=
ZZYY 55953 05029 0500/ 538044 170519 6113/
11119 40119 52002
22219 00207
444 20130 05029 0527/ 50101 80011 80000 9/015=
ZZYY 55958 05029 0500/ 541569 164773 6113/
11119 40093 57010
22219 00172
444 20130 05029 0527/ 50101 80011 80000 9/015=
ZZYY 55959 05029 0500/ 543965 150420 6111/
11119 40101 57012
22219 00149
444 20110 05029 0526/ 50101 80012 80000 9/015=
ZZYY 55957 05029 0500/ 541770 160278 6111/
11119 40098 57011
22219 00172
444 20110 05029 0526/ 50101 80011 80000 9/015=
ZZYY 55954 05029 0450/ 541367 159783 6112/
11119 40101 57014
22219 00179
444 20120 05029 0415/ 50101 80012 80000 9/015=
ZZYY 51889 05029 0531/ 311055 177910 6111/
22219 00294
444 20110 05029 0424/ 50101 80010 80006 9/015=
ZZYY 51879 05029 0530/ 314359 179746 6111/
22219 00294
444 20110 05029 0424/ 50101 80012 80003 9/015=
ZZYY 51878 05029 0530/ 511508 178422 6112/
22219 00295
444 20120 05029 0424/ 50101 80012 80016 9/015=
ZZYY 51871 05029 0531/ 317452 176960 6112/
22219 00294
444 20120 05029 0422/ 50101 80012 80016 9/015=
ZZYY 51852 05029 0531/ 315911 175335 6112/
22219 00296
444 20120 05029 0423/ 50101 80012 80020 9/015=
