02,72,04000US72,IA,21,21,001, ,2002,44, ,107000, ,18834, ,4147, ,949, ,16, ,3, 
02,72,04000US72,IA,21,21,204, ,2002,5, ,1356, ,189, ,3, ,0, ,1, ,0, 
02,72,04000US72,IA,21,21,213, ,2002,2, ,0,D,0,D,0,D,0,a,0,D,0,D
02,72,04000US72,IA,21,21,214, ,2002,1, ,0,D,0,D,0,D,0,a,0,D,0,D
02,72,04000US72,IA,21,21,215, ,2002,3, ,1345, ,133, ,27, ,10, ,0, ,0, 
02,72,04000US72,IA,21,21,221, ,2002,2, ,0,D,0,D,0,D,0,a,0,D,0,D
02,72,04000US72,IA,21,21,222, ,2002,5, ,3480, ,426, ,90, ,40, ,6, ,0, 
02,72,04000US72,IA,21,21,223, ,2002,5, ,7179, ,957, ,209, ,54, ,2, ,0, 
02,72,04000US72,IA,21,21,232, ,2002,0, ,0, ,0, ,0, ,0, ,0, ,0, 
02,72,04000US72,IA,21,21,241, ,2002,16, ,46039, ,9440, ,2176, ,478, ,5, ,1, 
02,72,04000US72,IA,21,21,243, ,2002,5, ,46484, ,7487, ,1571, ,352, ,0, ,0, 
02,72,04000US72,IA,21,212,001, ,2002,42, ,0,D,0,D,0,D,0,f,0,D,0,D
02,72,04000US72,IA,21,212,204, ,2002,4, ,0,D,0,D,0,D,0,a,0,D,0,D
02,72,04000US72,IA,21,212,213, ,2002,2, ,0,D,0,D,0,D,0,a,0,D,0,D
02,72,04000US72,IA,21,212,214, ,2002,1, ,0,D,0,D,0,D,0,a,0,D,0,D
02,72,04000US72,IA,21,212,215, ,2002,3, ,1345, ,133, ,27, ,10, ,0, ,0, 
02,72,04000US72,IA,21,212,221, ,2002,2, ,0,D,0,D,0,D,0,a,0,D,0,D
02,72,04000US72,IA,21,212,222, ,2002,5, ,3480, ,426, ,90, ,40, ,6, ,0, 
02,72,04000US72,IA,21,212,223, ,2002,4, ,0,D,0,D,0,D,0,b,0,D,0,D
02,72,04000US72,IA,21,212,232, ,2002,0, ,0, ,0, ,0, ,0, ,0, ,0, 
02,72,04000US72,IA,21,212,241, ,2002,16, ,46039, ,9440, ,2176, ,478, ,5, ,1, 
02,72,04000US72,IA,21,212,243, ,2002,5, ,46484, ,7487, ,1571, ,352, ,0, ,0, 
02,72,04000US72,IA,21,213,001, ,2002,2, ,0,D,0,D,0,D,0,a,0,D,0,D
02,72,04000US72,IA,21,213,204, ,2002,1, ,0,D,0,D,0,D,0,a,0,D,0,D
02,72,04000US72,IA,21,213,213, ,2002,0, ,0, ,0, ,0, ,0, ,0, ,0, 
02,72,04000US72,IA,21,213,214, ,2002,0, ,0, ,0, ,0, ,0, ,0, ,0, 
02,72,04000US72,IA,21,213,215, ,2002,0, ,0, ,0, ,0, ,0, ,0, ,0, 
02,72,04000US72,IA,21,213,221, ,2002,0, ,0, ,0, ,0, ,0, ,0, ,0, 
02,72,04000US72,IA,21,213,222, ,2002,0, ,0, ,0, ,0, ,0, ,0, ,0, 
02,72,04000US72,IA,21,213,223, ,2002,1, ,0,D,0,D,0,D,0,a,0,D,0,D
02,72,04000US72,IA,21,213,232, ,2002,0, ,0, ,0, ,0, ,0, ,0, ,0, 
02,72,04000US72,IA,21,213,241, ,2002,0, ,0, ,0, ,0, ,0, ,0, ,0, 
02,72,04000US72,IA,21,213,243, ,2002,0, ,0, ,0, ,0, ,0, ,0, ,0, 
02,72,04000US72,IA,22,22,001, ,2002,18, ,369932, ,21040, ,4447, ,503, ,6, ,0, 
02,72,04000US72,IA,22,22,204, ,2002,1, ,0,D,0,D,0,D,0,a,0,D,0,D
02,72,04000US72,IA,22,22,213, ,2002,5, ,328, ,37, ,10, ,5, ,1, ,0, 
02,72,04000US72,IA,22,22,214, ,2002,3, ,0,D,0,D,0,D,0,a,0,D,0,D
02,72,04000US72,IA,22,22,215, ,2002,1, ,0,D,0,D,0,D,0,a,0,D,0,D
02,72,04000US72,IA,22,22,221, ,2002,2, ,0,D,0,D,0,D,0,a,0,D,0,D
02,72,04000US72,IA,22,22,222, ,2002,0, ,0, ,0, ,0, ,0, ,0, ,0, 
02,72,04000US72,IA,22,22,223, ,2002,1, ,0,D,0,D,0,D,0,a,0,D,0,D
02,72,04000US72,IA,22,22,232, ,2002,1, ,0,D,0,D,0,D,0,a,0,D,0,D
02,72,04000US72,IA,22,22,241, ,2002,1, ,0,D,0,D,0,D,0,b,0,D,0,D
02,72,04000US72,IA,22,22,243, ,2002,3, ,358489, ,18954, ,3959, ,403, ,2, ,0, 
02,72,04000US72,IA,22,221,001, ,2002,18, ,369932, ,21040, ,4447, ,503, ,6, ,0, 
02,72,04000US72,IA,22,221,204, ,2002,1, ,0,D,0,D,0,D,0,a,0,D,0,D
02,72,04000US72,IA,22,221,213, ,2002,5, ,328, ,37, ,10, ,5, ,1, ,0, 
02,72,04000US72,IA,22,221,214, ,2002,3, ,0,D,0,D,0,D,0,a,0,D,0,D
02,72,04000US72,IA,22,221,215, ,2002,1, ,0,D,0,D,0,D,0,a,0,D,0,D
02,72,04000US72,IA,22,221,221, ,2002,2, ,0,D,0,D,0,D,0,a,0,D,0,D
02,72,04000US72,IA,22,221,222, ,2002,0, ,0, ,0, ,0, ,0, ,0, ,0, 
02,72,04000US72,IA,22,221,223, ,2002,1, ,0,D,0,D,0,D,0,a,0,D,0,D
02,72,04000US72,IA,22,221,232, ,2002,1, ,0,D,0,D,0,D,0,a,0,D,0,D
02,72,04000US72,IA,22,221,241, ,2002,1, ,0,D,0,D,0,D,0,b,0,D,0,D
02,72,04000US72,IA,22,221,243, ,2002,3, ,358489, ,18954, ,3959, ,403, ,2, ,0, 
02,72,04000US72,IA,48,48-49,001,002,2002,1071, ,2076573, ,253758, ,62471, ,13137, ,636, ,67, 
02,72,04000US72,IA,48,48-49,204, ,2002,110, ,24897, ,2774, ,74, ,0, ,18, ,1, 
02,72,04000US72,IA,48,48-49,213, ,2002,257, ,38578, ,4455, ,1062, ,257, ,127, ,22, 
02,72,04000US72,IA,48,48-49,214, ,2002,116, ,51024, ,3790, ,904, ,232, ,70, ,8, 
02,72,04000US72,IA,48,48-49,215, ,2002,155, ,87994, ,7916, ,2004, ,536, ,159, ,18, 
02,72,04000US72,IA,48,48-49,221, ,2002,93, ,76728, ,10212, ,2607, ,509, ,51, ,4, 
02,72,04000US72,IA,48,48-49,222, ,2002,77, ,69175, ,10317, ,2492, ,601, ,71, ,1, 
02,72,04000US72,IA,48,48-49,223, ,2002,81, ,110104, ,16837, ,4042, ,959, ,36, ,8, 
02,72,04000US72,IA,48,48-49,232, ,2002,40, ,73814, ,10624, ,2649, ,672, ,35, ,3, 
02,72,04000US72,IA,48,48-49,241, ,2002,79, ,621604, ,55864, ,13779, ,2368, ,39, ,0, 
02,72,04000US72,IA,48,48-49,243, ,2002,63, ,922655, ,130969, ,32858, ,7003, ,30, ,2, 
02,72,04000US72,IA,48,481,001,001,2002,36, ,147208, ,16890, ,3875, ,703, ,10, ,2, 
02,72,04000US72,IA,48,481,204, ,2002,3, ,2155, ,173, ,0, ,0, ,0, ,0, 
02,72,04000US72,IA,48,481,213, ,2002,3, ,525, ,50, ,11, ,3, ,0, ,0, 
02,72,04000US72,IA,48,481,214, ,2002,1, ,0,D,0,D,0,D,0,a,0,D,0,D
02,72,04000US72,IA,48,481,215, ,2002,4, ,9907, ,485, ,118, ,15, ,2, ,1, 
02,72,04000US72,IA,48,481,221, ,2002,8, ,12399, ,1165, ,256, ,44, ,2, ,1, 
02,72,04000US72,IA,48,481,222, ,2002,2, ,0,D,0,D,0,D,0,a,0,D,0,D
02,72,04000US72,IA,48,481,223, ,2002,3, ,7696, ,1146, ,247, ,37, ,1, ,0, 
02,72,04000US72,IA,48,481,232, ,2002,3, ,10642, ,1080, ,256, ,49, ,0, ,0, 
02,72,04000US72,IA,48,481,241, ,2002,5, ,31462, ,5124, ,1250, ,178, ,3, ,0, 
02,72,04000US72,IA,48,481,243, ,2002,4, ,70086, ,7379, ,1675, ,359, ,2, ,0, 
02,72,04000US72,IA,48,483,001, ,2002,19, ,74811, ,14457, ,3532, ,591, ,8, ,0, 
02,72,04000US72,IA,48,483,204, ,2002,0, ,0, ,0, ,0, ,0, ,0, ,0, 
02,72,04000US72,IA,48,483,213, ,2002,4, ,539, ,169, ,45, ,4, ,0, ,0, 
02,72,04000US72,IA,48,483,214, ,2002,1, ,0,D,0,D,0,D,0,a,0,D,0,D
02,72,04000US72,IA,48,483,215, ,2002,2, ,0,D,0,D,0,D,0,a,0,D,0,D
02,72,04000US72,IA,48,483,221, ,2002,0, ,0, ,0, ,0, ,0, ,0, ,0, 
02,72,04000US72,IA,48,483,222, ,2002,1, ,0,D,0,D,0,D,0,a,0,D,0,D
02,72,04000US72,IA,48,483,223, ,2002,1, ,0,D,0,D,0,D,0,a,0,D,0,D
02,72,04000US72,IA,48,483,232, ,2002,2, ,0,D,0,D,0,D,0,b,0,D,0,D
02,72,04000US72,IA,48,483,241, ,2002,4, ,0,D,0,D,0,D,0,c,0,D,0,D
02,72,04000US72,IA,48,483,243, ,2002,4, ,48648, ,8619, ,2087, ,401, ,1, ,0, 
02,72,04000US72,IA,48,484,001, ,2002,521, ,349261, ,50018, ,12180, ,3076, ,362, ,33, 
02,72,04000US72,IA,48,484,204, ,2002,65, ,12819, ,1571, ,63, ,0, ,10, ,0, 
02,72,04000US72,IA,48,484,213, ,2002,158, ,19435, ,2169, ,536, ,158, ,67, ,15, 
02,72,04000US72,IA,48,484,214, ,2002,68, ,17874, ,1632, ,422, ,136, ,34, ,6, 
02,72,04000US72,IA,48,484,215, ,2002,70, ,36689, ,3474, ,896, ,242, ,112, ,4, 
02,72,04000US72,IA,48,484,221, ,2002,39, ,20068, ,3104, ,777, ,211, ,21, ,0, 
02,72,04000US72,IA,48,484,222, ,2002,33, ,33239, ,4241, ,1037, ,258, ,50, ,1, 
02,72,04000US72,IA,48,484,223, ,2002,34, ,36998, ,6026, ,1531, ,405, ,20, ,5, 
02,72,04000US72,IA,48,484,232, ,2002,16, ,21220, ,3400, ,867, ,271, ,28, ,1, 
02,72,04000US72,IA,48,484,241, ,2002,30, ,102868, ,13862, ,3607, ,817, ,17, ,0, 
02,72,04000US72,IA,48,484,243, ,2002,8, ,48051, ,10539, ,2444, ,578, ,3, ,1, 
02,72,04000US72,IA,48,485,001, ,2002,150, ,175679, ,10005, ,2411, ,853, ,99, ,12, 
02,72,04000US72,IA,48,485,204, ,2002,17, ,0,D,0,D,0,D,0,a,0,D,0,D
02,72,04000US72,IA,48,485,213, ,2002,39, ,0,D,0,D,0,D,0,b,0,D,0,D
02,72,04000US72,IA,48,485,214, ,2002,15, ,1817, ,251, ,66, ,30, ,10, ,0, 
02,72,04000US72,IA,48,485,215, ,2002,32, ,0,D,0,D,0,D,0,c,0,D,0,D
02,72,04000US72,IA,48,485,221, ,2002,11, ,2331, ,456, ,114, ,60, ,5, ,1, 
02,72,04000US72,IA,48,485,222, ,2002,14, ,4707, ,726, ,176, ,110, ,8, ,0, 
02,72,04000US72,IA,48,485,223, ,2002,13, ,11023, ,1769, ,392, ,155, ,6, ,2, 
02,72,04000US72,IA,48,485,232, ,2002,2, ,0,D,0,D,0,D,0,b,0,D,0,D
02,72,04000US72,IA,48,485,241, ,2002,5, ,0,D,0,D,0,D,0,c,0,D,0,D
02,72,04000US72,IA,48,485,243, ,2002,2, ,0,D,0,D,0,D,0,c,0,D,0,D
02,72,04000US72,IA,48,486,001, ,2002,5, ,0,D,0,D,0,D,0,a,0,D,0,D
02,72,04000US72,IA,48,486,204, ,2002,0, ,0, ,0, ,0, ,0, ,0, ,0, 
02,72,04000US72,IA,48,486,213, ,2002,3, ,297, ,41, ,12, ,3, ,2, ,0, 
02,72,04000US72,IA,48,486,214, ,2002,1, ,0,D,0,D,0,D,0,a,0,D,0,D
02,72,04000US72,IA,48,486,215, ,2002,0, ,0, ,0, ,0, ,0, ,0, ,0, 
02,72,04000US72,IA,48,486,221, ,2002,1, ,0,D,0,D,0,D,0,a,0,D,0,D
02,72,04000US72,IA,48,486,222, ,2002,0, ,0, ,0, ,0, ,0, ,0, ,0, 
02,72,04000US72,IA,48,486,223, ,2002,0, ,0, ,0, ,0, ,0, ,0, ,0, 
02,72,04000US72,IA,48,486,232, ,2002,0, ,0, ,0, ,0, ,0, ,0, ,0, 
02,72,04000US72,IA,48,486,241, ,2002,0, ,0, ,0, ,0, ,0, ,0, ,0, 
02,72,04000US72,IA,48,486,243, ,2002,0, ,0, ,0, ,0, ,0, ,0, ,0, 
02,72,04000US72,IA,48,487,001, ,2002,17, ,0,D,0,D,0,D,0,c,0,D,0,D
02,72,04000US72,IA,48,487,204, ,2002,0, ,0, ,0, ,0, ,0, ,0, ,0, 
02,72,04000US72,IA,48,487,213, ,2002,5, ,0,D,0,D,0,D,0,a,0,D,0,D
02,72,04000US72,IA,48,487,214, ,2002,1, ,0,D,0,D,0,D,0,a,0,D,0,D
02,72,04000US72,IA,48,487,215, ,2002,1, ,0,D,0,D,0,D,0,a,0,D,0,D
02,72,04000US72,IA,48,487,221, ,2002,2, ,0,D,0,D,0,D,0,a,0,D,0,D
02,72,04000US72,IA,48,487,222, ,2002,1, ,0,D,0,D,0,D,0,a,0,D,0,D
02,72,04000US72,IA,48,487,223, ,2002,4, ,0,D,0,D,0,D,0,b,0,D,0,D
02,72,04000US72,IA,48,487,232, ,2002,1, ,0,D,0,D,0,D,0,a,0,D,0,D
02,72,04000US72,IA,48,487,241, ,2002,1, ,0,D,0,D,0,D,0,b,0,D,0,D
02,72,04000US72,IA,48,487,243, ,2002,1, ,0,D,0,D,0,D,0,b,0,D,0,D
02,72,04000US72,IA,48,488,001, ,2002,183, ,711519, ,106344, ,27122, ,5124, ,83, ,5, 
02,72,04000US72,IA,48,488,204, ,2002,11, ,4086, ,411, ,0, ,0, ,2, ,0, 
02,72,04000US72,IA,48,488,213, ,2002,25, ,9066, ,992, ,196, ,25, ,10, ,0, 
02,72,04000US72,IA,48,488,214, ,2002,16, ,5744, ,630, ,154, ,32, ,13, ,1, 
02,72,04000US72,IA,48,488,215, ,2002,30, ,22148, ,2110, ,552, ,109, ,16, ,2, 
02,72,04000US72,IA,48,488,221, ,2002,13, ,11783, ,2330, ,705, ,71, ,9, ,0, 
02,72,04000US72,IA,48,488,222, ,2002,20, ,24055, ,3680, ,920, ,153, ,8, ,0, 
02,72,04000US72,IA,48,488,223, ,2002,14, ,16844, ,3617, ,830, ,161, ,4, ,0, 
02,72,04000US72,IA,48,488,232, ,2002,10, ,15850, ,3107, ,726, ,164, ,2, ,2, 
02,72,04000US72,IA,48,488,241, ,2002,18, ,211403, ,18745, ,4508, ,587, ,8, ,0, 
02,72,04000US72,IA,48,488,243, ,2002,26, ,390540, ,70722, ,18531, ,3822, ,11, ,0, 
02,72,04000US72,IA,48,492,001, ,2002,63, ,244228, ,23319, ,5329, ,1066, ,27, ,9, 
02,72,04000US72,IA,48,492,204, ,2002,10, ,0,D,0,D,0,D,0,a,0,D,0,D
02,72,04000US72,IA,48,492,213, ,2002,15, ,0,D,0,D,0,D,0,a,0,D,0,D
02,72,04000US72,IA,48,492,214, ,2002,6, ,0,D,0,D,0,D,0,a,0,D,0,D
02,72,04000US72,IA,48,492,215, ,2002,8, ,0,D,0,D,0,D,0,b,0,D,0,D
02,72,04000US72,IA,48,492,221, ,2002,6, ,11199, ,1022, ,251, ,34, ,4, ,2, 
02,72,04000US72,IA,48,492,222, ,2002,1, ,0,D,0,D,0,D,0,a,0,D,0,D
02,72,04000US72,IA,48,492,223, ,2002,3, ,7629, ,853, ,210, ,34, ,0, ,0, 
02,72,04000US72,IA,48,492,232, ,2002,3, ,7311, ,819, ,205, ,53, ,3, ,0, 
02,72,04000US72,IA,48,492,241, ,2002,5, ,26458, ,2885, ,707, ,136, ,1, ,0, 
02,72,04000US72,IA,48,492,243, ,2002,6, ,0,D,0,D,0,D,0,f,0,D,0,D
02,72,04000US72,IA,48,493,001, ,2002,77, ,346002, ,29039, ,7182, ,1525, ,37, ,5, 
02,72,04000US72,IA,48,493,204, ,2002,4, ,3247, ,326, ,0, ,0, ,0, ,0, 
02,72,04000US72,IA,48,493,213, ,2002,5, ,1351, ,178, ,38, ,5, ,1, ,4, 
02,72,04000US72,IA,48,493,214, ,2002,7, ,12643, ,261, ,133, ,14, ,5, ,0, 
02,72,04000US72,IA,48,493,215, ,2002,8, ,3806, ,467, ,101, ,27, ,5, ,0, 
02,72,04000US72,IA,48,493,221, ,2002,13, ,15278, ,1459, ,355, ,72, ,10, ,0, 
02,72,04000US72,IA,48,493,222, ,2002,5, ,4509, ,654, ,176, ,40, ,2, ,0, 
02,72,04000US72,IA,48,493,223, ,2002,9, ,23609, ,2207, ,529, ,105, ,5, ,0, 
02,72,04000US72,IA,48,493,232, ,2002,3, ,15196, ,1145, ,331, ,53, ,1, ,0, 
02,72,04000US72,IA,48,493,241, ,2002,11, ,90698, ,6479, ,1512, ,309, ,3, ,0, 
02,72,04000US72,IA,48,493,243, ,2002,12, ,175665, ,15863, ,4007, ,900, ,5, ,1, 
02,72,04000US72,IA,51,51,001, ,2002,462, ,3686792, ,633161, ,163208, ,19696, ,219, ,18, 
02,72,04000US72,IA,51,51,204, ,2002,32, ,54526, ,7349, ,6421, ,0, ,4, ,3, 
02,72,04000US72,IA,51,51,213, ,2002,63, ,13878, ,1624, ,441, ,63, ,29, ,8, 
02,72,04000US72,IA,51,51,214, ,2002,34, ,17846, ,2581, ,630, ,68, ,22, ,3, 
02,72,04000US72,IA,51,51,215, ,2002,63, ,47077, ,5357, ,1217, ,216, ,48, ,2, 
02,72,04000US72,IA,51,51,221, ,2002,46, ,33784, ,4945, ,1324, ,245, ,24, ,1, 
02,72,04000US72,IA,51,51,222, ,2002,46, ,55359, ,14551, ,3568, ,349, ,27, ,0, 
02,72,04000US72,IA,51,51,223, ,2002,44, ,49229, ,9213, ,2149, ,524, ,26, ,0, 
02,72,04000US72,IA,51,51,232, ,2002,29, ,74315, ,12938, ,3057, ,483, ,10, ,0, 
02,72,04000US72,IA,51,51,241, ,2002,55, ,321534, ,56423, ,13124, ,1689, ,19, ,0, 
02,72,04000US72,IA,51,51,243, ,2002,50, ,3019244, ,518180, ,131277, ,16059, ,10, ,1, 
02,72,04000US72,IA,51,511,001, ,2002,87, ,488630, ,124762, ,31528, ,3954, ,46, ,6, 
02,72,04000US72,IA,51,511,204, ,2002,5, ,518, ,103, ,0, ,0, ,0, ,3, 
02,72,04000US72,IA,51,511,213, ,2002,12, ,1262, ,253, ,69, ,12, ,7, ,3, 
02,72,04000US72,IA,51,511,214, ,2002,4, ,912, ,148, ,36, ,8, ,3, ,0, 
02,72,04000US72,IA,51,511,215, ,2002,16, ,6866, ,1717, ,329, ,56, ,11, ,0, 
02,72,04000US72,IA,51,511,221, ,2002,9, ,5451, ,1096, ,261, ,49, ,4, ,0, 
02,72,04000US72,IA,51,511,222, ,2002,12, ,7643, ,1314, ,344, ,89, ,9, ,0, 
02,72,04000US72,IA,51,511,223, ,2002,7, ,6753, ,1840, ,416, ,83, ,6, ,0, 
02,72,04000US72,IA,51,511,232, ,2002,6, ,8290, ,2919, ,616, ,98, ,0, ,0, 
02,72,04000US72,IA,51,511,241, ,2002,8, ,34661, ,6807, ,1603, ,272, ,3, ,0, 
02,72,04000US72,IA,51,511,243, ,2002,8, ,416274, ,108565, ,27854, ,3287, ,3, ,0, 
02,72,04000US72,IA,51,512,001, ,2002,116, ,175717, ,23890, ,5528, ,1789, ,57, ,5, 
02,72,04000US72,IA,51,512,204, ,2002,10, ,7947, ,400, ,0, ,0, ,1, ,0, 
02,72,04000US72,IA,51,512,213, ,2002,16, ,0,D,0,D,0,D,0,a,0,D,0,D
02,72,04000US72,IA,51,512,214, ,2002,14, ,9546, ,1265, ,321, ,28, ,9, ,1, 
02,72,04000US72,IA,51,512,215, ,2002,16, ,23070, ,1528, ,380, ,51, ,15, ,1, 
02,72,04000US72,IA,51,512,221, ,2002,11, ,12132, ,1031, ,304, ,59, ,6, ,1, 
02,72,04000US72,IA,51,512,222, ,2002,11, ,27542, ,2130, ,485, ,79, ,2, ,0, 
02,72,04000US72,IA,51,512,223, ,2002,9, ,10159, ,2040, ,478, ,106, ,8, ,0, 
02,72,04000US72,IA,51,512,232, ,2002,7, ,7626, ,1727, ,416, ,115, ,2, ,0, 
02,72,04000US72,IA,51,512,241, ,2002,11, ,19957, ,3800, ,891, ,338, ,2, ,0, 
02,72,04000US72,IA,51,512,243, ,2002,11, ,0,D,0,D,0,D,0,f,0,D,0,D
02,72,04000US72,IA,51,515,001, ,2002,76, ,0,D,0,D,0,D,0,g,0,D,0,D
02,72,04000US72,IA,51,515,204, ,2002,2, ,0,D,0,D,0,D,0,a,0,D,0,D
02,72,04000US72,IA,51,515,213, ,2002,4, ,0,D,0,D,0,D,0,a,0,D,0,D
02,72,04000US72,IA,51,515,214, ,2002,1, ,0,D,0,D,0,D,0,a,0,D,0,D
02,72,04000US72,IA,51,515,215, ,2002,8, ,0,D,0,D,0,D,0,b,0,D,0,D
02,72,04000US72,IA,51,515,221, ,2002,11, ,2800, ,684, ,166, ,57, ,3, ,0, 
02,72,04000US72,IA,51,515,222, ,2002,9, ,3451, ,7881, ,1935, ,69, ,9, ,0, 
02,72,04000US72,IA,51,515,223, ,2002,17, ,10373, ,2504, ,592, ,209, ,6, ,0, 
02,72,04000US72,IA,51,515,232, ,2002,4, ,4448, ,1710, ,324, ,64, ,4, ,0, 
02,72,04000US72,IA,51,515,241, ,2002,12, ,30183, ,9055, ,1931, ,352, ,2, ,0, 
02,72,04000US72,IA,51,515,243, ,2002,8, ,190043, ,39820, ,10097, ,1074, ,3, ,0, 
02,72,04000US72,IA,51,516,001, ,2002,5, ,0,D,0,D,0,D,0,b,0,D,0,D
02,72,04000US72,IA,51,516,204, ,2002,0, ,0, ,0, ,0, ,0, ,0, ,0, 
02,72,04000US72,IA,51,516,213, ,2002,1, ,0,D,0,D,0,D,0,a,0,D,0,D
02,72,04000US72,IA,51,516,214, ,2002,0, ,0, ,0, ,0, ,0, ,0, ,0, 
02,72,04000US72,IA,51,516,215, ,2002,0, ,0, ,0, ,0, ,0, ,0, ,0, 
02,72,04000US72,IA,51,516,221, ,2002,1, ,0,D,0,D,0,D,0,a,0,D,0,D
02,72,04000US72,IA,51,516,222, ,2002,0, ,0, ,0, ,0, ,0, ,0, ,0, 
02,72,04000US72,IA,51,516,223, ,2002,0, ,0, ,0, ,0, ,0, ,0, ,0, 
02,72,04000US72,IA,51,516,232, ,2002,1, ,0,D,0,D,0,D,0,a,0,D,0,D
02,72,04000US72,IA,51,516,241, ,2002,2, ,0,D,0,D,0,D,0,b,0,D,0,D
02,72,04000US72,IA,51,516,243, ,2002,0, ,0, ,0, ,0, ,0, ,0, ,0, 
02,72,04000US72,IA,51,517,001, ,2002,103, ,2546413, ,367576, ,97521, ,10535, ,48, ,0, 
02,72,04000US72,IA,51,517,204, ,2002,9, ,0,D,0,D,0,D,0,a,0,D,0,D
02,72,04000US72,IA,51,517,213, ,2002,13, ,3155, ,486, ,148, ,13, ,5, ,0, 
02,72,04000US72,IA,51,517,214, ,2002,7, ,0,D,0,D,0,D,0,a,0,D,0,D
02,72,04000US72,IA,51,517,215, ,2002,15, ,11915, ,1050, ,262, ,52, ,8, ,0, 
02,72,04000US72,IA,51,517,221, ,2002,10, ,10915, ,1533, ,460, ,53, ,10, ,0, 
02,72,04000US72,IA,51,517,222, ,2002,6, ,8740, ,1361, ,364, ,48, ,6, ,0, 
02,72,04000US72,IA,51,517,223, ,2002,8, ,16489, ,1900, ,454, ,90, ,4, ,0, 
02,72,04000US72,IA,51,517,232, ,2002,6, ,45344, ,3379, ,842, ,108, ,2, ,0, 
02,72,04000US72,IA,51,517,241, ,2002,12, ,174135, ,25823, ,6140, ,341, ,7, ,0, 
02,72,04000US72,IA,51,517,243, ,2002,17, ,2227679, ,324855, ,82329, ,9816, ,1, ,0, 
02,72,04000US72,IA,51,518,001, ,2002,40, ,194244, ,40915, ,10075, ,1152, ,16, ,5, 
02,72,04000US72,IA,51,518,204, ,2002,3, ,0,D,0,D,0,D,0,a,0,D,0,D
02,72,04000US72,IA,51,518,213, ,2002,8, ,1225, ,199, ,49, ,8, ,3, ,4, 
02,72,04000US72,IA,51,518,214, ,2002,5, ,0,D,0,D,0,D,0,a,0,D,0,D
02,72,04000US72,IA,51,518,215, ,2002,2, ,0,D,0,D,0,D,0,a,0,D,0,D
02,72,04000US72,IA,51,518,221, ,2002,2, ,0,D,0,D,0,D,0,a,0,D,0,D
02,72,04000US72,IA,51,518,222, ,2002,4, ,4844, ,858, ,188, ,30, ,1, ,0, 
02,72,04000US72,IA,51,518,223, ,2002,2, ,0,D,0,D,0,D,0,b,0,D,0,D
02,72,04000US72,IA,51,518,232, ,2002,3, ,3352, ,1263, ,353, ,47, ,2, ,0, 
02,72,04000US72,IA,51,518,241, ,2002,6, ,51206, ,6061, ,1507, ,205, ,0, ,0, 
02,72,04000US72,IA,51,518,243, ,2002,5, ,128450, ,31353, ,7721, ,812, ,1, ,0, 
02,72,04000US72,IA,51,519,001, ,2002,35, ,32588, ,12275, ,3027, ,337, ,16, ,1, 
02,72,04000US72,IA,51,519,204, ,2002,3, ,0,D,0,D,0,D,0,a,0,D,0,D
02,72,04000US72,IA,51,519,213, ,2002,9, ,983, ,245, ,55, ,9, ,3, ,0, 
02,72,04000US72,IA,51,519,214, ,2002,3, ,1348, ,205, ,51, ,6, ,2, ,1, 
02,72,04000US72,IA,51,519,215, ,2002,6, ,2540, ,466, ,114, ,22, ,7, ,0, 
02,72,04000US72,IA,51,519,221, ,2002,2, ,0,D,0,D,0,D,0,a,0,D,0,D
02,72,04000US72,IA,51,519,222, ,2002,4, ,3139, ,1007, ,252, ,34, ,0, ,0, 
02,72,04000US72,IA,51,519,223, ,2002,1, ,0,D,0,D,0,D,0,a,0,D,0,D
02,72,04000US72,IA,51,519,232, ,2002,2, ,0,D,0,D,0,D,0,b,0,D,0,D
02,72,04000US72,IA,51,519,241, ,2002,4, ,0,D,0,D,0,D,0,c,0,D,0,D
02,72,04000US72,IA,51,519,243, ,2002,1, ,0,D,0,D,0,D,0,b,0,D,0,D
02,72,04000US72,IA,52,52,001, ,2002,1809, ,10233015, ,1152628, ,292411, ,36059, ,907, ,110, 
02,72,04000US72,IA,52,52,204, ,2002,71, ,32358, ,3101, ,46, ,0, ,10, ,0, 
02,72,04000US72,IA,52,52,213, ,2002,180, ,45427, ,4779, ,1201, ,180, ,79, ,11, 
02,72,04000US72,IA,52,52,214, ,2002,131, ,40292, ,5516, ,1607, ,262, ,72, ,5, 
02,72,04000US72,IA,52,52,215, ,2002,233, ,255290, ,21091, ,5218, ,801, ,94, ,7, 
02,72,04000US72,IA,52,52,221, ,2002,250, ,213341, ,37568, ,8732, ,1370, ,40, ,42, 
02,72,04000US72,IA,52,52,222, ,2002,287, ,414145, ,57945, ,15121, ,2286, ,47, ,16, 
02,72,04000US72,IA,52,52,223, ,2002,265, ,876108, ,76715, ,20021, ,3082, ,27, ,1, 
02,72,04000US72,IA,52,52,232, ,2002,172, ,714200, ,79832, ,18746, ,2934, ,74, ,11, 
02,72,04000US72,IA,52,52,241, ,2002,136, ,1034637, ,108028, ,26680, ,4097, ,456, ,17, 
02,72,04000US72,IA,52,52,243, ,2002,84, ,6607217, ,758053, ,195039, ,21047, ,8, ,0, 
02,72,04000US72,IA,52,522,001, ,2002,1134, ,4455067, ,680335, ,173333, ,23225, ,636, ,84, 
02,72,04000US72,IA,52,522,204, ,2002,21, ,0,D,0,D,0,D,0,a,0,D,0,D
02,72,04000US72,IA,52,522,213, ,2002,75, ,15290, ,2088, ,563, ,75, ,25, ,2, 
02,72,04000US72,IA,52,522,214, ,2002,65, ,14890, ,2573, ,693, ,130, ,26, ,2, 
02,72,04000US72,IA,52,522,215, ,2002,122, ,126247, ,9632, ,2350, ,428, ,23, ,0, 
02,72,04000US72,IA,52,522,221, ,2002,176, ,116078, ,25108, ,6042, ,968, ,12, ,40, 
02,72,04000US72,IA,52,522,222, ,2002,214, ,228690, ,41417, ,10838, ,1708, ,29, ,13, 
02,72,04000US72,IA,52,522,223, ,2002,203, ,0,D,0,D,0,D,0,g,0,D,0,D
02,72,04000US72,IA,52,522,232, ,2002,136, ,398623, ,56948, ,12643, ,2326, ,53, ,9, 
02,72,04000US72,IA,52,522,241, ,2002,86, ,561032, ,61940, ,15328, ,2550, ,446, ,17, 
02,72,04000US72,IA,52,522,243, ,2002,36, ,2681034, ,428852, ,111468, ,12690, ,2, ,0, 
02,72,04000US72,IA,52,523,001, ,2002,176, ,0,D,0,D,0,D,0,h,0,D,0,D
02,72,04000US72,IA,52,523,204, ,2002,7, ,0,D,0,D,0,D,0,a,0,D,0,D
02,72,04000US72,IA,52,523,213, ,2002,20, ,0,D,0,D,0,D,0,b,0,D,0,D
02,72,04000US72,IA,52,523,214, ,2002,11, ,0,D,0,D,0,D,0,b,0,D,0,D
02,72,04000US72,IA,52,523,215, ,2002,20, ,0,S,0,S,0,S,0,S,0,S,0,S
02,72,04000US72,IA,52,523,221, ,2002,25, ,0,S,0,S,0,S,0,S,0,S,0,S
02,72,04000US72,IA,52,523,222, ,2002,40, ,0,S,0,S,0,S,0,S,0,S,0,S
02,72,04000US72,IA,52,523,223, ,2002,28, ,0,D,0,D,0,D,0,e,0,D,0,D
02,72,04000US72,IA,52,523,232, ,2002,8, ,0,D,0,D,0,D,0,c,0,D,0,D
02,72,04000US72,IA,52,523,241, ,2002,8, ,0,S,0,S,0,S,0,S,0,S,0,S
02,72,04000US72,IA,52,523,243, ,2002,9, ,0,S,0,S,0,S,0,S,0,S,0,S
02,72,04000US72,IA,52,524,001, ,2002,497, ,4894891, ,327255, ,77468, ,9783, ,245, ,16, 
02,72,04000US72,IA,52,524,204, ,2002,42, ,25527, ,2091, ,45, ,0, ,3, ,0, 
02,72,04000US72,IA,52,524,213, ,2002,84, ,25079, ,2073, ,491, ,84, ,47, ,5, 
02,72,04000US72,IA,52,524,214, ,2002,55, ,0,D,0,D,0,D,0,c,0,D,0,D
02,72,04000US72,IA,52,524,215, ,2002,91, ,95021, ,7646, ,1644, ,305, ,66, ,5, 
02,72,04000US72,IA,52,524,221, ,2002,49, ,58619, ,9029, ,1901, ,262, ,25, ,2, 
02,72,04000US72,IA,52,524,222, ,2002,33, ,75001, ,7665, ,1812, ,257, ,15, ,0, 
02,72,04000US72,IA,52,524,223, ,2002,34, ,478258, ,15557, ,4325, ,400, ,9, ,0, 
02,72,04000US72,IA,52,524,232, ,2002,28, ,0,D,0,D,0,D,0,e,0,D,0,D
02,72,04000US72,IA,52,524,241, ,2002,42, ,425440, ,41719, ,10503, ,1352, ,10, ,0, 
02,72,04000US72,IA,52,524,243, ,2002,39, ,3415381, ,222258, ,51948, ,6536, ,5, ,0, 
02,72,04000US72,IA,52,525,001, ,2002,2, ,0,D,0,D,0,D,0,a,0,D,0,D
02,72,04000US72,IA,52,525,204, ,2002,1, ,0,D,0,D,0,D,0,a,0,D,0,D
02,72,04000US72,IA,52,525,213, ,2002,1, ,0,D,0,D,0,D,0,a,0,D,0,D
02,72,04000US72,IA,52,525,214, ,2002,0, ,0, ,0, ,0, ,0, ,0, ,0, 
02,72,04000US72,IA,52,525,215, ,2002,0, ,0, ,0, ,0, ,0, ,0, ,0, 
02,72,04000US72,IA,52,525,221, ,2002,0, ,0, ,0, ,0, ,0, ,0, ,0, 
02,72,04000US72,IA,52,525,222, ,2002,0, ,0, ,0, ,0, ,0, ,0, ,0, 
02,72,04000US72,IA,52,525,223, ,2002,0, ,0, ,0, ,0, ,0, ,0, ,0, 
02,72,04000US72,IA,52,525,232, ,2002,0, ,0, ,0, ,0, ,0, ,0, ,0, 
02,72,04000US72,IA,52,525,241, ,2002,0, ,0, ,0, ,0, ,0, ,0, ,0, 
02,72,04000US72,IA,52,525,243, ,2002,0, ,0, ,0, ,0, ,0, ,0, ,0, 
02,72,04000US72,IA,53,53,001, ,2002,1783, ,1698631, ,231189, ,55083, ,13086, ,1336, ,122, 
02,72,04000US72,IA,53,53,204, ,2002,136, ,22968, ,2967, ,126, ,0, ,26, ,1, 
02,72,04000US72,IA,53,53,213, ,2002,461, ,77355, ,7759, ,1878, ,461, ,253, ,40, 
02,72,04000US72,IA,53,53,214, ,2002,271, ,81311, ,8999, ,2182, ,542, ,181, ,32, 
02,72,04000US72,IA,53,53,215, ,2002,303, ,189377, ,18113, ,4287, ,1049, ,228, ,17, 
02,72,04000US72,IA,53,53,221, ,2002,185, ,150101, ,16133, ,3801, ,1007, ,132, ,13, 
02,72,04000US72,IA,53,53,222, ,2002,125, ,116355, ,15730, ,3702, ,974, ,355, ,9, 
02,72,04000US72,IA,53,53,223, ,2002,131, ,148766, ,22432, ,5336, ,1527, ,60, ,1, 
02,72,04000US72,IA,53,53,232, ,2002,61, ,128563, ,16430, ,4003, ,1005, ,37, ,3, 
02,72,04000US72,IA,53,53,241, ,2002,74, ,309485, ,46691, ,11253, ,2186, ,44, ,3, 
02,72,04000US72,IA,53,53,243, ,2002,36, ,474350, ,75935, ,18515, ,4335, ,20, ,3, 
02,72,04000US72,IA,53,531,001, ,2002,1163, ,1067391, ,148334, ,35000, ,8183, ,1023, ,64, 
02,72,04000US72,IA,53,531,204, ,2002,95, ,0,D,0,D,0,D,0,a,0,D,0,D
02,72,04000US72,IA,53,531,213, ,2002,333, ,57623, ,5279, ,1298, ,333, ,179, ,26, 
02,72,04000US72,IA,53,531,214, ,2002,205, ,64451, ,6896, ,1660, ,410, ,145, ,20, 
02,72,04000US72,IA,53,531,215, ,2002,197, ,112171, ,12297, ,2913, ,689, ,167, ,7, 
02,72,04000US72,IA,53,531,221, ,2002,106, ,0,D,0,D,0,D,0,f,0,D,0,D
02,72,04000US72,IA,53,531,222, ,2002,81, ,80508, ,9544, ,2189, ,633, ,323, ,4, 
02,72,04000US72,IA,53,531,223, ,2002,54, ,65899, ,10459, ,2376, ,623, ,41, ,1, 
02,72,04000US72,IA,53,531,232, ,2002,28, ,78019, ,7649, ,1811, ,463, ,19, ,0, 
02,72,04000US72,IA,53,531,241, ,2002,42, ,166480, ,27409, ,6645, ,1192, ,26, ,0, 
02,72,04000US72,IA,53,531,243, ,2002,22, ,363033, ,57975, ,13963, ,3264, ,12, ,0, 
02,72,04000US72,IA,53,532,001, ,2002,613, ,629577, ,82570, ,20020, ,4889, ,311, ,58, 
02,72,04000US72,IA,53,532,204, ,2002,39, ,9322, ,1191, ,86, ,0, ,6, ,0, 
02,72,04000US72,IA,53,532,213, ,2002,128, ,19732, ,2480, ,580, ,128, ,74, ,14, 
02,72,04000US72,IA,53,532,214, ,2002,62, ,15860, ,1929, ,477, ,124, ,35, ,12, 
02,72,04000US72,IA,53,532,215, ,2002,106, ,77206, ,5816, ,1374, ,360, ,61, ,10, 
02,72,04000US72,IA,53,532,221, ,2002,78, ,83877, ,6972, ,1678, ,425, ,40, ,8, 
02,72,04000US72,IA,53,532,222, ,2002,44, ,35847, ,6186, ,1513, ,341, ,32, ,5, 
02,72,04000US72,IA,53,532,223, ,2002,77, ,82867, ,11973, ,2960, ,904, ,19, ,0, 
02,72,04000US72,IA,53,532,232, ,2002,33, ,50544, ,8781, ,2192, ,542, ,18, ,3, 
02,72,04000US72,IA,53,532,241, ,2002,32, ,143005, ,19282, ,4608, ,994, ,18, ,3, 
02,72,04000US72,IA,53,532,243, ,2002,14, ,111317, ,17960, ,4552, ,1071, ,8, ,3, 
02,72,04000US72,IA,53,533,001, ,2002,7, ,1663, ,285, ,63, ,14, ,2, ,0, 
02,72,04000US72,IA,53,533,204, ,2002,2, ,0,D,0,D,0,D,0,a,0,D,0,D
02,72,04000US72,IA,53,533,213, ,2002,0, ,0, ,0, ,0, ,0, ,0, ,0, 
02,72,04000US72,IA,53,533,214, ,2002,4, ,1000, ,174, ,45, ,8, ,1, ,0, 
02,72,04000US72,IA,53,533,215, ,2002,0, ,0, ,0, ,0, ,0, ,0, ,0, 
02,72,04000US72,IA,53,533,221, ,2002,1, ,0,D,0,D,0,D,0,a,0,D,0,D
02,72,04000US72,IA,53,533,222, ,2002,0, ,0, ,0, ,0, ,0, ,0, ,0, 
02,72,04000US72,IA,53,533,223, ,2002,0, ,0, ,0, ,0, ,0, ,0, ,0, 
02,72,04000US72,IA,53,533,232, ,2002,0, ,0, ,0, ,0, ,0, ,0, ,0, 
02,72,04000US72,IA,53,533,241, ,2002,0, ,0, ,0, ,0, ,0, ,0, ,0, 
02,72,04000US72,IA,53,533,243, ,2002,0, ,0, ,0, ,0, ,0, ,0, ,0, 
02,72,04000US72,IA,54,54,001, ,2002,3965, ,2836774, ,701485, ,172839, ,26197, ,3434, ,304, 
02,72,04000US72,IA,54,54,204, ,2002,361, ,47076, ,8713, ,439, ,0, ,79, ,4, 
02,72,04000US72,IA,54,54,213, ,2002,1274, ,140495, ,23169, ,5339, ,1274, ,1082, ,102, 
02,72,04000US72,IA,54,54,214, ,2002,624, ,128739, ,24418, ,5764, ,1248, ,546, ,66, 
02,72,04000US72,IA,54,54,215, ,2002,614, ,221651, ,47143, ,10784, ,2075, ,569, ,84, 
02,72,04000US72,IA,54,54,221, ,2002,306, ,176790, ,39613, ,9540, ,1659, ,290, ,14, 
02,72,04000US72,IA,54,54,222, ,2002,246, ,211307, ,49639, ,11834, ,1913, ,242, ,18, 
02,72,04000US72,IA,54,54,223, ,2002,190, ,243362, ,57799, ,13157, ,2190, ,152, ,7, 
02,72,04000US72,IA,54,54,232, ,2002,86, ,208220, ,38787, ,9148, ,1434, ,89, ,3, 
02,72,04000US72,IA,54,54,241, ,2002,171, ,523922, ,151915, ,35845, ,5095, ,195, ,6, 
02,72,04000US72,IA,54,54,243, ,2002,93, ,935212, ,260289, ,70989, ,9309, ,190, ,0, 
02,72,04000US72,IA,54,541,001, ,2002,3965, ,2836774, ,701485, ,172839, ,26197, ,3434, ,304, 
02,72,04000US72,IA,54,541,204, ,2002,361, ,47076, ,8713, ,439, ,0, ,79, ,4, 
02,72,04000US72,IA,54,541,213, ,2002,1274, ,140495, ,23169, ,5339, ,1274, ,1082, ,102, 
02,72,04000US72,IA,54,541,214, ,2002,624, ,128739, ,24418, ,5764, ,1248, ,546, ,66, 
02,72,04000US72,IA,54,541,215, ,2002,614, ,221651, ,47143, ,10784, ,2075, ,569, ,84, 
02,72,04000US72,IA,54,541,221, ,2002,306, ,176790, ,39613, ,9540, ,1659, ,290, ,14, 
02,72,04000US72,IA,54,541,222, ,2002,246, ,211307, ,49639, ,11834, ,1913, ,242, ,18, 
02,72,04000US72,IA,54,541,223, ,2002,190, ,243362, ,57799, ,13157, ,2190, ,152, ,7, 
02,72,04000US72,IA,54,541,232, ,2002,86, ,208220, ,38787, ,9148, ,1434, ,89, ,3, 
02,72,04000US72,IA,54,541,241, ,2002,171, ,523922, ,151915, ,35845, ,5095, ,195, ,6, 
02,72,04000US72,IA,54,541,243, ,2002,93, ,935212, ,260289, ,70989, ,9309, ,190, ,0, 
02,72,04000US72,IA,55,55,001, ,2002,94, ,511676, ,79091, ,17289, ,2237, ,12, ,1, 
02,72,04000US72,IA,55,55,204, ,2002,12, ,31094, ,3717, ,73, ,0, ,2, ,0, 
02,72,04000US72,IA,55,55,213, ,2002,5, ,220, ,46, ,12, ,5, ,3, ,1, 
02,72,04000US72,IA,55,55,214, ,2002,4, ,1833, ,491, ,101, ,8, ,4, ,0, 
02,72,04000US72,IA,55,55,215, ,2002,17, ,0,D,0,D,0,D,0,b,0,D,0,D
02,72,04000US72,IA,55,55,221, ,2002,28, ,0,D,0,D,0,D,0,c,0,D,0,D
02,72,04000US72,IA,55,55,222, ,2002,9, ,0,D,0,D,0,D,0,b,0,D,0,D
02,72,04000US72,IA,55,55,223, ,2002,3, ,0,D,0,D,0,D,0,b,0,D,0,D
02,72,04000US72,IA,55,55,232, ,2002,3, ,5902, ,1062, ,242, ,50, ,0, ,0, 
02,72,04000US72,IA,55,55,241, ,2002,4, ,0,D,0,D,0,D,0,c,0,D,0,D
02,72,04000US72,IA,55,55,243, ,2002,9, ,460094, ,63523, ,14431, ,1726, ,0, ,0, 
02,72,04000US72,IA,56,56,001, ,2002,1724, ,2336978, ,888063, ,204884, ,61703, ,891, ,133, 
02,72,04000US72,IA,56,56,204, ,2002,170, ,29431, ,6087, ,111, ,0, ,23, ,1, 
02,72,04000US72,IA,56,56,213, ,2002,255, ,33629, ,4364, ,1046, ,255, ,157, ,33, 
02,72,04000US72,IA,56,56,214, ,2002,234, ,48186, ,7783, ,1959, ,468, ,134, ,20, 
02,72,04000US72,IA,56,56,215, ,2002,222, ,71939, ,12380, ,3104, ,745, ,120, ,16, 
02,72,04000US72,IA,56,56,221, ,2002,120, ,52003, ,11508, ,2902, ,644, ,70, ,16, 
02,72,04000US72,IA,56,56,222, ,2002,97, ,57267, ,14870, ,3820, ,761, ,54, ,9, 
02,72,04000US72,IA,56,56,223, ,2002,121, ,105579, ,23113, ,5686, ,1426, ,67, ,13, 
02,72,04000US72,IA,56,56,232, ,2002,63, ,77503, ,24903, ,6034, ,1060, ,39, ,10, 
02,72,04000US72,IA,56,56,241, ,2002,195, ,304042, ,109204, ,26628, ,6063, ,98, ,7, 
02,72,04000US72,IA,56,56,243, ,2002,247, ,1557399, ,673851, ,153594, ,50281, ,129, ,8, 
02,72,04000US72,IA,56,561,001, ,2002,1627, ,2068551, ,827606, ,190401, ,58853, ,847, ,126, 
02,72,04000US72,IA,56,561,204, ,2002,162, ,0,D,0,D,0,D,0,a,0,D,0,D
02,72,04000US72,IA,56,561,213, ,2002,251, ,33012, ,4266, ,1019, ,251, ,156, ,33, 
02,72,04000US72,IA,56,561,214, ,2002,225, ,41695, ,7491, ,1894, ,450, ,128, ,20, 
02,72,04000US72,IA,56,561,215, ,2002,211, ,61861, ,11666, ,2934, ,708, ,115, ,15, 
02,72,04000US72,IA,56,561,221, ,2002,116, ,45953, ,10198, ,2591, ,623, ,70, ,16, 
02,72,04000US72,IA,56,561,222, ,2002,94, ,0,D,0,D,0,D,0,f,0,D,0,D
02,72,04000US72,IA,56,561,223, ,2002,113, ,89429, ,21336, ,5295, ,1328, ,61, ,11, 
02,72,04000US72,IA,56,561,232, ,2002,54, ,61707, ,21995, ,5255, ,908, ,34, ,9, 
02,72,04000US72,IA,56,561,241, ,2002,172, ,253298, ,97300, ,23801, ,5345, ,82, ,7, 
02,72,04000US72,IA,56,561,243, ,2002,229, ,1401497, ,633361, ,143832, ,48505, ,125, ,5, 
02,72,04000US72,IA,56,5615,001, ,2002,286, ,200117, ,27584, ,6651, ,2068, ,182, ,32, 
02,72,04000US72,IA,56,5615,204, ,2002,25, ,4987, ,469, ,4, ,0, ,7, ,0, 
02,72,04000US72,IA,56,5615,213, ,2002,78, ,8525, ,935, ,251, ,78, ,58, ,14, 
02,72,04000US72,IA,56,5615,214, ,2002,75, ,18963, ,2222, ,577, ,150, ,32, ,8, 
02,72,04000US72,IA,56,5615,215, ,2002,42, ,15806, ,2048, ,488, ,142, ,22, ,3, 
02,72,04000US72,IA,56,5615,221, ,2002,12, ,11170, ,1102, ,265, ,64, ,9, ,4, 
02,72,04000US72,IA,56,5615,222, ,2002,11, ,0,D,0,D,0,D,0,b,0,D,0,D
02,72,04000US72,IA,56,5615,223, ,2002,21, ,28681, ,3614, ,921, ,240, ,10, ,1, 
02,72,04000US72,IA,56,5615,232, ,2002,2, ,0,D,0,D,0,D,0,b,0,D,0,D
02,72,04000US72,IA,56,5615,241, ,2002,11, ,31171, ,5360, ,1384, ,357, ,8, ,0, 
02,72,04000US72,IA,56,5615,243, ,2002,9, ,73393, ,9954, ,2339, ,920, ,27, ,2, 
02,72,04000US72,IA,56,562,001, ,2002,97, ,268427, ,60457, ,14483, ,2850, ,44, ,7, 
02,72,04000US72,IA,56,562,204, ,2002,8, ,0,D,0,D,0,D,0,a,0,D,0,D
02,72,04000US72,IA,56,562,213, ,2002,4, ,617, ,98, ,27, ,4, ,1, ,0, 
02,72,04000US72,IA,56,562,214, ,2002,9, ,6491, ,292, ,65, ,18, ,6, ,0, 
02,72,04000US72,IA,56,562,215, ,2002,11, ,10078, ,714, ,170, ,37, ,5, ,1, 
02,72,04000US72,IA,56,562,221, ,2002,4, ,6050, ,1310, ,311, ,21, ,0, ,0, 
02,72,04000US72,IA,56,562,222, ,2002,3, ,0,D,0,D,0,D,0,b,0,D,0,D
02,72,04000US72,IA,56,562,223, ,2002,8, ,16150, ,1777, ,391, ,98, ,6, ,2, 
02,72,04000US72,IA,56,562,232, ,2002,9, ,15796, ,2908, ,779, ,152, ,5, ,1, 
02,72,04000US72,IA,56,562,241, ,2002,23, ,50744, ,11904, ,2827, ,718, ,16, ,0, 
02,72,04000US72,IA,56,562,243, ,2002,18, ,155902, ,40490, ,9762, ,1776, ,4, ,3, 
02,72,04000US72,IA,61,61,001, ,2002,306, ,242810, ,74829, ,17947, ,4647, ,140, ,26, 
02,72,04000US72,IA,61,61,204, ,2002,38, ,8288, ,1516, ,269, ,0, ,2, ,1, 
02,72,04000US72,IA,61,61,213, ,2002,50, ,5309, ,774, ,165, ,50, ,23, ,6, 
02,72,04000US72,IA,61,61,214, ,2002,38, ,8744, ,1397, ,322, ,76, ,27, ,5, 
02,72,04000US72,IA,61,61,215, ,2002,41, ,9409, ,1891, ,519, ,137, ,17, ,6, 
02,72,04000US72,IA,61,61,221, ,2002,23, ,11006, ,1431, ,316, ,122, ,9, ,1, 
02,72,04000US72,IA,61,61,222, ,2002,29, ,7860, ,2642, ,623, ,231, ,16, ,5, 
02,72,04000US72,IA,61,61,223, ,2002,20, ,10054, ,3833, ,875, ,240, ,16, ,2, 
02,72,04000US72,IA,61,61,232, ,2002,11, ,8972, ,2932, ,693, ,193, ,4, ,0, 
02,72,04000US72,IA,61,61,241, ,2002,33, ,59622, ,16055, ,3941, ,1045, ,22, ,0, 
02,72,04000US72,IA,61,61,243, ,2002,23, ,113546, ,42358, ,10224, ,2553, ,4, ,0, 
02,72,04000US72,IA,62,62,001, ,2002,6464, ,4967317, ,1224260, ,292950, ,68338, ,4383, ,878, 
02,72,04000US72,IA,62,62,204, ,2002,513, ,129556, ,14970, ,265, ,0, ,100, ,8, 
02,72,04000US72,IA,62,62,213, ,2002,1510, ,201713, ,18976, ,4518, ,1510, ,1034, ,214, 
02,72,04000US72,IA,62,62,214, ,2002,1276, ,267491, ,32420, ,7561, ,2552, ,1041, ,156, 
02,72,04000US72,IA,62,62,215, ,2002,1477, ,487393, ,68983, ,16336, ,4996, ,1112, ,187, 
02,72,04000US72,IA,62,62,221, ,2002,559, ,250023, ,44270, ,10693, ,3030, ,424, ,78, 
02,72,04000US72,IA,62,62,222, ,2002,372, ,286080, ,45541, ,11010, ,2919, ,285, ,72, 
02,72,04000US72,IA,62,62,223, ,2002,255, ,202283, ,41774, ,9947, ,2976, ,167, ,129, 
02,72,04000US72,IA,62,62,232, ,2002,133, ,166360, ,34353, ,8468, ,2228, ,81, ,12, 
02,72,04000US72,IA,62,62,241, ,2002,213, ,444623, ,113578, ,27143, ,6425, ,95, ,11, 
02,72,04000US72,IA,62,62,243, ,2002,156, ,2531795, ,809395, ,197009, ,41702, ,44, ,11, 
02,72,04000US72,IA,62,621,001, ,2002,5375, ,2504179, ,438453, ,101851, ,25044, ,4011, ,588, 
02,72,04000US72,IA,62,621,204, ,2002,393, ,106691, ,11271, ,162, ,0, ,77, ,6, 
02,72,04000US72,IA,62,621,213, ,2002,1404, ,177115, ,17080, ,4110, ,1404, ,995, ,195, 
02,72,04000US72,IA,62,621,214, ,2002,1170, ,253075, ,29598, ,6935, ,2340, ,983, ,131, 
02,72,04000US72,IA,62,621,215, ,2002,1270, ,431192, ,59852, ,14182, ,4237, ,1058, ,150, 
02,72,04000US72,IA,62,621,221, ,2002,459, ,225102, ,39051, ,9220, ,2479, ,373, ,52, 
02,72,04000US72,IA,62,621,222, ,2002,263, ,238780, ,34969, ,8393, ,2061, ,245, ,36, 
02,72,04000US72,IA,62,621,223, ,2002,147, ,147068, ,28855, ,6923, ,1714, ,133, ,9, 
02,72,04000US72,IA,62,621,232, ,2002,80, ,141507, ,25534, ,6217, ,1346, ,64, ,2, 
02,72,04000US72,IA,62,621,241, ,2002,131, ,354491, ,83818, ,19969, ,4091, ,65, ,7, 
02,72,04000US72,IA,62,621,243, ,2002,58, ,429158, ,108425, ,25740, ,5372, ,18, ,0, 
02,72,04000US72,IA,62,622,001, ,2002,98, ,1634211, ,512087, ,124301, ,26407, ,48, ,6, 
02,72,04000US72,IA,62,622,204, ,2002,2, ,0,D,0,D,0,D,0,a,0,D,0,D
02,72,04000US72,IA,62,622,213, ,2002,7, ,0,D,0,D,0,D,0,a,0,D,0,D
02,72,04000US72,IA,62,622,214, ,2002,9, ,1721, ,199, ,49, ,18, ,6, ,1, 
02,72,04000US72,IA,62,622,215, ,2002,4, ,1365, ,262, ,44, ,13, ,4, ,1, 
02,72,04000US72,IA,62,622,221, ,2002,7, ,2757, ,765, ,223, ,41, ,3, ,1, 
02,72,04000US72,IA,62,622,222, ,2002,3, ,0,D,0,D,0,D,0,b,0,D,0,D
02,72,04000US72,IA,62,622,223, ,2002,0, ,0, ,0, ,0, ,0, ,0, ,0, 
02,72,04000US72,IA,62,622,232, ,2002,3, ,3289, ,685, ,249, ,52, ,2, ,0, 
02,72,04000US72,IA,62,622,241, ,2002,8, ,16512, ,3930, ,940, ,264, ,6, ,0, 
02,72,04000US72,IA,62,622,243, ,2002,55, ,1600868, ,504277, ,122606, ,25991, ,24, ,1, 
02,72,04000US72,IA,62,623,001, ,2002,422, ,272819, ,69142, ,16381, ,5164, ,139, ,61, 
02,72,04000US72,IA,62,623,204, ,2002,49, ,14366, ,1187, ,49, ,0, ,9, ,0, 
02,72,04000US72,IA,62,623,213, ,2002,42, ,20259, ,980, ,234, ,42, ,15, ,8, 
02,72,04000US72,IA,62,623,214, ,2002,33, ,5340, ,733, ,207, ,66, ,19, ,4, 
02,72,04000US72,IA,62,623,215, ,2002,116, ,32018, ,6011, ,1424, ,452, ,17, ,7, 
02,72,04000US72,IA,62,623,221, ,2002,31, ,10694, ,1373, ,357, ,170, ,16, ,11, 
02,72,04000US72,IA,62,623,222, ,2002,41, ,22299, ,3416, ,828, ,322, ,20, ,12, 
02,72,04000US72,IA,62,623,223, ,2002,41, ,32312, ,4514, ,1091, ,483, ,21, ,6, 
02,72,04000US72,IA,62,623,232, ,2002,26, ,10712, ,4330, ,1052, ,437, ,10, ,9, 
02,72,04000US72,IA,62,623,241, ,2002,33, ,27505, ,9964, ,2287, ,907, ,12, ,4, 
02,72,04000US72,IA,62,623,243, ,2002,10, ,97314, ,36634, ,8852, ,2285, ,0, ,0, 
02,72,04000US72,IA,62,624,001, ,2002,569, ,556108, ,204578, ,50417, ,11723, ,185, ,223, 
02,72,04000US72,IA,62,624,204, ,2002,69, ,0,D,0,D,0,D,0,a,0,D,0,D
02,72,04000US72,IA,62,624,213, ,2002,57, ,0,D,0,D,0,D,0,b,0,D,0,D
02,72,04000US72,IA,62,624,214, ,2002,64, ,7355, ,1890, ,370, ,128, ,33, ,20, 
02,72,04000US72,IA,62,624,215, ,2002,87, ,22818, ,2858, ,686, ,294, ,33, ,29, 
02,72,04000US72,IA,62,624,221, ,2002,62, ,11470, ,3081, ,893, ,340, ,32, ,14, 
02,72,04000US72,IA,62,624,222, ,2002,65, ,0,D,0,D,0,D,0,f,0,D,0,D
02,72,04000US72,IA,62,624,223, ,2002,67, ,22903, ,8405, ,1933, ,779, ,13, ,114, 
02,72,04000US72,IA,62,624,232, ,2002,24, ,10852, ,3804, ,950, ,393, ,5, ,1, 
02,72,04000US72,IA,62,624,241, ,2002,41, ,46115, ,15866, ,3947, ,1163, ,12, ,0, 
02,72,04000US72,IA,62,624,243, ,2002,33, ,404455, ,160059, ,39811, ,8054, ,2, ,10, 
02,72,04000US72,IA,71,71,001, ,2002,369, ,278975, ,45393, ,10424, ,3115, ,396, ,30, 
02,72,04000US72,IA,71,71,204, ,2002,45, ,8929, ,1441, ,18, ,0, ,8, ,0, 
02,72,04000US72,IA,71,71,213, ,2002,75, ,13453, ,1056, ,261, ,75, ,56, ,8, 
02,72,04000US72,IA,71,71,214, ,2002,66, ,15744, ,2432, ,589, ,132, ,41, ,8, 
02,72,04000US72,IA,71,71,215, ,2002,49, ,11597, ,1775, ,432, ,168, ,17, ,5, 
02,72,04000US72,IA,71,71,221, ,2002,25, ,7677, ,1399, ,346, ,134, ,217, ,6, 
02,72,04000US72,IA,71,71,222, ,2002,19, ,12638, ,2016, ,495, ,147, ,9, ,1, 
02,72,04000US72,IA,71,71,223, ,2002,23, ,24717, ,3342, ,777, ,267, ,14, ,0, 
02,72,04000US72,IA,71,71,232, ,2002,22, ,27987, ,5602, ,1244, ,368, ,13, ,1, 
02,72,04000US72,IA,71,71,241, ,2002,35, ,73508, ,12782, ,3064, ,958, ,19, ,0, 
02,72,04000US72,IA,71,71,243, ,2002,10, ,82725, ,13548, ,3198, ,866, ,2, ,1, 
02,72,04000US72,IA,71,711,001, ,2002,144, ,132724, ,15348, ,3461, ,852, ,85, ,10, 
02,72,04000US72,IA,71,711,204, ,2002,19, ,0,D,0,D,0,D,0,a,0,D,0,D
02,72,04000US72,IA,71,711,213, ,2002,35, ,9645, ,647, ,165, ,35, ,21, ,1, 
02,72,04000US72,IA,71,711,214, ,2002,32, ,8508, ,1240, ,292, ,64, ,24, ,3, 
02,72,04000US72,IA,71,711,215, ,2002,16, ,0,D,0,D,0,D,0,b,0,D,0,D
02,72,04000US72,IA,71,711,221, ,2002,9, ,0,D,0,D,0,D,0,b,0,D,0,D
02,72,04000US72,IA,71,711,222, ,2002,5, ,0,D,0,D,0,D,0,b,0,D,0,D
02,72,04000US72,IA,71,711,223, ,2002,10, ,16196, ,1365, ,337, ,110, ,8, ,0, 
02,72,04000US72,IA,71,711,232, ,2002,9, ,16703, ,2781, ,592, ,154, ,8, ,0, 
02,72,04000US72,IA,71,711,241, ,2002,7, ,0,D,0,D,0,D,0,c,0,D,0,D
02,72,04000US72,IA,71,711,243, ,2002,2, ,0,D,0,D,0,D,0,c,0,D,0,D
02,72,04000US72,IA,71,712,001, ,2002,18, ,13690, ,3714, ,804, ,218, ,7, ,6, 
02,72,04000US72,IA,71,712,204, ,2002,2, ,0,D,0,D,0,D,0,a,0,D,0,D
02,72,04000US72,IA,71,712,213, ,2002,5, ,756, ,76, ,18, ,5, ,4, ,0, 
02,72,04000US72,IA,71,712,214, ,2002,1, ,0,D,0,D,0,D,0,a,0,D,0,D
02,72,04000US72,IA,71,712,215, ,2002,4, ,0,D,0,D,0,D,0,a,0,D,0,D
02,72,04000US72,IA,71,712,221, ,2002,0, ,0, ,0, ,0, ,0, ,0, ,0, 
02,72,04000US72,IA,71,712,222, ,2002,1, ,0,D,0,D,0,D,0,a,0,D,0,D
02,72,04000US72,IA,71,712,223, ,2002,1, ,0,D,0,D,0,D,0,a,0,D,0,D
02,72,04000US72,IA,71,712,232, ,2002,2, ,0,D,0,D,0,D,0,b,0,D,0,D
02,72,04000US72,IA,71,712,241, ,2002,1, ,0,D,0,D,0,D,0,b,0,D,0,D
02,72,04000US72,IA,71,712,243, ,2002,1, ,0,D,0,D,0,D,0,c,0,D,0,D
02,72,04000US72,IA,71,713,001, ,2002,207, ,132561, ,26331, ,6159, ,2045, ,304, ,14, 
02,72,04000US72,IA,71,713,204, ,2002,24, ,4189, ,712, ,12, ,0, ,5, ,0, 
02,72,04000US72,IA,71,713,213, ,2002,35, ,3052, ,333, ,78, ,35, ,31, ,7, 
02,72,04000US72,IA,71,713,214, ,2002,33, ,0,D,0,D,0,D,0,b,0,D,0,D
02,72,04000US72,IA,71,713,215, ,2002,29, ,5714, ,971, ,250, ,102, ,8, ,1, 
02,72,04000US72,IA,71,713,221, ,2002,16, ,0,D,0,D,0,D,0,b,0,D,0,D
02,72,04000US72,IA,71,713,222, ,2002,13, ,8289, ,1163, ,301, ,101, ,6, ,1, 
02,72,04000US72,IA,71,713,223, ,2002,12, ,0,D,0,D,0,D,0,c,0,D,0,D
02,72,04000US72,IA,71,713,232, ,2002,11, ,0,D,0,D,0,D,0,c,0,D,0,D
02,72,04000US72,IA,71,713,241, ,2002,27, ,55594, ,10505, ,2608, ,738, ,16, ,0, 
02,72,04000US72,IA,71,713,243, ,2002,7, ,0,D,0,D,0,D,0,f,0,D,0,D
02,72,04000US72,IA,72,72,001, ,2002,4133, ,3360226, ,732147, ,176437, ,63810, ,2494, ,627, 
02,72,04000US72,IA,72,72,204, ,2002,389, ,67886, ,11071, ,162, ,0, ,105, ,12, 
02,72,04000US72,IA,72,72,213, ,2002,503, ,39869, ,4337, ,1095, ,503, ,465, ,127, 
02,72,04000US72,IA,72,72,214, ,2002,415, ,49525, ,7003, ,1681, ,830, ,380, ,114, 
02,72,04000US72,IA,72,72,215, ,2002,580, ,100247, ,15251, ,3702, ,1978, ,522, ,154, 
02,72,04000US72,IA,72,72,221, ,2002,346, ,95127, ,17436, ,4276, ,1872, ,261, ,78, 
02,72,04000US72,IA,72,72,222, ,2002,355, ,134857, ,26490, ,6641, ,2807, ,252, ,51, 
02,72,04000US72,IA,72,72,223, ,2002,383, ,211407, ,43288, ,10722, ,4541, ,203, ,31, 
02,72,04000US72,IA,72,72,232, ,2002,256, ,200461, ,41690, ,9620, ,4315, ,76, ,16, 
02,72,04000US72,IA,72,72,241, ,2002,717, ,1027537, ,209599, ,49213, ,21371, ,172, ,41, 
02,72,04000US72,IA,72,72,243, ,2002,189, ,1433310, ,355982, ,89325, ,25593, ,58, ,3, 
02,72,04000US72,IA,72,721,001, ,2002,250, ,884318, ,257293, ,63898, ,14167, ,157, ,30, 
02,72,04000US72,IA,72,721,204, ,2002,12, ,1992, ,513, ,29, ,0, ,5, ,0, 
02,72,04000US72,IA,72,721,213, ,2002,24, ,1708, ,318, ,84, ,24, ,18, ,4, 
02,72,04000US72,IA,72,721,214, ,2002,13, ,1306, ,172, ,54, ,26, ,6, ,3, 
02,72,04000US72,IA,72,721,215, ,2002,21, ,3838, ,766, ,195, ,76, ,17, ,4, 
02,72,04000US72,IA,72,721,221, ,2002,24, ,8780, ,1967, ,430, ,130, ,16, ,3, 
02,72,04000US72,IA,72,721,222, ,2002,29, ,9885, ,2616, ,611, ,237, ,20, ,8, 
02,72,04000US72,IA,72,721,223, ,2002,32, ,14251, ,3879, ,919, ,381, ,19, ,5, 
02,72,04000US72,IA,72,721,232, ,2002,12, ,8110, ,2213, ,535, ,204, ,9, ,1, 
02,72,04000US72,IA,72,721,241, ,2002,50, ,65440, ,17881, ,4336, ,1451, ,30, ,2, 
02,72,04000US72,IA,72,721,243, ,2002,33, ,769008, ,226968, ,56705, ,11638, ,17, ,0, 
02,72,04000US72,IA,72,722,001, ,2002,3883, ,2475908, ,474854, ,112539, ,49643, ,2337, ,597, 
02,72,04000US72,IA,72,722,204, ,2002,377, ,65894, ,10558, ,133, ,0, ,100, ,12, 
02,72,04000US72,IA,72,722,213, ,2002,479, ,38161, ,4019, ,1011, ,479, ,447, ,123, 
02,72,04000US72,IA,72,722,214, ,2002,402, ,48219, ,6831, ,1627, ,804, ,374, ,111, 
02,72,04000US72,IA,72,722,215, ,2002,559, ,96409, ,14485, ,3507, ,1902, ,505, ,150, 
02,72,04000US72,IA,72,722,221, ,2002,322, ,86347, ,15469, ,3846, ,1742, ,245, ,75, 
02,72,04000US72,IA,72,722,222, ,2002,326, ,124972, ,23874, ,6030, ,2570, ,232, ,43, 
02,72,04000US72,IA,72,722,223, ,2002,351, ,197156, ,39409, ,9803, ,4160, ,184, ,26, 
02,72,04000US72,IA,72,722,232, ,2002,244, ,192351, ,39477, ,9085, ,4111, ,67, ,15, 
02,72,04000US72,IA,72,722,241, ,2002,667, ,962097, ,191718, ,44877, ,19920, ,142, ,39, 
02,72,04000US72,IA,72,722,243, ,2002,156, ,664302, ,129014, ,32620, ,13955, ,41, ,3, 
02,72,04000US72,IA,81,81,001, ,2002,3324, ,1470563, ,281805, ,66924, ,18417, ,2411, ,351, 
02,72,04000US72,IA,81,81,204, ,2002,334, ,40560, ,7278, ,47, ,0, ,79, ,1, 
02,72,04000US72,IA,81,81,213, ,2002,921, ,68180, ,9754, ,2486, ,921, ,708, ,65, 
02,72,04000US72,IA,81,81,214, ,2002,564, ,79487, ,13377, ,3351, ,1128, ,432, ,89, 
02,72,04000US72,IA,81,81,215, ,2002,575, ,150307, ,25524, ,6178, ,1980, ,583, ,76, 
02,72,04000US72,IA,81,81,221, ,2002,288, ,105156, ,20395, ,5049, ,1575, ,201, ,25, 
02,72,04000US72,IA,81,81,222, ,2002,256, ,134621, ,28378, ,7090, ,1997, ,165, ,18, 
02,72,04000US72,IA,81,81,223, ,2002,165, ,161701, ,31638, ,7742, ,1934, ,126, ,14, 
02,72,04000US72,IA,81,81,232, ,2002,70, ,78937, ,18232, ,4167, ,1163, ,36, ,27, 
02,72,04000US72,IA,81,81,241, ,2002,113, ,280254, ,55222, ,13620, ,3189, ,66, ,36, 
02,72,04000US72,IA,81,81,243, ,2002,38, ,371360, ,72007, ,17194, ,4530, ,15, ,0, 
02,72,04000US72,IA,81,811,001, ,2002,1562, ,603130, ,114668, ,27366, ,7391, ,1181, ,192, 
02,72,04000US72,IA,81,811,204, ,2002,153, ,20737, ,3629, ,29, ,0, ,49, ,1, 
02,72,04000US72,IA,81,811,213, ,2002,428, ,32493, ,4800, ,1229, ,428, ,365, ,35, 
02,72,04000US72,IA,81,811,214, ,2002,310, ,41826, ,7022, ,1782, ,620, ,248, ,52, 
02,72,04000US72,IA,81,811,215, ,2002,278, ,65084, ,11923, ,2848, ,967, ,207, ,58, 
02,72,04000US72,IA,81,811,221, ,2002,129, ,45552, ,8675, ,2139, ,708, ,113, ,14, 
02,72,04000US72,IA,81,811,222, ,2002,110, ,63964, ,12250, ,2958, ,864, ,92, ,9, 
02,72,04000US72,IA,81,811,223, ,2002,72, ,71197, ,13607, ,3393, ,853, ,59, ,10, 
02,72,04000US72,IA,81,811,232, ,2002,25, ,38999, ,7280, ,1810, ,407, ,18, ,13, 
02,72,04000US72,IA,81,811,241, ,2002,45, ,158774, ,26640, ,6551, ,1259, ,23, ,0, 
02,72,04000US72,IA,81,811,243, ,2002,12, ,64504, ,18842, ,4627, ,1285, ,7, ,0, 
02,72,04000US72,IA,81,812,001, ,2002,1128, ,430690, ,92884, ,22212, ,6617, ,768, ,99, 
02,72,04000US72,IA,81,812,204, ,2002,112, ,10215, ,2010, ,18, ,0, ,27, ,0, 
02,72,04000US72,IA,81,812,213, ,2002,257, ,15859, ,2264, ,608, ,257, ,209, ,28, 
02,72,04000US72,IA,81,812,214, ,2002,164, ,21118, ,3481, ,868, ,328, ,140, ,22, 
02,72,04000US72,IA,81,812,215, ,2002,213, ,53911, ,9357, ,2264, ,728, ,147, ,16, 
02,72,04000US72,IA,81,812,221, ,2002,113, ,42178, ,7863, ,1993, ,617, ,69, ,11, 
02,72,04000US72,IA,81,812,222, ,2002,119, ,54597, ,12770, ,3237, ,923, ,63, ,6, 
02,72,04000US72,IA,81,812,223, ,2002,69, ,68458, ,12554, ,2993, ,808, ,55, ,3, 
02,72,04000US72,IA,81,812,232, ,2002,28, ,19197, ,5418, ,1309, ,466, ,15, ,7, 
02,72,04000US72,IA,81,812,241, ,2002,44, ,68796, ,18645, ,4605, ,1313, ,37, ,6, 
02,72,04000US72,IA,81,812,243, ,2002,9, ,76361, ,18522, ,4317, ,1177, ,6, ,0, 
02,72,04000US72,IA,81,813,001, ,2002,634, ,436743, ,74253, ,17346, ,4409, ,462, ,60, 
02,72,04000US72,IA,81,813,204, ,2002,69, ,9608, ,1639, ,0, ,0, ,3, ,0, 
02,72,04000US72,IA,81,813,213, ,2002,236, ,19828, ,2690, ,649, ,236, ,134, ,2, 
02,72,04000US72,IA,81,813,214, ,2002,90, ,16543, ,2874, ,701, ,180, ,44, ,15, 
02,72,04000US72,IA,81,813,215, ,2002,84, ,31312, ,4244, ,1066, ,285, ,229, ,2, 
02,72,04000US72,IA,81,813,221, ,2002,46, ,17426, ,3857, ,917, ,250, ,19, ,0, 
02,72,04000US72,IA,81,813,222, ,2002,27, ,16060, ,3358, ,895, ,210, ,10, ,3, 
02,72,04000US72,IA,81,813,223, ,2002,24, ,22046, ,5477, ,1356, ,273, ,12, ,1, 
02,72,04000US72,IA,81,813,232, ,2002,17, ,20741, ,5534, ,1048, ,290, ,3, ,7, 
02,72,04000US72,IA,81,813,241, ,2002,24, ,52684, ,9937, ,2464, ,617, ,6, ,30, 
02,72,04000US72,IA,81,813,243, ,2002,17, ,230495, ,34643, ,8250, ,2068, ,2, ,0, 
