2002 3 30 3.951949 
48 
63 
0.248683 2.146815 -2.775917
0.357759 2.592351 -3.046572
0.415263 2.812015 -3.177556
0.452214 2.935864 -3.245177
0.490961 3.049979 -3.287731
0.661592 3.509291 -3.468932
0.855710 3.982022 -3.625480
1.038971 4.401416 -3.770143
1.061672 4.446212 -3.779896
1.280049 4.891226 -3.904778
1.494260 5.317674 -4.042832
1.662891 5.680174 -4.187281
1.690014 5.724722 -4.195630
1.915448 6.120622 -4.296630
1.938394 6.174058 -4.316263
2.122309 6.533103 -4.313781
2.288088 6.982262 -4.283638
2.585915 7.510794 -3.988590
3.109273 7.623071 -3.591676
3.637841 7.369652 -3.362537
4.202758 7.255865 -3.041584
5.139359 6.440367 -2.870717
5.353337 6.213047 -2.834815
5.926259 5.451562 -2.693190
6.579385 4.408864 -2.414584
7.179643 3.427238 -1.982436
7.510837 2.956468 -1.348942
7.667439 2.686653 -0.734322
7.700222 2.623411 -0.574217
7.719165 2.559134 -0.403720
7.966148 1.435762 -0.279047
8.032229 0.733951 0.000000
8.032232 0.733915 0.000016
8.056173 0.489398 0.107120
8.062904 0.352979 0.161053
8.061316 0.262064 0.193187
8.055057 0.194087 0.214535
8.053016 0.135150 0.224011
8.048829 0.086127 0.230673
8.047421 0.074736 0.231956
8.037203 0.050375 0.281279
8.016975 -0.000000 0.380042
7.982603 -0.111681 0.623591
7.894229 -0.435604 1.376633
7.807869 -0.591151 1.583270
7.433131 -1.173640 2.403718
7.323956 -1.404424 2.476330
6.745309 -1.668767 3.126481
6.676548 -1.665314 3.202434
6.206775 -1.872973 3.420179
5.736489 -1.878009 3.595846
5.604628 -1.852312 3.645261
5.283703 -1.894448 3.627057
4.852660 -1.851120 3.598595
4.427158 -1.763811 3.560598
4.239665 -1.707464 3.550608
4.007839 -1.664926 3.467588
3.593727 -1.560731 3.329860
3.178468 -1.428699 3.196235
2.903125 -1.325651 3.113209
2.772110 -1.284286 3.039940
2.386411 -1.147174 2.835629
2.014854 -0.997482 2.633558
50 
2.295358 0.724194 -2.467986
2.692544 0.838355 -2.627683
3.105843 0.946232 -2.780294
3.403390 1.002829 -2.890884
3.534370 1.037542 -2.907110
3.810563 1.104165 -2.957264
3.973528 1.143240 -2.971124
4.413438 1.214872 -3.026749
4.710251 1.235436 -3.070840
4.857572 1.269848 -3.037225
5.309166 1.351961 -2.941009
5.762355 1.387023 -2.835414
5.945684 1.377824 -2.796355
6.223913 1.430739 -2.583735
6.452767 1.450561 -2.404311
6.694935 1.472118 -2.179327
6.940455 1.463005 -1.963842
7.102920 1.460708 -1.614603
7.184211 1.460693 -1.423673
7.352526 1.442370 -1.063278
7.506329 1.426733 -0.650972
7.590938 1.408619 -0.308321
7.631348 1.385884 -0.000005
7.631348 1.385884 0.000000
7.631349 1.385881 0.000030
7.631349 1.385881 0.000030
7.618840 1.359853 0.297647
7.567319 1.327682 0.605779
7.466828 1.280430 0.943902
7.315554 1.200737 1.327241
7.204245 1.112270 1.592461
7.126083 1.077034 1.785188
6.913039 0.979132 2.233902
6.772303 0.884993 2.370263
6.722299 0.848812 2.408131
6.285794 0.625201 2.695539
5.895077 0.520860 2.908304
5.845110 0.507566 2.929741
5.768742 0.495507 2.971624
5.407107 0.345488 3.015463
4.973962 0.236622 3.039394
4.536691 0.179649 3.042696
4.409490 0.173966 3.052508
4.094950 0.112317 2.992100
3.657795 0.056198 2.900788
3.218264 0.031738 2.803364
3.123024 0.031027 2.786550
2.794920 0.002360 2.654538
2.745938 -0.000000 2.637199
2.385498 -0.015128 2.486134
57 
0.565325 2.092674 -2.754480
0.732087 2.503746 -3.015190
0.916880 2.932816 -3.265347
0.937021 2.981656 -3.295793
0.955272 3.019425 -3.314419
1.135871 3.353220 -3.451108
1.379443 3.776943 -3.606742
1.643062 4.200763 -3.746591
1.790645 4.433930 -3.828222
1.917841 4.613156 -3.864155
2.190075 5.015325 -3.957820
2.448928 5.412124 -4.055337
2.554891 5.582081 -4.114969
2.701750 5.788071 -4.136846
2.945796 6.107055 -4.154648
2.996426 6.163024 -4.131756
3.331521 6.527374 -4.012928
4.117352 6.777051 -3.413397
4.288984 6.783750 -3.095208
4.343578 6.866925 -2.888776
5.109419 6.396626 -2.810652
5.499334 6.017356 -2.745527
5.918257 5.470137 -2.639423
6.573057 4.446850 -2.337374
7.176570 3.531810 -1.800292
7.307267 3.367524 -1.536494
7.541244 2.992102 -0.654917
7.619315 2.774134 0.000000
7.619316 2.774113 0.000059
7.619316 2.774113 0.000059
7.645943 2.571524 0.562861
7.633079 2.324336 1.060521
7.614597 2.001989 1.475816
7.564370 1.634465 1.806665
7.520212 1.235674 2.048136
7.444819 0.840258 2.222327
7.440213 0.834379 2.234705
7.325351 0.692070 2.532772
7.197098 0.490253 2.737405
6.907437 0.001087 3.066750
6.906096 -0.000000 3.068264
6.425802 -0.282278 3.425601
6.425184 -0.282838 3.425762
5.953658 -0.621570 3.560521
5.916086 -0.639382 3.570088
5.491528 -0.802547 3.639385
5.251649 -0.832352 3.681011
5.046042 -0.886109 3.643377
4.610302 -0.952021 3.568191
4.176345 -0.955914 3.487782
3.898818 -0.930071 3.443029
3.744558 -0.925783 3.378620
3.324548 -0.887988 3.212464
2.910665 -0.825107 3.041000
2.617435 -0.758749 2.924351
2.506724 -0.739595 2.857039
2.133403 -0.664145 2.627860
50 
0.592054 2.086825 -2.751911
0.763459 2.496127 -3.012000
0.941044 2.898589 -3.249009
0.952881 2.922626 -3.261210
0.981907 2.987034 -3.301737
1.174180 3.336940 -3.448319
1.420809 3.758257 -3.605241
1.688603 4.179478 -3.746260
1.774905 4.315073 -3.796180
1.967457 4.585691 -3.857554
2.242287 4.984992 -3.953125
2.504009 5.378988 -4.052407
2.649059 5.604493 -4.131491
2.756699 5.751836 -4.147301
2.924623 5.970053 -4.172859
3.060702 6.120157 -4.122034
3.395839 6.479081 -4.013504
4.111347 6.670649 -3.557878
4.428843 6.657830 -3.037755
4.502506 6.758810 -2.778982
5.099844 6.430248 -2.648625
5.949917 5.659750 -2.297799
6.634438 4.805564 -1.643383
6.935925 4.404695 -0.964108
7.187925 3.986537 0.000000
7.187934 3.986493 0.000085
7.187934 3.986493 0.000085
7.248976 3.594052 0.786673
7.262862 3.030813 1.382864
7.226182 2.668183 1.641690
7.157636 2.531520 1.866174
6.955923 2.078438 2.297413
6.901330 1.958633 2.370601
6.638969 1.603359 2.657576
6.542950 1.467167 2.715629
6.140767 1.157198 2.991356
6.099267 1.141811 3.021746
6.082369 1.131485 3.030438
5.724979 0.893183 3.109707
5.311530 0.680668 3.164767
4.961984 0.570673 3.186445
4.892033 0.548362 3.181314
4.601126 0.489293 3.182096
4.465350 0.441019 3.149167
4.035083 0.329414 3.063632
3.605075 0.253039 2.962175
3.232724 0.215888 2.876492
3.172501 0.205093 2.849936
2.757245 0.146601 2.683038
2.359531 0.110145 2.504947
50 
0.074277 2.216637 -2.743887
0.149163 2.680378 -3.008871
0.163956 2.768178 -3.059824
0.257938 3.168300 -3.208400
0.397455 3.661178 -3.378380
0.400402 3.670030 -3.380544
0.562346 4.167550 -3.517413
0.740890 4.655360 -3.654386
0.912835 5.132824 -3.798867
0.925661 5.172765 -3.813231
1.023504 5.402352 -3.851826
1.119908 5.594966 -3.855582
1.349205 6.037807 -3.878672
1.565740 6.488859 -3.884034
1.746010 6.955195 -3.873635
1.835400 7.452929 -3.850122
1.876293 7.963349 -3.818129
1.928168 8.285731 -3.793284
1.931660 8.289316 -3.782150
2.013175 8.529917 -3.418069
3.167169 8.381536 -2.858929
4.250064 7.444852 -2.962344
4.277617 7.409810 -2.969651
5.153201 6.605146 -2.464837
5.972021 5.891414 -1.701062
6.237668 5.616293 -1.229304
6.626585 5.099569 0.000000
6.626610 5.099493 0.000109
6.626610 5.099493 0.000109
6.809947 4.411216 0.965536
6.862476 3.866995 1.381376
6.813401 3.689412 1.683362
6.664454 3.043405 2.192842
6.645319 3.023603 2.228925
6.342121 2.496728 2.617963
6.270115 2.435782 2.692406
5.968945 2.093048 2.888701
5.660791 1.826925 3.028137
5.595267 1.765544 3.039490
5.212548 1.508169 3.088174
4.847070 1.347978 3.144035
4.798565 1.320506 3.141208
4.485052 1.171500 3.137610
4.381687 1.118569 3.118384
3.963116 0.956825 3.044492
3.537023 0.830001 2.959843
3.394508 0.796972 2.938127
3.113816 0.703108 2.837574
2.701982 0.587788 2.685610
2.302677 0.495242 2.522748
53 
0.035141 2.195159 -2.764306
0.102355 2.654642 -3.034218
0.133147 2.844638 -3.144339
0.200542 3.136719 -3.252637
0.335735 3.631910 -3.433286
0.382829 3.806383 -3.492723
0.489722 4.131977 -3.580763
0.661759 4.613981 -3.725106
0.826275 5.086752 -3.875636
0.935670 5.418738 -3.994557
0.994017 5.546800 -4.013916
1.011244 5.587566 -4.023396
1.220483 5.972865 -4.070441
1.433656 6.400000 -4.115764
1.615180 6.831800 -4.160581
1.712960 7.281789 -4.210829
1.762703 7.732715 -4.272776
1.838522 8.165154 -4.339103
1.916147 8.218534 -4.352959
2.185196 7.991168 -4.365108
2.760730 7.953717 -3.629026
2.920656 8.168047 -3.259414
3.153642 8.138855 -3.206324
3.639747 7.693177 -3.400775
4.233096 7.425540 -2.844702
5.148003 6.736967 -2.036189
5.571877 6.454007 -1.412665
5.955443 6.138450 0.000000
5.955466 6.138368 0.000131
5.955466 6.138368 0.000131
6.221628 5.283147 1.156386
6.251863 5.133065 1.244001
6.214100 4.372730 1.995138
6.207921 4.229539 2.053119
6.172768 4.100952 2.142582
5.995814 3.512402 2.573941
5.988435 3.506259 2.584727
5.720695 2.954053 2.823603
5.591943 2.845791 2.926379
5.451952 2.718202 3.004580
5.364636 2.591523 3.012174
4.996984 2.262111 3.080184
4.609549 1.989238 3.121509
4.424404 1.893212 3.138008
4.217691 1.753514 3.098127
3.813188 1.547412 3.044825
3.740675 1.516695 3.040242
3.404534 1.341055 2.950930
2.989839 1.156448 2.840997
2.640594 1.021523 2.735929
2.583578 0.997099 2.707605
2.437996 0.942279 2.651266
2.206329 0.837385 2.519220
55 
-0.496310 1.996698 -2.893935
-0.562242 2.487053 -3.170055
-0.583281 2.657460 -3.258537
-0.615328 2.994511 -3.431494
-0.649812 3.197306 -3.534163
-0.641475 3.517834 -3.633584
-0.623213 4.072596 -3.774552
-0.587243 4.639922 -3.898980
-0.574119 4.996015 -3.962614
-0.559241 5.199106 -4.013768
-0.554126 5.580446 -4.113764
-0.514848 5.718634 -4.117964
-0.398616 6.249573 -4.128544
-0.277537 6.782482 -4.130019
-0.228103 7.096870 -4.120843
-0.181069 7.294214 -4.134865
-0.117991 7.763156 -4.176836
-0.105296 8.249331 -4.194071
-0.167585 8.766315 -4.168591
-0.245154 9.088696 -4.146881
-0.225237 9.286193 -4.062261
-0.330646 9.793303 -3.898291
-0.379448 10.341828 -3.583234
0.154129 10.556053 -3.201856
0.357716 10.340387 -3.281883
1.074354 9.701980 -3.355610
1.862725 9.538678 -2.889120
2.782130 8.790960 -2.922395
3.183316 8.639479 -2.539495
4.264018 7.746931 -2.207891
4.500995 7.464777 -2.200506
4.831596 7.264469 -1.590060
5.155084 7.089632 0.000000
5.155125 7.089521 0.000152
5.155125 7.089521 0.000152
5.411530 6.330955 0.960181
5.395995 6.146359 1.345328
5.459474 5.509218 1.769874
5.253690 5.013566 2.287531
5.251473 4.980876 2.298220
5.054529 4.390058 2.601102
4.725658 3.990059 2.856743
4.664575 3.935234 2.900957
4.429189 3.541975 2.973961
4.082479 3.167436 3.055443
3.703494 2.841616 3.118234
3.678239 2.825151 3.122797
3.357156 2.507359 3.058295
3.311863 2.473832 3.056033
2.980465 2.200763 2.973566
2.601511 1.912111 2.869692
2.240752 1.663222 2.756798
2.224570 1.648963 2.745703
2.009556 1.483188 2.631157
1.892922 1.387990 2.548491
47 
-0.350973 2.174433 -2.776234
-0.378495 2.658341 -3.048794
-0.386925 2.849566 -3.149786
-0.368769 3.178004 -3.256247
-0.310558 3.729099 -3.408932
-0.276128 4.007057 -3.476173
-0.229904 4.281656 -3.541422
-0.146601 4.809589 -3.678595
-0.110581 5.087082 -3.750069
-0.035916 5.344112 -3.754665
0.124046 5.820915 -3.762245
0.148344 5.879509 -3.762099
0.317693 6.371088 -3.776187
0.478016 6.860827 -3.787658
0.598447 7.347735 -3.807766
0.678923 7.839825 -3.821459
0.716440 8.199829 -3.808122
0.740768 8.296505 -3.785430
0.764525 8.348424 -3.754612
0.919723 8.823315 -3.518157
1.145028 9.320024 -3.148158
1.870209 9.522873 -2.676304
2.593626 8.976803 -2.618105
3.063466 8.874594 -1.942487
3.178446 8.836006 -1.577847
4.256835 8.068946 0.000000
4.256942 8.068755 0.000173
4.256942 8.068755 0.000173
4.318209 7.970678 0.076555
4.686410 7.050193 1.129697
4.652304 6.862168 1.502006
4.765963 6.302977 1.843649
4.630905 5.733189 2.301860
4.511016 5.519710 2.518469
4.456414 5.176331 2.630464
4.219707 4.674390 2.832362
3.904150 4.249230 3.019027
3.815899 4.160161 3.066768
3.623903 3.795666 3.077873
3.312124 3.375070 3.097928
2.958857 2.999938 3.108410
2.745224 2.813117 3.109494
2.621212 2.647296 3.048251
2.617906 2.642697 3.046335
2.293044 2.279185 2.907693
1.964309 1.944988 2.755212
1.639653 1.641694 2.586482
49 
-0.455069 2.073648 -2.843793
-0.490990 2.364322 -3.009959
-0.509971 2.561919 -3.118832
-0.550712 3.050487 -3.371875
-0.550312 3.066344 -3.376896
-0.529477 3.600759 -3.544923
-0.486977 4.164400 -3.679093
-0.445610 4.615203 -3.775909
-0.430569 4.727592 -3.803849
-0.387119 5.249276 -3.940648
-0.381965 5.399563 -3.980422
-0.270023 5.776608 -3.992470
-0.133985 6.314878 -3.995031
-0.070514 6.572265 -3.996014
0.013397 6.820782 -4.006604
0.125143 7.293869 -4.042707
0.195055 7.769217 -4.078138
0.225481 8.262725 -4.084232
0.165334 8.792086 -4.043067
0.151501 8.852152 -4.038954
0.209514 9.305015 -3.846398
0.098686 9.831702 -3.636426
0.224615 10.318552 -3.257285
0.802135 9.788804 -3.313368
1.863506 9.771514 -2.138806
1.864240 9.771417 -2.137215
2.730157 9.156147 -1.688305
3.176840 8.993522 0.000000
3.176960 8.993348 0.000192
3.176960 8.993348 0.000192
3.514357 8.446598 0.494709
3.694570 7.794612 1.279023
3.650535 7.604411 1.664469
3.753232 7.126201 1.983297
3.715451 6.505487 2.418713
3.559343 6.086270 2.776972
3.553776 5.950669 2.815050
3.417533 5.362943 3.005291
3.187103 4.844588 3.179697
2.953864 4.485644 3.306705
2.917694 4.360141 3.300324
2.692212 3.851032 3.293359
2.421123 3.395004 3.261509
2.115322 2.975525 3.215339
2.110177 2.969462 3.214872
2.053529 2.898807 3.204212
1.862970 2.549818 3.052357
1.603853 2.159582 2.860167
1.341735 1.797431 2.659982
50 
-0.504356 1.994959 -2.893853
-0.572705 2.484921 -3.169980
-0.602256 2.726485 -3.292769
-0.627802 2.997591 -3.429046
-0.661776 3.190672 -3.526830
-0.655002 3.521267 -3.629425
-0.639667 4.076163 -3.769879
-0.606451 4.643486 -3.893803
-0.591194 5.062598 -3.966632
-0.580352 5.210785 -4.003022
-0.578403 5.551362 -4.092324
-0.528433 5.731414 -4.097726
-0.413299 6.263267 -4.106507
-0.293424 6.796839 -4.106580
-0.238321 7.148532 -4.095120
-0.198765 7.314651 -4.105477
-0.136083 7.785721 -4.143575
-0.124412 8.275119 -4.155257
-0.186825 8.796657 -4.121722
-0.236635 9.002153 -4.107395
-0.207266 9.313450 -3.973906
-0.312899 9.827996 -3.788150
-0.351132 10.415897 -3.352034
0.155775 10.684757 -2.800818
0.352676 10.480881 -2.864353
1.067364 9.996733 -2.477009
1.209970 10.011937 -2.191431
1.867526 9.964579 0.000000
1.867691 9.964393 0.000213
1.867691 9.964393 0.000213
2.257939 9.499161 0.382107
2.653658 8.828927 1.081143
2.728163 8.342607 1.826047
2.773201 8.236782 1.886984
2.938837 7.539802 2.341997
2.909742 6.950069 2.715800
2.803019 6.562128 2.994091
2.815691 6.370800 3.039960
2.738215 5.760019 3.210151
2.577998 5.203686 3.345962
2.342234 4.695451 3.455594
2.339352 4.689701 3.457131
2.178884 4.152488 3.420380
1.972644 3.653990 3.355878
1.721243 3.189510 3.280769
1.565547 2.923008 3.230964
1.496377 2.736147 3.146089
1.379773 2.488277 3.034461
1.297011 2.307520 2.934674
1.091849 1.912679 2.705158
49 
-0.527472 1.942506 -2.928885
-0.602768 2.422902 -3.211302
-0.656690 2.869204 -3.432065
-0.663630 2.943743 -3.468603
-0.728095 3.299325 -3.646931
-0.725551 3.459480 -3.695833
-0.725483 4.007963 -3.841477
-0.706635 4.569239 -3.969435
-0.694975 5.151731 -4.069078
-0.696915 5.346004 -4.098116
-0.695406 5.669326 -4.179285
-0.688918 5.693416 -4.179983
-0.586767 6.220493 -4.193968
-0.481115 6.749938 -4.197803
-0.408538 7.290851 -4.178470
-0.385095 7.595431 -4.165648
-0.356886 7.801552 -4.179004
-0.357722 8.288987 -4.193088
-0.421647 8.806438 -4.162721
-0.490209 9.080696 -4.143231
-0.472796 9.324507 -4.038093
-0.575120 9.832767 -3.863429
-0.769518 10.410268 -3.502026
-0.372327 10.912636 -2.388577
0.139659 10.781176 -1.596246
0.283613 10.694740 0.000000
0.283787 10.694545 0.000229
0.283787 10.694545 0.000229
0.482557 10.449388 0.231043
0.782301 9.891148 0.899366
0.937566 9.345310 1.726568
0.942063 9.201114 2.013959
1.117549 8.719101 2.331361
1.217131 8.109042 2.717018
1.228341 7.524612 3.076560
1.196316 7.214922 3.291940
1.244368 6.908795 3.366234
1.246862 6.289418 3.515535
1.188319 5.697186 3.637079
1.078852 5.127221 3.735693
1.068169 5.080613 3.745302
1.039359 4.653656 3.706698
1.032558 4.543442 3.686061
0.955193 3.992054 3.581482
0.833969 3.466812 3.456951
0.713698 3.012240 3.329596
0.709442 2.961137 3.304280
0.626018 2.482174 3.061150
0.533784 2.040012 2.801780
54 
-0.471098 1.710853 -3.080902
-0.561525 2.010822 -3.332945
-0.578891 2.147953 -3.419429
-0.613467 2.407288 -3.580528
-0.635175 2.618775 -3.710481
-0.716139 3.096564 -3.986758
-0.811412 3.607165 -4.232653
-0.902325 3.968810 -4.386949
-0.899331 4.139550 -4.432061
-0.923057 4.691967 -4.557905
-0.949681 5.261704 -4.658304
-1.005159 5.807433 -4.720716
-1.009494 5.845901 -4.730791
-1.108100 6.350373 -4.858378
-1.197693 6.680851 -4.924954
-1.194420 6.870496 -4.923740
-1.219295 7.388786 -4.923017
-1.301038 7.915474 -4.901472
-1.418253 8.452596 -4.854994
-1.610875 9.017042 -4.754004
-1.888048 9.587427 -4.633642
-2.193625 10.011538 -4.567945
-2.263862 10.131901 -4.501175
-2.674822 10.653800 -4.271684
-3.038178 11.216081 -3.928781
-2.952501 12.033395 -2.633891
-2.353021 11.777922 -1.852858
-1.829115 11.495274 -0.542662
-1.695838 11.420297 0.000000
-1.695666 11.420110 0.000244
-1.695666 11.420110 0.000244
-1.376391 11.069376 0.349882
-0.989168 10.553680 0.934651
-0.786026 10.049442 1.548706
-0.757167 9.617669 2.105136
-0.722282 9.547956 2.143694
-0.525303 8.957816 2.505136
-0.409929 8.380332 2.840019
-0.394011 8.160874 2.968754
-0.364715 7.799551 3.163073
-0.359202 7.419321 3.385201
-0.304071 7.194545 3.431013
-0.217879 6.584450 3.543803
-0.185984 5.983526 3.631409
-0.185507 5.385789 3.704099
-0.194858 5.076974 3.742619
-0.152722 4.789118 3.701972
-0.115056 4.209321 3.605338
-0.111082 3.650563 3.481636
-0.111166 3.110604 3.332139
-0.113735 3.015704 3.305553
-0.114537 2.982021 3.296194
-0.085268 2.587460 3.105090
-0.073103 2.102577 2.837316
80 
-0.246177 1.328269 -3.277331
-0.316525 1.670881 -3.673611
-0.409572 2.045503 -4.058311
-0.548410 2.455533 -4.423953
-0.702743 2.859516 -4.739658
-0.707610 2.898690 -4.763026
-0.817909 3.369741 -5.032094
-0.950170 3.866405 -5.272505
-1.125783 4.378488 -5.488851
-1.328047 4.904119 -5.682695
-1.485014 5.240331 -5.792434
-1.530803 5.445905 -5.822788
-1.700479 5.999455 -5.894211
-1.888494 6.562644 -5.944905
-2.118314 7.124007 -5.984090
-2.359916 7.688017 -6.013287
-2.620077 8.172846 -6.024815
-2.658746 8.257308 -6.000664
-2.980521 8.843888 -5.838538
-3.335055 9.429931 -5.668966
-3.723284 9.989094 -5.539775
-4.123001 10.560966 -5.394485
-4.626906 11.156424 -5.189176
-4.779974 11.275374 -5.144592
-5.518067 11.728878 -4.650002
-6.409296 12.217760 -4.336535
-6.964500 12.757700 -4.096518
-7.307996 13.294245 -4.039507
-6.853263 13.769920 -3.946430
-6.331835 13.375825 -4.243877
-5.480805 12.774866 -4.653426
-4.758441 12.308991 -4.678370
-4.573972 11.885790 -4.527554
-4.743643 11.676067 -4.440481
-5.200406 11.945776 -4.166173
-6.096780 12.437119 -3.843694
-6.560676 13.012171 -3.546215
-6.546427 13.658700 -3.342864
-6.522187 13.690832 -3.333781
-6.486393 13.664359 -3.353009
-5.633780 13.082321 -3.706820
-4.925756 12.614809 -3.735353
-4.823164 12.215363 -3.502373
-4.880120 12.152187 -3.420960
-5.052281 12.249787 -3.331988
-5.951055 12.745071 -2.996924
-6.144720 13.006257 -2.846833
-5.727284 12.869038 -2.600781
-5.108099 12.659109 -2.162483
-4.874423 12.540671 -2.080590
-4.318097 12.164280 -1.630375
-3.837403 11.837839 -0.738208
-3.826421 11.630901 -0.000218
-3.826456 11.630870 0.000000
-3.826207 11.630672 0.000249
-3.826207 11.630672 0.000249
-3.630479 11.469513 0.169867
-3.238123 10.983591 0.774619
-2.951284 10.492742 1.395156
-2.946863 10.476171 1.416738
-2.856454 9.985719 2.185695
-2.827543 9.943016 2.213518
-2.516990 9.371740 2.583868
-2.304948 8.786321 2.948444
-2.173920 8.178450 3.341814
-2.120037 7.816683 3.566505
-1.999727 7.570221 3.634742
-1.776938 6.953849 3.795599
-1.622687 6.338949 3.929349
-1.500585 5.732869 4.031612
-1.466480 5.519734 4.069012
-1.314003 5.130103 4.040186
-1.141444 4.545463 3.967725
-1.002442 3.975605 3.864985
-0.960149 3.748340 3.816601
-0.892584 3.401834 3.746365
-0.890081 3.387081 3.743930
-0.739194 2.847409 3.529954
-0.620102 2.343684 3.267426
-0.519063 1.885478 2.972704
63 
-0.321975 1.362775 -3.258790
-0.412276 1.711571 -3.652897
-0.527248 2.093424 -4.033806
-0.687220 2.510303 -4.394704
-0.802899 2.777497 -4.603712
-0.838252 2.959214 -4.713208
-0.972280 3.434261 -4.975832
-1.130410 3.934674 -5.208913
-1.325246 4.450801 -5.417446
-1.549118 4.979913 -5.603156
-1.612088 5.105810 -5.643739
-1.728697 5.526144 -5.705593
-1.920552 6.082032 -5.767517
-2.130745 6.644421 -5.811813
-2.382098 7.204916 -5.844547
-2.648760 7.767981 -5.866550
-2.761026 7.963469 -5.870469
-2.946804 8.353610 -5.756006
-3.271515 8.944146 -5.582919
-3.639286 9.529403 -5.407797
-4.040426 10.088984 -5.271342
-4.471075 10.661775 -5.112444
-4.738664 10.965948 -5.003411
-5.149142 11.297485 -4.554795
-6.061779 11.862546 -3.963474
-6.944201 12.354349 -3.644036
-7.655692 12.894314 -3.322022
-8.611510 13.401753 -3.038071
-8.984859 13.484795 -2.951576
-8.860445 13.396370 -2.909708
-8.224821 12.979401 -2.622029
-7.600573 12.608797 -2.095121
-7.055279 12.257711 -1.428283
-6.626586 11.947552 -0.331943
-6.571139 11.893517 -0.000029
-6.571131 11.893509 0.000000
-6.570937 11.893348 0.000254
-6.570937 11.893348 0.000254
-6.120974 11.532166 0.425132
-5.959016 11.381324 0.596481
-5.632679 11.059386 1.069940
-5.285822 10.538151 1.872305
-5.226821 10.286118 2.251447
-4.952117 9.964691 2.524268
-4.561778 9.383016 2.978170
-4.274963 8.780073 3.420125
-4.075830 8.268510 3.772659
-3.999425 8.174792 3.815517
-3.579703 7.556426 4.083450
-3.247595 6.942940 4.295872
-2.965318 6.315841 4.502379
-2.912884 6.168553 4.547305
-2.606052 5.707191 4.580735
-2.275121 5.123312 4.574598
-1.985848 4.551921 4.530894
-1.764215 4.028954 4.453426
-1.742766 3.994884 4.442255
-1.461758 3.460634 4.252414
-1.228205 2.961642 4.017362
-1.033449 2.490145 3.747790
-0.886926 2.096910 3.475637
-0.863488 2.055935 3.438884
-0.663894 1.659822 3.076185
66 
-0.282904 1.315482 -3.282604
-0.362921 1.656101 -3.680242
-0.466591 2.028026 -4.066102
-0.615669 2.435057 -4.432497
-0.795083 2.874732 -4.776216
-0.801159 2.887064 -4.785319
-0.924007 3.342644 -5.046519
-1.074048 3.835461 -5.286667
-1.262871 4.343213 -5.502927
-1.479987 4.864071 -5.696506
-1.680842 5.273877 -5.829513
-1.713506 5.399770 -5.847490
-1.903659 5.947496 -5.918967
-2.112148 6.505479 -5.968693
-2.361847 7.061327 -6.007133
-2.626586 7.619045 -6.035682
-2.945932 8.178324 -6.048083
-2.963734 8.205224 -6.048684
-3.272536 8.758440 -5.898376
-3.640353 9.339421 -5.730497
-4.041540 9.893340 -5.603650
-4.472298 10.456263 -5.461486
-5.000316 11.039235 -5.267613
-5.359840 11.319979 -5.164945
-5.813371 11.607286 -4.859663
-6.699816 12.094974 -4.551301
-7.339901 12.612073 -4.335309
-8.015961 13.073059 -4.334282
-9.755007 13.205943 -4.268447
-10.215634 13.365038 -4.083436
-12.034016 13.818571 -3.454902
-13.389557 14.051762 -3.075675
-12.760447 13.797847 -2.788219
-11.768854 13.399272 -2.294901
-10.966011 12.995195 -1.821934
-10.325448 12.590273 -1.289054
-9.843122 12.177954 -0.691307
-9.442462 11.773800 -0.025042
-9.438674 11.760062 0.000000
-9.438447 11.759875 0.000251
-9.438447 11.759875 0.000251
-8.895589 11.252640 0.854974
-8.405087 10.728292 1.682173
-8.190535 10.345713 2.264491
-7.962121 10.163914 2.442552
-7.361659 9.611118 2.967587
-6.856716 9.038946 3.470433
-6.465779 8.513381 3.884386
-6.402926 8.464504 3.915272
-5.792690 7.880965 4.262243
-5.275792 7.309324 4.526875
-4.826896 6.733257 4.753644
-4.706652 6.541781 4.822439
-4.324458 6.162492 4.896863
-3.856956 5.606346 4.950785
-3.439850 5.079735 4.940525
-3.077560 4.550893 4.898692
-2.999502 4.424152 4.890262
-2.673832 4.030920 4.792328
-2.304805 3.539803 4.620001
-1.986516 3.055996 4.414226
-1.708690 2.602899 4.163301
-1.630474 2.462619 4.081802
-1.407756 2.179591 3.860517
-1.132884 1.783916 3.516604
-0.888675 1.417435 3.151735
72 
-0.289635 1.290264 -3.294623
-0.371423 1.626653 -3.694377
-0.477040 1.993276 -4.082772
-0.627995 2.394858 -4.451673
-0.809400 2.828109 -4.798270
-0.869418 2.948424 -4.887025
-0.964573 3.291690 -5.082205
-1.121411 3.779388 -5.324962
-1.315287 4.281449 -5.544188
-1.538081 4.796419 -5.740685
-1.802047 5.323923 -5.913061
-1.822343 5.359993 -5.924702
-2.008492 5.864757 -5.993575
-2.227544 6.418126 -6.044930
-2.487500 6.969092 -6.085238
-2.764177 7.521222 -6.116040
-3.092189 8.074426 -6.131886
-3.262292 8.326404 -6.138014
-3.437985 8.637544 -6.055521
-3.813328 9.214008 -5.891408
-4.221856 9.762763 -5.769616
-4.670200 10.316805 -5.635701
-5.211880 10.882577 -5.465526
-5.929866 11.439045 -5.271627
-6.063764 11.524549 -5.258283
-6.793568 11.925177 -5.011102
-7.461047 12.419808 -4.848149
-8.244431 12.816972 -4.983503
-9.678892 12.848816 -5.192886
-10.283475 13.052559 -4.965573
-12.112961 13.492220 -4.371320
-14.566137 13.871559 -3.699168
-14.793579 13.880159 -3.691957
-18.140226 13.737868 -3.006970
-17.138990 13.283575 -2.616548
-16.149731 12.786293 -2.085277
-15.058888 12.418495 -1.359285
-14.028392 12.124335 -0.313237
-13.917261 12.003530 -0.000147
-13.917229 12.003484 0.000000
-13.916921 12.003381 0.000257
-13.916921 12.003381 0.000257
-13.095756 11.716376 0.443210
-12.278320 11.251755 1.069456
-12.197457 11.181465 1.152730
-11.697169 10.690800 1.811426
-11.494108 10.328444 2.260712
-11.061568 10.115512 2.543242
-10.263732 9.598870 3.094803
-9.603507 9.046889 3.610094
-9.248763 8.667471 3.954692
-8.917249 8.479616 4.124669
-8.109179 7.936030 4.562597
-7.409275 7.397622 4.911462
-6.974204 6.984815 5.149032
-6.752577 6.849586 5.205527
-6.134057 6.423982 5.367453
-6.015975 6.353790 5.377995
-5.389527 5.893168 5.423699
-4.831152 5.441701 5.421112
-4.343563 5.000618 5.366055
-4.188694 4.832657 5.341805
-3.828406 4.555078 5.276861
-3.342870 4.103439 5.145155
-2.910124 3.660169 4.976268
-2.534696 3.230045 4.765501
-2.201945 2.799999 4.529263
-2.129778 2.695663 4.468073
-1.853007 2.399416 4.235356
-1.514606 2.017503 3.908617
-1.228042 1.656792 3.551607
-0.969881 1.321480 3.174842
74 
-0.378023 1.256036 -3.308982
-0.483079 1.587022 -3.712297
-0.614263 1.946427 -4.103834
-0.789863 2.340080 -4.474893
-0.997426 2.763489 -4.823285
-1.142581 3.026435 -5.016327
-1.210511 3.218296 -5.123510
-1.408561 3.696246 -5.366272
-1.633062 4.187350 -5.585982
-1.890282 4.690362 -5.782526
-2.179949 5.204718 -5.956167
-2.343289 5.461962 -6.037414
-2.463937 5.728610 -6.070821
-2.728885 6.269835 -6.120529
-3.033402 6.807923 -6.159741
-3.361943 7.345351 -6.189745
-3.727608 7.883912 -6.207565
-4.117904 8.420523 -6.221129
-4.133142 8.439165 -6.221139
-4.525399 8.984133 -6.066842
-4.964148 9.520206 -5.951280
-5.484892 10.052711 -5.825790
-6.082813 10.587071 -5.686182
-6.780457 11.125638 -5.525767
-7.519718 11.609661 -5.469731
-8.296650 12.045916 -5.516585
-9.172005 12.398922 -5.717896
-9.521395 12.526903 -5.802382
-9.743484 12.641308 -5.767824
-10.348175 12.840017 -5.550473
-12.188251 13.269789 -4.978887
-14.657148 13.645171 -4.308622
-14.742855 13.648506 -4.305596
-18.610960 13.490206 -3.484938
-18.928555 13.470403 -3.423380
-22.297199 13.291758 -2.909324
-21.202320 12.771306 -2.384730
-20.417831 12.438284 -1.980737
-19.931837 12.209702 -1.794271
-18.886379 11.657066 -1.133860
-17.383528 11.483930 -0.269217
-17.204336 11.470440 0.000000
-17.203989 11.470386 0.000245
-17.203989 11.470386 0.000245
-15.959413 11.191874 0.689233
-14.767610 10.825468 1.382078
-13.820951 10.398990 2.021201
-13.644140 10.199926 2.232581
-12.785398 9.963333 2.644742
-11.791368 9.518661 3.180517
-11.031368 9.023509 3.595438
-10.565168 8.591337 3.919955
-10.322666 8.494094 4.022837
-9.426459 7.994324 4.436023
-8.649857 7.486186 4.780474
-7.999886 6.968241 5.044106
-7.923772 6.894363 5.082354
-7.237847 6.481970 5.242025
-6.524558 6.005823 5.382611
-5.902758 5.522653 5.471211
-5.349245 5.046554 5.507123
-5.291728 4.986243 5.511572
-4.726945 4.578638 5.500606
-4.140730 4.113376 5.456112
-3.643004 3.658235 5.347229
-3.197929 3.225660 5.185913
-3.097655 3.101597 5.140911
-3.037799 3.045813 5.116515
-2.751937 2.841350 4.945652
-2.329081 2.491123 4.651027
-1.954152 2.148531 4.326709
-1.604580 1.814975 3.981028
-1.308170 1.498036 3.606068
-1.038261 1.201860 3.213057
83 
-0.363531 1.197540 -3.328978
-0.408677 1.298403 -3.477489
-0.477766 1.517653 -3.745873
-0.607733 1.864594 -4.143448
-0.782161 2.245595 -4.520700
-0.988480 2.654233 -4.876370
-1.234828 3.094194 -5.205140
-1.283941 3.173701 -5.260421
-1.451102 3.560983 -5.463764
-1.680140 4.039358 -5.691800
-1.942460 4.529438 -5.896646
-2.235934 5.029058 -6.079976
-2.566001 5.535107 -6.243732
-2.677478 5.686622 -6.285743
-2.872414 6.064435 -6.322314
-3.189689 6.593280 -6.367353
-3.533080 7.120111 -6.404193
-3.909524 7.646477 -6.431425
-4.305961 8.170351 -6.456099
-4.754993 8.703497 -6.460261
-4.818801 8.767329 -6.463054
-5.211161 9.227569 -6.372064
-5.755998 9.742593 -6.266911
-6.372634 10.238619 -6.184883
-7.063508 10.745980 -6.078539
-7.793775 11.210426 -6.058150
-8.438604 11.571712 -6.103345
-8.568661 11.665102 -6.070343
-9.507629 12.217150 -5.867724
-10.307917 12.604700 -5.751122
-10.697041 12.723574 -5.615688
-12.594223 13.139511 -5.047886
-14.456726 13.415349 -4.557459
-15.332612 13.405321 -4.335958
-18.317577 13.280886 -3.705166
-19.513939 13.207678 -3.473960
-22.339447 13.060982 -3.056755
-23.717510 12.927696 -2.974047
-26.440117 12.756509 -2.792168
-26.352642 12.665489 -2.754662
-25.853813 11.999822 -2.595525
-24.640175 10.990830 -2.382189
-23.318405 10.273293 -2.050255
-21.930866 9.749269 -1.956021
-20.182236 9.656727 -1.494876
-18.085295 10.057684 -0.261085
-18.042496 10.061221 -0.220439
-17.967175 10.051140 -0.000656
-17.966990 10.051111 0.000000
-17.966816 10.051084 0.000215
-17.966816 10.051084 0.000215
-16.719807 9.752759 0.984478
-15.687963 9.326120 1.843904
-15.555495 9.212034 2.016349
-14.424389 8.952534 2.665093
-13.450325 8.497288 3.190274
-12.708040 7.988345 3.539321
-12.626974 7.890915 3.600374
-11.752588 7.498896 4.009172
-10.995005 6.970048 4.316271
-10.372287 6.427491 4.524601
-10.228530 6.243242 4.602364
-9.657366 5.872248 4.773245
-8.957905 5.368796 4.927030
-8.763825 5.201346 4.972824
-8.335868 4.758344 5.136935
-8.268448 4.672063 5.164293
-7.632921 4.166025 5.311364
-7.537181 4.081117 5.328542
-6.979839 3.709803 5.329384
-6.358110 3.289612 5.304921
-6.235841 3.194779 5.295362
-5.694243 2.893264 5.247393
-5.059056 2.530928 5.138665
-4.477279 2.186150 4.983187
-3.951601 1.866083 4.774576
-3.781837 1.754810 4.699881
-3.406794 1.567488 4.537816
-2.886271 1.289950 4.258106
-2.401238 1.042452 3.941638
-2.030168 0.855256 3.649836
-1.959566 0.827529 3.584063
-1.559044 0.657695 3.180121
84 
-0.388606 0.922913 -3.403603
-0.532157 1.167493 -3.862312
-0.554963 1.200613 -3.922636
-0.713632 1.438171 -4.310854
-0.934471 1.751734 -4.740643
-0.963410 1.787838 -4.788333
-1.167535 2.094077 -5.123366
-1.437136 2.467721 -5.473060
-1.741108 2.862943 -5.796146
-2.101000 3.311302 -6.071517
-2.503039 3.799962 -6.307228
-2.509535 3.807104 -6.310288
-2.847056 4.307364 -6.465401
-3.228361 4.814177 -6.605005
-3.651453 5.341226 -6.711065
-4.115210 5.881321 -6.790368
-4.372215 6.164920 -6.814432
-4.569072 6.456399 -6.787141
-5.008905 7.031585 -6.733180
-5.482398 7.598876 -6.678568
-6.010051 8.165846 -6.609335
-6.604886 8.732298 -6.523297
-6.724355 8.830182 -6.509387
-7.155090 9.292644 -6.355397
-7.749374 9.834479 -6.191304
-8.439273 10.374264 -6.009270
-9.222003 10.904558 -5.831817
-10.142101 11.428797 -5.640134
-11.115910 11.925614 -5.441277
-11.201460 11.961990 -5.400136
-12.552584 12.282288 -5.011383
-13.006376 12.341087 -4.796739
-15.895683 12.439554 -3.873182
-16.465038 12.426167 -3.749363
-19.438004 12.194977 -3.096258
-20.137924 12.161410 -2.956362
-22.991409 11.864656 -2.642620
-24.018082 11.761427 -2.582825
-26.764156 11.518650 -2.532053
-28.521927 11.432346 -2.502820
-28.566561 11.428437 -2.501477
-28.264944 10.675892 -2.314626
-27.014790 9.487275 -1.997865
-25.458313 8.784430 -1.594854
-24.333893 8.355124 -1.450738
-24.001682 8.214574 -1.349919
-23.310516 8.121477 -1.262285
-22.350266 8.010740 -1.067730
-19.717831 8.847243 -0.368229
-19.442905 8.890676 0.000000
-19.442600 8.890721 0.000190
-19.442600 8.890721 0.000190
-17.957163 8.872177 1.025102
-17.236174 8.534899 1.868137
-16.609070 8.541016 2.235238
-15.124043 8.265982 3.228026
-14.560794 7.969315 3.636146
-13.921350 7.898261 4.003965
-13.813433 7.890176 4.033106
-12.482714 7.629629 4.470323
-11.429272 7.283063 4.784376
-10.637036 6.862141 4.955758
-10.510014 6.768738 4.989745
-9.693422 6.471973 5.185698
-8.822390 6.023503 5.419017
-8.062509 5.569529 5.578414
-7.487770 5.151977 5.694767
-7.362154 5.091820 5.712379
-6.776445 4.738736 5.806305
-6.578471 4.656924 5.794862
-5.892829 4.306240 5.733015
-5.277327 3.937761 5.642904
-4.713564 3.564744 5.524039
-4.270254 3.248082 5.383710
-4.195686 3.206750 5.358473
-3.648477 2.849845 5.160204
-3.146260 2.482985 4.936091
-2.693310 2.144372 4.665691
-2.289222 1.815780 4.359183
-1.902921 1.504330 4.029024
-1.902771 1.504227 4.028888
-1.535654 1.222250 3.644386
-1.381399 1.099499 3.460226
-1.210877 0.981544 3.227615
85 
-0.560696 0.900443 -3.389480
-0.738000 1.144319 -3.841994
-0.955238 1.408152 -4.286478
-1.209415 1.713895 -4.711154
-1.291899 1.802315 -4.827108
-1.483394 2.046878 -5.092517
-1.788618 2.409751 -5.435649
-2.124366 2.791893 -5.752816
-2.499129 3.225214 -6.026093
-2.918581 3.696521 -6.260190
-3.023172 3.804489 -6.305955
-3.320780 4.190691 -6.420851
-3.739235 4.679979 -6.556210
-4.185878 5.189716 -6.661877
-4.665852 5.712044 -6.743771
-5.072888 6.131744 -6.777761
-5.173185 6.266666 -6.764319
-5.652450 6.825850 -6.707243
-6.185267 7.370995 -6.648815
-6.768505 7.913819 -6.579960
-7.407105 8.458932 -6.496849
-7.793424 8.756330 -6.454946
-8.002977 9.004699 -6.383471
-8.563717 9.539353 -6.249943
-9.263734 10.065502 -6.087817
-10.088711 10.579004 -5.920570
-10.653541 10.856802 -5.824545
-11.137069 11.113365 -5.621581
-12.084545 11.541680 -5.266100
-12.465214 11.668957 -5.025716
-14.892775 11.878168 -4.063754
-15.362977 11.888323 -3.926369
-17.987978 11.726664 -3.215020
-18.910244 11.656384 -3.021699
-21.451872 11.270593 -2.695869
-22.443872 11.164642 -2.590851
-24.813072 10.877878 -2.417309
-26.554052 10.727324 -2.384963
-28.528681 10.508471 -2.305449
-29.021282 10.468502 -2.291364
-28.926043 10.264521 -2.240870
-27.977493 9.316930 -1.989411
-27.788612 8.932137 -1.783462
-26.327923 8.079867 -1.070234
-25.069077 7.256442 -0.740267
-23.855659 6.693750 -0.542589
-23.789501 6.629743 -0.520674
-23.706268 6.668177 -0.501758
-21.077095 7.741237 0.000000
-21.075922 7.741599 0.000166
-21.075922 7.741599 0.000166
-21.036753 7.750840 0.008641
-18.901997 8.107086 1.048447
-18.441439 7.877068 1.724149
-17.302151 7.957530 2.423527
-17.267509 7.958341 2.440367
-15.827767 7.701725 3.239270
-15.512893 7.553327 3.446344
-14.318688 7.408992 4.096799
-13.063071 7.142983 4.796035
-12.888412 7.116785 4.835637
-11.859420 6.830730 5.010364
-11.813322 6.804995 5.016473
-10.732448 6.570309 5.211597
-9.721256 6.230336 5.425849
-8.852811 5.830848 5.602382
-8.095132 5.403759 5.729860
-7.847013 5.225938 5.776521
-7.301550 4.972042 5.850758
-6.980989 4.785073 5.900044
-6.523227 4.597761 5.873458
-5.837001 4.256602 5.804409
-5.218911 3.898588 5.707466
-4.652766 3.535011 5.582203
-4.332976 3.306336 5.480267
-4.118953 3.187273 5.407380
-3.573000 2.833828 5.205584
-3.074550 2.470944 4.976426
-2.625971 2.135471 4.701199
-2.226347 1.808770 4.390635
-1.883644 1.528134 4.092777
-1.842405 1.499347 4.054595
-1.565844 1.279590 3.760647
-1.484393 1.225459 3.661912
-1.169289 0.993874 3.235360
83 
-0.571567 0.821056 -3.409673
-0.750966 1.042191 -3.868247
-0.970443 1.280707 -4.319324
-1.226718 1.558351 -4.751239
-1.528087 1.860909 -5.162150
-1.658851 1.984191 -5.314221
-1.850684 2.192843 -5.528903
-2.192044 2.533959 -5.863730
-2.569433 2.912946 -6.161608
-2.991960 3.322196 -6.423923
-3.360647 3.664897 -6.595138
-3.473475 3.771674 -6.639079
-3.838320 4.077182 -6.757945
-3.979613 4.231245 -6.801095
-4.441061 4.715477 -6.914464
-4.939438 5.223567 -6.992787
-5.495803 5.752575 -7.030214
-6.122551 6.285820 -7.035251
-6.223057 6.362968 -7.033347
-6.690138 6.823555 -6.980945
-7.292569 7.370173 -6.892805
-7.964578 7.921841 -6.775988
-8.714485 8.484624 -6.623694
-9.244437 8.830770 -6.509820
-9.466255 9.066249 -6.410088
-10.229033 9.643609 -6.119897
-11.186369 10.220665 -5.737303
-12.401665 10.759127 -5.296669
-13.237473 11.026649 -5.031107
-14.048736 11.196593 -4.617409
-14.257257 11.209803 -4.547124
-17.119688 11.109005 -3.261725
-17.511265 11.082754 -3.159093
-20.572409 10.513144 -2.574017
-20.600264 10.506874 -2.570222
-23.766232 9.896281 -2.426115
-24.055597 9.860849 -2.403831
-27.032455 9.456573 -2.103277
-28.092804 9.341326 -2.062201
-28.286211 9.320830 -2.040160
-28.012051 8.752951 -1.732539
-26.573460 7.862923 -1.030599
-25.391008 6.992342 -0.709069
-25.387220 6.950180 -0.691166
-24.363016 5.944419 -0.338674
-22.926868 6.573911 0.000000
-22.925610 6.574370 0.000141
-22.925610 6.574370 0.000141
-21.888317 6.850119 0.132112
-19.974989 7.420963 0.794330
-19.628351 7.475671 0.937198
-19.112078 7.265089 1.590198
-18.041521 7.297922 2.218398
-16.738642 6.981122 3.185265
-16.621683 6.980458 3.244378
-15.511689 6.775832 4.044899
-14.959979 6.722084 4.291840
-13.830187 6.528503 4.812651
-13.520571 6.482599 4.912100
-12.145657 6.231389 5.388812
-11.927103 6.168509 5.481096
-10.965445 5.991338 5.627277
-9.955830 5.709431 5.774307
-9.109177 5.393428 5.836347
-8.930935 5.297118 5.855199
-8.235632 5.040806 5.924887
-7.374559 4.674568 6.012369
-6.732993 4.353748 6.065194
-6.590022 4.301951 6.051433
-5.904502 3.998796 5.954289
-5.289540 3.680046 5.827023
-4.911811 3.456077 5.728463
-4.707348 3.359519 5.668137
-4.126692 3.047770 5.470802
-3.580611 2.714126 5.259625
-3.081782 2.374849 5.019376
-2.632762 2.059155 4.734926
-2.232688 1.746838 4.417728
-2.032543 1.585373 4.246082
-1.838029 1.451715 4.069406
-1.582455 1.254680 3.796426
-1.480839 1.189182 3.672767
-1.166278 0.965936 3.243815
85 
-0.544502 0.822249 -3.413196
-0.718685 1.043678 -3.872103
-0.932587 1.282629 -4.323905
-1.183639 1.560867 -4.756794
-1.479271 1.864214 -5.168988
-1.606369 1.986232 -5.319688
-1.796322 2.197086 -5.536971
-2.132768 2.539292 -5.873165
-2.507857 2.919386 -6.171955
-2.927691 3.329916 -6.435198
-3.405250 3.784062 -6.653341
-3.608924 3.957185 -6.730584
-3.763473 4.089900 -6.779024
-3.905241 4.246622 -6.823122
-4.362022 4.733222 -6.937678
-4.854153 5.244187 -7.017484
-5.404995 5.776084 -7.055970
-6.026957 6.312140 -7.061661
-6.123418 6.386967 -7.059875
-6.592302 6.851699 -7.006458
-7.192439 7.400342 -6.917567
-7.858762 7.954938 -6.800783
-8.598843 8.521959 -6.649266
-9.119844 8.866766 -6.536355
-9.342112 9.107141 -6.434880
-10.094235 9.688989 -6.144239
-11.036215 10.272050 -5.761687
-12.235566 10.816763 -5.320455
-13.043183 11.087881 -5.059045
-13.844095 11.267612 -4.640253
-14.401128 11.303892 -4.448473
-16.829018 11.215530 -3.360127
-17.691090 11.158430 -3.133561
-20.240877 10.689092 -2.646788
-20.814585 10.597717 -2.570872
-23.441307 10.100039 -2.457746
-24.403488 9.983147 -2.384658
-26.719183 9.668978 -2.151254
-28.517910 9.473820 -2.081499
-28.605145 9.465035 -2.071724
-28.216648 8.597052 -1.610304
-26.798292 7.670143 -0.940009
-26.112854 7.150129 -0.756548
-26.106178 6.150228 -0.356307
-25.059013 5.328176 -0.111696
-24.971611 5.200274 -0.114708
-24.760500 5.291882 0.000000
-24.759636 5.292161 0.000113
-24.759636 5.292161 0.000113
-22.625460 5.984333 0.246243
-21.799210 6.308093 0.542642
-20.321562 6.736975 1.075638
-20.122353 6.662959 1.458402
-18.671574 6.744730 2.526700
-18.474094 6.755043 2.611464
-17.890570 6.593163 3.008252
-16.850851 6.582165 3.503901
-15.223037 6.337235 4.528448
-15.059689 6.303882 4.634676
-15.036555 6.300493 4.644567
-13.745501 6.126093 5.044207
-12.380075 5.899967 5.478340
-11.449605 5.667873 5.814512
-11.159199 5.619728 5.851508
-10.201531 5.385210 5.952572
-10.145823 5.373998 5.957538
-9.120373 5.148065 6.030120
-8.200413 4.836451 6.105483
-7.336898 4.504574 6.169383
-6.863209 4.285377 6.197605
-6.555215 4.178551 6.164958
-5.869328 3.892981 6.054667
-5.252736 3.592953 5.914084
-5.193687 3.558659 5.898493
-4.637100 3.296924 5.735538
-4.058450 2.992450 5.532657
-3.513484 2.667289 5.315733
-3.018005 2.338017 5.067871
-2.572871 2.030529 4.776512
-2.176768 1.723813 4.453813
-2.052717 1.622772 4.346246
-1.785917 1.436689 4.100663
-1.782052 1.434411 4.096642
-1.435781 1.198097 3.682007
-1.128111 0.972938 3.252104
87 
-0.577192 0.815002 -3.410530
-0.757675 1.034414 -3.869490
-0.978311 1.270991 -4.320923
-1.235672 1.546464 -4.753196
-1.538234 1.846558 -5.164471
-1.699900 1.997983 -5.351161
-1.864823 2.176151 -5.534336
-2.207462 2.514063 -5.870219
-2.585449 2.888867 -6.169742
-3.008676 3.293335 -6.433965
-3.290006 3.548766 -6.568119
-3.491935 3.735346 -6.649436
-3.926008 4.096554 -6.790053
-4.012849 4.190583 -6.816363
-4.476383 4.669994 -6.931999
-4.977551 5.173093 -7.012414
-5.536384 5.697337 -7.051949
-6.165272 6.225709 -7.059380
-6.371688 6.382934 -7.055417
-6.755722 6.759709 -7.013570
-7.359691 7.300578 -6.930787
-8.035510 7.847330 -6.817212
-8.792004 8.404345 -6.667634
-9.476754 8.846350 -6.521306
-9.598456 8.973527 -6.467297
-10.372577 9.540424 -6.187252
-11.346270 10.109271 -5.807695
-12.578543 10.637632 -5.373556
-13.735173 10.982050 -5.010758
-14.105845 11.051797 -4.828325
-14.281274 11.074316 -4.680505
-17.344784 10.971759 -3.306064
-17.396870 10.965874 -3.280672
-20.365620 10.408243 -2.685363
-20.895235 10.289115 -2.609520
-23.740511 9.741018 -2.460729
-24.071775 9.669233 -2.438540
-27.327866 9.238564 -2.111183
-27.692469 9.198960 -2.096799
-28.614536 9.103404 -1.992570
-28.309874 8.512923 -1.675637
-26.900738 7.572874 -0.985889
-26.428923 7.211102 -0.852380
-26.486073 5.720754 -0.242085
-26.232384 5.517845 -0.180755
-25.842056 3.862673 -0.132850
-25.681826 3.742902 -0.000198
-25.681921 3.742861 0.000000
-25.681786 3.742910 0.000080
-25.681786 3.742910 0.000080
-23.908346 4.147677 0.239536
-22.359489 4.839422 0.905129
-21.889141 5.025213 1.099929
-21.641100 5.099951 1.179335
-20.222826 5.115792 2.334174
-19.789061 5.164800 2.567036
-19.287802 5.084352 3.007499
-18.070721 5.048365 3.605115
-17.944323 5.010041 3.693277
-16.515411 4.771869 4.408203
-15.710207 4.529368 4.858364
-15.403022 4.482568 4.954832
-15.097149 4.454359 5.050462
-13.642717 4.226205 5.558739
-12.559891 3.965342 5.992452
-12.297407 3.941460 6.036262
-11.216031 3.758718 6.230092
-11.109091 3.744230 6.251563
-9.866809 3.496964 6.526401
-9.411330 3.384740 6.620624
-8.790318 3.310423 6.620840
-7.836822 3.152618 6.599988
-6.971706 2.967991 6.541708
-6.162716 2.748550 6.468990
-5.700245 2.595006 6.407851
-5.435641 2.535825 6.330360
-4.804213 2.360693 6.099509
-4.358144 2.207122 5.911301
-4.208190 2.162286 5.852361
-3.624892 1.957794 5.579182
-3.090261 1.759429 5.272894
-2.592896 1.555265 4.941813
-2.150453 1.338116 4.581194
-1.914810 1.212476 4.360929
-1.751529 1.137836 4.185914
-1.409678 0.956776 3.754856
-1.105999 0.787107 3.308903
86 
-0.785094 0.512563 -3.444763
-0.991053 0.626223 -3.858028
-1.029931 0.650615 -3.927533
-1.246300 0.765788 -4.275893
-1.317835 0.809384 -4.390387
-1.628649 0.985847 -4.829387
-1.988550 1.175977 -5.243973
-2.393278 1.375438 -5.633526
-2.853729 1.592725 -5.990501
-3.359985 1.812966 -6.321132
-3.914850 2.040524 -6.623345
-4.479700 2.264747 -6.886247
-4.512286 2.278877 -6.897821
-5.197475 2.551624 -7.097456
-5.513400 2.678427 -7.173580
-5.891508 2.856866 -7.256943
-6.625877 3.160365 -7.378992
-7.417897 3.464078 -7.474769
-8.273569 3.764931 -7.545797
-9.209440 4.078208 -7.579160
-9.227735 4.083656 -7.579340
-10.320908 4.420516 -7.460577
-10.534296 4.485289 -7.434383
-11.421094 4.772588 -7.311172
-12.604141 5.122054 -7.123029
-13.708184 5.426867 -6.909323
-13.941157 5.500551 -6.826399
-15.157965 5.795876 -6.406508
-15.498264 5.905509 -6.269494
-17.175079 6.263293 -5.590997
-17.421553 6.283396 -5.500621
-19.081421 6.361131 -4.689264
-19.390526 6.383651 -4.425321
-19.999451 6.265995 -4.084586
-21.973108 5.649780 -2.945708
-22.679455 5.367280 -2.531214
-23.087492 5.199375 -2.372309
-24.104971 4.777874 -1.992689
-25.430668 4.239668 -1.456999
-27.675848 3.884845 -1.149035
-27.966007 3.851049 -1.114596
-28.749008 3.256303 -0.712745
-30.889149 2.351013 0.000000
-30.889149 2.351013 0.000000
-30.889072 2.351001 0.000050
-30.889072 2.351001 0.000050
-28.725098 2.154246 0.206114
-26.766298 2.030586 0.401732
-26.630352 2.030912 0.444530
-24.773586 2.354633 1.074344
-24.729698 2.364604 1.088064
-23.423452 2.909759 1.916828
-22.757641 3.076192 2.267692
-22.433922 3.148056 2.436025
-21.246397 3.365260 3.379402
-20.225491 3.500699 3.811737
-20.125973 3.496449 3.864820
-18.646959 3.503009 4.633476
-18.307787 3.514662 4.756354
-16.481491 3.530245 5.522248
-16.047386 3.484904 5.741375
-15.936303 3.483090 5.773237
-14.815309 3.460903 6.084220
-13.275167 3.302453 6.561201
-13.248653 3.298836 6.570605
-11.826734 3.251272 6.843017
-10.489266 3.137669 7.102675
-10.398999 3.127285 7.121622
-9.346037 3.046552 7.152780
-8.335343 2.941697 7.129837
-7.403127 2.807985 7.081504
-6.796062 2.702167 7.023119
-6.560359 2.666283 6.975199
-5.851869 2.542034 6.808290
-5.795540 2.532534 6.794916
-5.058519 2.390882 6.591149
-4.388326 2.231410 6.355103
-3.786727 2.046377 6.086678
-3.238955 1.854401 5.787220
-3.019068 1.770729 5.646235
-2.747078 1.675509 5.442811
-2.300598 1.501887 5.064013
-1.901897 1.319930 4.662553
-1.541589 1.136208 4.241802
-1.230147 0.955137 3.801850
-0.953923 0.786387 3.349769
86 
-0.854903 -0.252648 -3.455711
-1.113178 -0.311378 -3.936771
-1.409748 -0.378440 -4.409237
-1.752571 -0.438650 -4.866232
-2.135345 -0.501552 -5.304322
-2.570153 -0.561252 -5.717938
-3.047909 -0.620557 -6.107846
-3.584339 -0.672402 -6.469121
-3.666610 -0.679803 -6.519892
-4.172525 -0.741750 -6.783456
-4.819744 -0.814352 -7.061501
-5.509406 -0.885418 -7.315840
-6.275934 -0.962072 -7.530883
-7.119227 -1.034691 -7.709809
-7.458696 -1.062644 -7.764359
-8.078846 -1.125788 -7.801420
-9.129000 -1.214737 -7.833890
-10.306374 -1.311739 -7.802863
-10.701914 -1.332793 -7.786916
-11.314384 -1.381273 -7.712542
-11.579428 -1.403103 -7.678398
-12.956263 -1.503378 -7.469415
-13.777639 -1.536679 -7.337829
-14.480582 -1.589076 -7.141618
-16.164394 -1.643551 -6.682716
-16.536222 -1.655431 -6.583236
-18.017029 -1.692863 -6.014904
-19.142227 -1.704896 -5.641602
-19.987232 -1.694051 -5.225285
-21.457232 -1.643631 -4.521367
-21.648872 -1.635140 -4.379364
-22.309544 -1.598109 -3.873427
-23.617338 -1.532013 -3.150519
-24.400406 -1.459475 -2.419086
-24.721649 -1.438972 -2.181024
-26.146164 -1.431306 -1.582103
-26.601727 -1.423845 -1.428998
-26.843643 -1.371330 -1.165926
-27.202301 -1.328356 -0.979230
-28.284386 -1.236710 -0.564271
-28.980438 -1.204357 -0.376055
-29.537710 -1.181748 -0.258663
-31.244944 -1.175308 -0.000000
-31.244751 -1.175478 0.000251
-31.026821 -1.380595 0.302187
-30.648754 -1.832145 0.835949
-30.494080 -2.049820 1.064453
-28.620918 -2.084023 1.100136
-26.543613 -2.192209 1.209179
-24.786772 -2.529620 1.864771
-24.359226 -2.649504 2.108685
-24.134939 -2.716220 2.293909
-22.650175 -2.936791 3.246200
-21.995518 -2.986325 3.654938
-21.828053 -2.992889 3.806942
-19.827682 -3.081230 4.817077
-19.454916 -3.037130 5.034054
-19.300980 -3.016260 5.112629
-17.976728 -2.921279 5.577315
-16.378180 -2.729741 6.182167
-16.278500 -2.720827 6.204303
-14.807189 -2.519492 6.547764
-14.538557 -2.469230 6.613298
-13.396493 -2.272719 6.871259
-13.031354 -2.191237 6.966918
-12.081694 -2.054193 7.082121
-10.921202 -1.848364 7.178744
-9.838451 -1.620824 7.252205
-9.361864 -1.514822 7.276262
-8.850271 -1.432567 7.243034
-8.084037 -1.282658 7.161914
-7.965133 -1.261588 7.149442
-7.102050 -1.094447 7.029953
-6.297547 -0.925597 6.881057
-5.559261 -0.781990 6.692070
-5.282000 -0.727454 6.608129
-4.882454 -0.664127 6.450771
-4.266980 -0.564920 6.163382
-3.697816 -0.467001 5.847779
-3.175059 -0.379446 5.502317
-2.693246 -0.297209 5.129713
-2.256215 -0.227260 4.728478
-1.857191 -0.167823 4.303454
-1.500548 -0.116885 3.860581
-1.498204 -0.116631 3.857404
-1.179790 -0.083570 3.386596
86 
-0.906869 -0.405301 -3.428692
-1.176936 -0.500161 -3.903991
-1.485481 -0.611403 -4.369173
-1.840713 -0.717016 -4.817963
-2.234139 -0.832244 -5.247129
-2.683191 -0.947620 -5.650028
-3.173526 -1.060421 -6.029504
-3.236952 -1.071472 -6.071768
-3.344763 -1.098714 -6.134834
-3.714563 -1.202384 -6.352475
-4.308578 -1.342664 -6.637860
-4.981584 -1.492226 -6.876103
-5.708870 -1.640566 -7.083766
-6.505793 -1.792450 -7.253944
-6.896907 -1.855204 -7.321837
-7.388149 -1.950740 -7.355477
-8.353747 -2.124009 -7.390838
-9.400691 -2.304582 -7.385572
-10.247048 -2.428835 -7.342667
-10.578413 -2.486713 -7.292124
-11.767454 -2.662772 -7.131652
-11.829586 -2.671825 -7.120450
-13.209063 -2.829501 -6.850207
-13.359764 -2.843229 -6.821150
-14.695619 -2.996160 -6.436644
-16.262306 -3.120496 -6.028172
-16.397346 -3.127997 -5.993913
-18.048189 -3.203015 -5.350862
-18.166594 -3.203778 -5.310276
-19.171299 -3.207674 -4.958113
-19.897408 -3.254408 -4.568463
-21.808060 -3.131928 -3.700345
-22.005487 -3.120476 -3.534140
-22.167772 -3.103303 -3.430254
-24.175720 -2.841581 -2.161478
-24.263172 -2.817766 -2.077186
-24.333393 -2.801764 -2.008450
-25.885853 -2.483418 -1.133104
-26.581215 -2.323292 -0.707161
-27.572365 -2.252965 -0.493133
-28.658010 -2.267025 -0.296031
-30.885626 -2.350628 -0.000912
-30.889320 -2.350618 -0.000000
-30.889072 -2.350952 0.000502
-30.889072 -2.350952 0.000502
-28.492210 -2.546601 0.510382
-28.269207 -2.573329 0.563255
-26.021627 -3.331088 1.176896
-25.794640 -3.486681 1.349045
-24.846876 -3.769207 1.719769
-23.525845 -4.147037 2.354987
-23.129374 -4.266739 2.644941
-21.841307 -4.540440 3.347096
-21.127413 -4.644277 3.658344
-20.652836 -4.658362 3.995910
-18.972366 -4.728017 4.762569
-18.171883 -4.660563 5.151581
-17.769592 -4.625765 5.315297
-17.225052 -4.572956 5.459235
-15.669540 -4.366869 5.902855
-14.207058 -4.069590 6.402840
-14.153269 -4.051073 6.422106
-13.637928 -3.931618 6.516669
-12.920784 -3.790830 6.639563
-11.728830 -3.452815 6.832890
-10.635622 -3.132231 6.973536
-9.943763 -2.885978 7.067341
-9.620360 -2.796065 7.074672
-9.116617 -2.641695 7.075206
-8.685758 -2.523115 7.056113
-7.812862 -2.253907 6.984415
-6.997108 -2.003603 6.881831
-6.246406 -1.750126 6.745404
-5.553421 -1.519340 6.569876
-5.210771 -1.397741 6.460826
-4.921182 -1.318715 6.341834
-4.342025 -1.154596 6.063971
-4.029045 -1.055486 5.893465
-3.786343 -0.987433 5.761621
-3.254284 -0.838400 5.427059
-2.762450 -0.697906 5.065114
-2.316203 -0.571938 4.673644
-1.908920 -0.452668 4.257923
-1.542419 -0.346748 3.820001
-1.366335 -0.295391 3.587331
-1.213680 -0.260539 3.362097
79 
-0.978656 -0.449404 -3.406183
-1.265014 -0.554591 -3.877042
-1.590101 -0.678327 -4.336471
-1.962477 -0.796615 -4.778374
-2.370620 -0.926446 -5.200336
-2.413913 -0.938210 -5.238635
-2.699101 -1.020201 -5.484241
-2.827282 -1.070926 -5.579628
-3.322510 -1.237834 -5.917144
-3.870716 -1.411903 -6.220047
-4.478364 -1.583175 -6.488138
-5.161901 -1.770075 -6.708908
-5.899121 -1.949026 -6.901395
-6.410776 -2.059854 -7.004010
-6.720357 -2.148200 -7.029124
-7.626645 -2.348265 -7.084871
-8.604188 -2.550460 -7.104012
-9.094211 -2.650341 -7.098358
-9.667141 -2.763080 -7.056651
-9.754712 -2.776624 -7.049217
-10.891504 -3.011583 -6.801458
-12.141222 -3.229549 -6.573235
-12.810098 -3.314248 -6.440090
-13.558945 -3.487062 -6.163561
-14.254657 -3.594759 -5.958328
-14.995243 -3.730529 -5.710496
-15.870893 -3.819126 -5.449807
-16.541756 -3.999761 -5.085739
-17.702942 -4.141546 -4.577883
-18.173019 -4.235733 -4.358476
-19.031193 -4.268636 -4.028456
-19.935984 -4.466326 -3.339682
-20.038309 -4.459923 -3.287743
-21.837055 -4.422899 -2.247637
-22.057297 -4.377187 -2.160969
-22.310127 -4.266263 -1.946559
-23.503727 -3.918317 -0.857648
-24.034527 -3.925757 -0.398477
-25.450506 -3.716897 -0.001119
-25.451748 -3.716506 -0.000000
-25.450953 -3.716981 0.000794
-25.450953 -3.716981 0.000794
-24.986757 -4.950217 1.083513
-24.575077 -5.120159 1.191758
-22.613184 -5.791443 1.576422
-21.836874 -5.980767 2.098605
-20.339254 -6.252856 2.731067
-20.253885 -6.222860 2.839293
-18.850035 -6.112082 3.881071
-18.389357 -6.101959 4.049885
-17.799648 -5.898985 4.348581
-16.858871 -5.763747 4.726632
-15.399085 -5.416546 5.333655
-14.682518 -5.118868 5.658171
-14.423939 -5.045084 5.764691
-14.089560 -4.972610 5.849440
-12.862365 -4.578907 6.154836
-11.728471 -4.164870 6.438862
-11.235340 -3.951656 6.549883
-10.678106 -3.757127 6.633352
-9.822117 -3.409655 6.768651
-9.658773 -3.359927 6.774342
-8.738813 -3.043525 6.787250
-7.890122 -2.717268 6.771627
-7.388351 -2.512657 6.729608
-7.105906 -2.416446 6.695312
-6.349788 -2.129390 6.572272
-5.650870 -1.857944 6.412591
-5.007062 -1.594009 6.217248
-4.750167 -1.482268 6.122344
-4.417479 -1.374222 5.967564
-3.869864 -1.181229 5.677751
-3.362761 -1.007697 5.356263
-3.150528 -0.932407 5.206234
-2.870234 -0.845688 5.006815
-2.409631 -0.699787 4.624577
-1.989484 -0.558785 4.216996
-1.611326 -0.432781 3.785848
-1.268906 -0.321542 3.339014
88 
-1.011900 -0.437388 -3.398641
-1.305802 -0.539676 -3.868127
-1.638549 -0.659798 -4.325727
-2.018865 -0.774293 -4.765299
-2.433344 -0.899607 -5.184451
-2.433835 -0.899795 -5.184891
-2.572690 -0.948100 -5.293859
-2.907188 -1.075767 -5.542388
-3.411052 -1.242781 -5.874558
-3.969609 -1.416857 -6.171158
-4.585890 -1.588403 -6.433596
-5.276098 -1.775951 -6.649598
-6.019608 -1.955089 -6.837731
-6.101411 -1.972482 -6.854473
-6.863656 -2.187128 -6.921695
-7.774774 -2.388964 -6.973263
-8.759736 -2.592693 -6.986828
-8.837811 -2.608457 -6.986181
-9.436954 -2.724721 -6.949673
-9.865932 -2.844313 -6.842543
-11.072998 -3.116023 -6.587593
-12.324024 -3.341568 -6.356194
-12.482338 -3.361603 -6.325232
-13.444958 -3.599283 -5.965825
-13.734749 -3.691646 -5.843839
-15.132516 -3.985501 -5.356537
-15.587228 -4.033425 -5.221144
-16.413990 -4.297605 -4.750383
-16.635202 -4.401608 -4.609340
-18.146114 -4.760345 -3.824115
-18.890574 -4.792306 -3.532767
-19.264904 -4.857252 -3.386373
-19.712645 -5.041486 -2.984620
-20.744316 -5.061154 -2.309243
-21.446911 -5.296623 -1.406294
-21.878607 -5.207371 -1.139799
-23.248083 -5.207731 -0.021822
-23.593208 -5.113876 -0.000584
-23.595028 -5.113061 -0.000000
-23.594318 -5.113991 0.001092
-23.594318 -5.113991 0.001092
-22.817909 -6.489501 0.595933
-22.640152 -7.704744 1.349440
-22.660177 -7.953100 1.371480
-22.098225 -9.396787 1.860147
-22.138889 -9.608196 1.987178
-22.088211 -11.036263 2.153075
-22.082363 -11.115151 2.156780
-22.553114 -12.094569 2.592059
-23.260004 -13.178029 2.832137
-23.654867 -13.704734 2.833748
-24.223337 -14.222981 3.113153
-21.375116 -13.795218 3.304328
-18.767344 -13.558018 3.502779
-18.659437 -13.548428 3.513258
-16.194466 -13.270624 3.837030
-13.925661 -13.074963 4.114756
-13.500402 -13.045395 4.179688
-11.144015 -12.925484 4.646005
-9.363029 -12.657651 5.156851
-9.149972 -12.595282 5.176880
-7.919428 -12.175152 5.340227
-7.479636 -11.969629 5.461360
-7.045844 -11.686136 5.496005
-6.360571 -11.182295 5.567032
-5.721377 -10.678867 5.647045
-5.142488 -10.172383 5.731143
-4.615060 -9.642000 5.852715
-4.142258 -9.100515 5.984867
-3.741457 -8.557720 6.102442
-3.590389 -8.328422 6.139500
-3.351267 -8.038408 6.116685
-2.969099 -7.514047 6.082585
-2.624122 -6.979190 6.048129
-2.316555 -6.449815 5.994212
-2.052437 -5.924896 5.920019
-1.819227 -5.402217 5.829566
-1.763370 -5.250200 5.803340
-1.569533 -4.877047 5.677461
-1.338541 -4.370757 5.475756
-1.143410 -3.882454 5.246796
-0.975023 -3.412798 4.991636
-0.833691 -2.956829 4.715149
-0.789957 -2.773612 4.597272
-0.685813 -2.519274 4.390398
-0.535549 -2.111836 4.024815
-0.424055 -1.736808 3.640574
-0.333740 -1.395650 3.242615
88 
-1.071594 -0.425179 -3.384267
-1.379043 -0.524479 -3.851088
-1.725544 -0.640834 -4.305163
-2.011608 -0.720343 -4.625370
-2.122530 -0.759742 -4.735130
-2.560725 -0.913620 -5.130487
-2.586565 -0.922368 -5.150182
-3.042039 -1.091009 -5.477604
-3.560474 -1.259232 -5.800469
-4.136501 -1.434506 -6.086108
-4.767354 -1.607863 -6.338636
-5.468819 -1.798112 -6.546151
-5.555214 -1.818328 -6.568629
-6.243328 -2.046300 -6.666364
-7.099373 -2.292582 -6.733641
-8.018437 -2.500342 -6.777508
-8.169024 -2.531698 -6.780599
-8.956242 -2.707270 -6.767301
-8.989144 -2.721855 -6.758471
-10.142849 -3.083396 -6.475690
-11.316385 -3.396460 -6.232968
-12.002150 -3.530050 -6.105060
-12.216614 -3.625505 -6.009290
-12.550685 -3.819372 -5.833127
-13.861359 -4.321679 -5.221278
-14.487369 -4.497419 -4.971249
-15.140867 -4.741055 -4.695724
-15.817234 -4.891727 -4.489082
-16.454010 -5.216902 -4.022924
-16.671841 -5.278333 -3.891053
-17.737095 -5.802479 -3.071071
-18.303043 -5.934540 -2.707741
-18.973843 -6.357990 -2.098374
-19.911451 -6.528578 -1.428987
-20.311422 -6.783797 -0.744075
-22.105936 -6.633039 -0.034928
-22.712645 -6.533930 -0.000579
-22.720890 -6.531408 -0.000001
-22.718830 -6.535016 0.001396
-22.718830 -6.535016 0.001396
-22.519062 -7.889588 0.766885
-22.526525 -7.985912 0.770627
-21.978317 -9.407551 1.455274
-22.027016 -9.713719 1.696248
-21.938459 -11.086577 1.966202
-21.952227 -11.132351 2.003194
-22.440733 -12.161336 2.484123
-23.137217 -13.242826 2.740923
-23.401125 -13.599417 2.742908
-24.179981 -14.307067 3.122341
-24.609940 -14.706879 3.219070
-23.398304 -14.556396 3.195215
-20.376057 -14.147396 3.411763
-19.843472 -14.100867 3.453112
-17.415232 -13.895603 3.708432
-14.995268 -13.622705 4.037291
-14.482574 -13.580893 4.101171
-11.993472 -13.483466 4.492294
-10.335844 -13.387093 4.841299
-9.576357 -13.217209 4.917960
-8.196179 -12.792009 5.083513
-7.044732 -12.357574 5.254492
-6.313913 -11.986124 5.468886
-6.154935 -11.867086 5.482198
-5.530350 -11.350250 5.553528
-4.944219 -10.834934 5.633133
-4.380144 -10.321807 5.719390
-3.853226 -9.785984 5.844725
-3.405180 -9.234810 5.979514
-3.053261 -8.678254 6.098881
-2.864808 -8.342769 6.150076
-2.733250 -8.143529 6.131714
-2.394234 -7.607952 6.094869
-2.066954 -7.063997 6.060186
-1.794336 -6.523546 6.004721
-1.568795 -5.988550 5.927451
-1.382062 -5.456323 5.832683
-1.321597 -5.241585 5.793818
-1.183810 -4.922820 5.683939
-0.986672 -4.408308 5.479006
-0.827773 -3.913054 5.246566
-0.696560 -3.437560 4.988225
-0.596289 -2.976856 4.709056
-0.561514 -2.753879 4.564563
-0.487861 -2.535775 4.386397
-0.368977 -2.125174 4.020282
-0.288290 -1.748121 3.636601
-0.224303 -1.405468 3.240568
83 
-1.107300 -0.668043 -3.341160
-1.414791 -0.831058 -3.787956
-1.767127 -1.017571 -4.214727
-1.847818 -1.055114 -4.300657
-2.171864 -1.249551 -4.596521
-2.615682 -1.507188 -4.945118
-3.101404 -1.773586 -5.264009
-3.626255 -2.043201 -5.555160
-3.726237 -2.091456 -5.601508
-4.173534 -2.339457 -5.788932
-4.769514 -2.641362 -5.982250
-5.441459 -2.952036 -6.126107
-5.657832 -3.040087 -6.165298
-6.181003 -3.336793 -6.171642
-6.885860 -3.716998 -6.160939
-6.962277 -3.767254 -6.152395
-7.721149 -4.232042 -6.058943
-8.564562 -4.671446 -5.931157
-9.485296 -5.090547 -5.775785
-9.815428 -5.186975 -5.733453
-10.443228 -5.444276 -5.594914
-10.477325 -5.455072 -5.586943
-11.512081 -5.966222 -5.065808
-12.442225 -6.308732 -4.650638
-12.634792 -6.444336 -4.519222
-13.771719 -6.838394 -3.963171
-15.108182 -7.158065 -3.325702
-15.265734 -7.174406 -3.273452
-15.549923 -7.273058 -3.156527
-16.219784 -7.578993 -2.658628
-17.590294 -7.880997 -1.758030
-17.654758 -7.887313 -1.726390
-18.826908 -8.206119 -0.747825
-20.539053 -8.149357 -0.285002
-22.305546 -8.018189 -0.000400
-22.312328 -8.017171 -0.000001
-22.312740 -8.019665 0.001713
-22.312740 -8.019665 0.001713
-22.318552 -8.126848 0.238176
-21.799692 -9.405209 1.022063
-21.847252 -9.858375 1.459022
-21.722584 -11.036090 1.774595
-21.775505 -11.231569 1.938844
-22.265278 -12.252995 2.431926
-22.945520 -13.333158 2.698645
-23.014893 -13.428892 2.699122
-23.845772 -14.185896 3.105036
-21.348579 -13.815178 3.275369
-18.796476 -13.582699 3.471480
-18.626862 -13.567587 3.488158
-16.163069 -13.289181 3.814258
-13.893291 -13.093836 4.093431
-13.525502 -13.068239 4.149774
-11.091985 -12.944171 4.632315
-9.393305 -12.687752 5.124978
-9.123290 -12.608573 5.150910
-7.894958 -12.187608 5.315772
-7.394937 -11.953089 5.453813
-7.009818 -11.699855 5.484562
-6.326998 -11.195297 5.555927
-5.689951 -10.691263 5.636137
-5.111661 -10.184386 5.720532
-4.584255 -9.653635 5.842507
-4.112454 -9.111533 5.975152
-3.713629 -8.567814 6.093423
-3.551373 -8.320095 6.133362
-3.328232 -8.047364 6.111675
-2.947672 -7.522367 6.077713
-2.603354 -6.986866 6.043587
-2.297091 -6.456698 5.990032
-2.034410 -5.931143 5.916012
-1.802933 -5.407912 5.825615
-1.743503 -5.244842 5.797417
-1.556255 -4.882264 5.674977
-1.326427 -4.375309 5.473446
-1.132544 -3.886458 5.244595
-0.965436 -3.416324 4.989532
-0.825517 -2.959941 4.713140
-0.780561 -2.769590 4.590605
-0.679734 -2.522026 4.389190
-0.530433 -2.114159 4.023751
-0.419885 -1.738794 3.639660
-0.330379 -1.397303 3.241899
82 
-0.489300 -1.232366 -3.308747
-0.494531 -1.240668 -3.322858
-0.649873 -1.520101 -3.728003
-0.852330 -1.835446 -4.131411
-1.101869 -2.169080 -4.516482
-1.395902 -2.512225 -4.882534
-1.736920 -2.860975 -5.227251
-2.122018 -3.214572 -5.549062
-2.444977 -3.484704 -5.775911
-2.545844 -3.574059 -5.838015
-3.019719 -3.927261 -6.078404
-3.168783 -4.023818 -6.138410
-3.593539 -4.351358 -6.202855
-4.226439 -4.793601 -6.272128
-4.889936 -5.223603 -6.330098
-5.615729 -5.628743 -6.374299
-5.909428 -5.776426 -6.385007
-6.407603 -6.040254 -6.324690
-7.011575 -6.320597 -6.236366
-7.307563 -6.473707 -6.142881
-8.333182 -6.937189 -5.809721
-9.490749 -7.354718 -5.449656
-9.546836 -7.372950 -5.435153
-10.636162 -7.744188 -4.983234
-10.816250 -7.792214 -4.908018
-12.026929 -8.095674 -4.247133
-13.052876 -8.279170 -3.777521
-13.423732 -8.393410 -3.554434
-14.779869 -8.668328 -2.825702
-14.907526 -8.688423 -2.766418
-16.268583 -8.868946 -2.049303
-16.487595 -8.893892 -1.946711
-17.581215 -9.127650 -1.196506
-19.096766 -9.268777 -0.640117
-20.765078 -9.399268 -0.165765
-21.476946 -9.426743 -0.001089
-21.488535 -9.426366 -0.000001
-21.486729 -9.429337 0.002014
-21.486729 -9.429337 0.002014
-21.488636 -10.147740 0.978468
-21.339237 -10.958440 1.323381
-21.440121 -11.426643 1.754072
-21.932301 -12.432710 2.279524
-22.368656 -13.176694 2.484074
-22.652861 -13.453605 2.638301
-23.725027 -14.409321 3.153940
-20.811098 -13.996469 3.357699
-19.379921 -13.869167 3.468096
-17.961754 -13.746449 3.612667
-15.522020 -13.471161 3.940001
-14.050852 -13.349346 4.122443
-12.904922 -13.305885 4.302510
-10.041578 -13.143139 4.890839
-9.975374 -13.133028 4.912403
-8.601093 -12.725746 5.071397
-7.416067 -12.296421 5.242018
-6.693974 -11.941338 5.448452
-6.508210 -11.809473 5.463632
-5.859560 -11.297368 5.535559
-5.252388 -10.786489 5.615797
-4.682439 -10.275724 5.701662
-4.155319 -9.741734 5.826056
-3.697458 -9.193902 5.960649
-3.326155 -8.641993 6.080681
-3.131333 -8.317373 6.131355
-2.982516 -8.112213 6.113401
-2.626095 -7.580682 6.078191
-2.291677 -7.039722 6.044345
-2.004962 -6.502903 5.990428
-1.763862 -5.971397 5.915033
-1.558384 -5.442587 5.822486
-1.492363 -5.233966 5.785395
-1.341801 -4.912078 5.675335
-1.130796 -4.400092 5.472350
-0.957057 -3.907009 5.241837
-0.810617 -3.433295 4.985254
-0.693528 -2.973979 4.707593
-0.651735 -2.754597 4.565754
-0.570566 -2.533822 4.385681
-0.438572 -2.123812 4.020141
-0.345014 -1.747000 3.636519
-0.270027 -1.404340 3.239987
82 
-0.259840 -1.428334 -3.228644
-0.370038 -1.742850 -3.638249
-0.517849 -2.083871 -4.038530
-0.706213 -2.443905 -4.426405
-0.942061 -2.819561 -4.798020
-1.067861 -2.994669 -4.963675
-1.203504 -3.204679 -5.134007
-1.454060 -3.530427 -5.377687
-1.510704 -3.605616 -5.424192
-1.877420 -4.022057 -5.668912
-2.297013 -4.444181 -5.883463
-2.771412 -4.876143 -6.063653
-3.317982 -5.312111 -6.208891
-3.855302 -5.707356 -6.308660
-3.917536 -5.754897 -6.315604
-4.558922 -6.175331 -6.355906
-5.146397 -6.510829 -6.356600
-5.312693 -6.609643 -6.318593
-6.232992 -7.080002 -6.110829
-7.206125 -7.550950 -5.878141
-7.870977 -7.810642 -5.757809
-8.194351 -7.962982 -5.663668
-9.021158 -8.290215 -5.391275
-9.272129 -8.387863 -5.257909
-10.625881 -8.776193 -4.615998
-11.706621 -9.050180 -4.129308
-12.003658 -9.149398 -3.952792
-13.059988 -9.398376 -3.414724
-13.353576 -9.455047 -3.242026
-14.824830 -9.690583 -2.532199
-15.633323 -9.838940 -2.153565
-16.191538 -9.989321 -1.709753
-17.558266 -10.267424 -0.920469
-18.978638 -10.577888 -0.302614
-20.065727 -10.690151 -0.001989
-20.073393 -10.690538 -0.000001
-20.072586 -10.692264 0.002284
-20.072586 -10.692264 0.002284
-20.069963 -11.076771 0.521623
-20.069324 -12.154469 1.641314
-20.148932 -12.355796 1.770368
-20.818441 -12.943289 2.216847
-21.684334 -13.804347 2.713315
-22.759586 -14.696252 3.216744
-20.368649 -14.385634 3.395722
-19.805305 -14.327160 3.461805
-16.791855 -14.075238 3.789147
-15.000220 -13.874397 4.040359
-14.182921 -13.820835 4.144679
-10.983101 -13.696578 4.653909
-10.727659 -13.681410 4.709194
-9.075583 -13.308500 4.898143
-7.740279 -12.876795 5.066629
-6.626639 -12.436025 5.239742
-5.827753 -12.013562 5.481405
-5.740240 -11.943569 5.488938
-5.143906 -11.420907 5.560032
-4.582474 -10.900201 5.639204
-4.291540 -10.631277 5.684646
-4.025303 -10.388121 5.704419
-3.523771 -9.877244 5.752539
-3.111990 -9.372847 5.785229
-2.778211 -8.874897 5.801282
-2.481577 -8.374860 5.815493
-2.263052 -7.916044 5.835505
-2.230603 -7.864880 5.828946
-1.917440 -7.342444 5.762267
-1.656051 -6.831570 5.672829
-1.438552 -6.322792 5.570826
-1.316202 -5.971747 5.494606
-1.260527 -5.802171 5.467834
-1.115406 -5.250820 5.377443
-1.013122 -4.785872 5.290092
-0.982245 -4.703806 5.259788
-0.823802 -4.180369 5.048183
-0.693057 -3.679432 4.808657
-0.593302 -3.195824 4.546432
-0.516880 -2.734248 4.260511
-0.482238 -2.460212 4.077809
-0.431085 -2.295940 3.937058
-0.338911 -1.894361 3.565384
-0.265108 -1.525936 3.181355
84 
-0.262484 -1.517650 -3.185424
-0.373224 -1.853807 -3.584601
-0.521671 -2.217803 -3.973773
-0.710773 -2.601784 -4.350030
-0.743574 -2.656536 -4.403220
-0.895988 -2.994978 -4.684491
-1.137379 -3.404749 -4.988878
-1.434712 -3.832606 -5.263066
-1.681075 -4.135918 -5.437943
-1.792240 -4.276005 -5.501062
-2.204916 -4.735765 -5.690876
-2.669385 -5.205923 -5.846834
-2.801205 -5.322031 -5.882739
-3.142872 -5.659142 -5.952209
-3.677996 -6.114071 -6.005258
-4.299303 -6.571939 -6.014664
-5.015972 -7.031708 -5.979070
-5.610322 -7.358266 -5.924392
-5.874969 -7.510009 -5.841360
-6.348907 -7.752611 -5.715030
-6.746773 -8.011639 -5.547147
-7.651423 -8.471382 -5.216064
-8.701129 -8.940957 -4.780165
-9.844237 -9.366743 -4.298072
-9.879926 -9.377965 -4.278866
-9.917219 -9.398157 -4.250021
-11.013951 -9.810638 -3.533047
-12.313204 -10.166163 -2.772971
-13.358072 -10.374735 -2.270841
-13.685421 -10.480280 -1.881827
-14.895095 -10.832153 -0.754871
-16.196293 -11.142860 -0.114337
-16.454781 -11.210207 -0.005908
-16.467253 -11.213174 -0.000001
-16.466238 -11.214556 0.002396
-16.466238 -11.214556 0.002396
-16.734579 -11.742470 0.644168
-17.191868 -12.427017 1.255285
-17.565180 -13.206406 1.917211
-17.698740 -13.355656 2.034168
-18.366741 -13.879128 2.374055
-19.322428 -14.609383 2.793916
-20.554781 -15.410728 3.292626
-21.106140 -15.760050 3.449590
-19.503048 -15.632651 3.545459
-17.751976 -15.508011 3.757705
-15.526212 -15.376566 3.897788
-12.737598 -15.173954 4.125093
-12.010148 -15.153718 4.125211
-8.966096 -14.815596 4.329018
-7.967993 -14.528687 4.470501
-7.278342 -14.369072 4.360191
-5.816170 -13.925816 4.270014
-4.667208 -13.407676 4.421002
-3.741497 -12.874946 4.629451
-3.012617 -12.365009 4.829544
-2.757753 -12.389186 4.648676
-1.509636 -11.929525 4.389862
-1.011920 -11.447414 4.386761
-0.460743 -10.937181 4.451015
0.010736 -10.442233 4.480242
0.080170 -10.343258 4.511749
0.318115 -10.038678 4.580328
0.526803 -9.824963 4.616053
0.841376 -9.223928 4.687716
1.020036 -8.693886 4.692432
1.131321 -8.183819 4.683751
1.180078 -7.697351 4.653481
1.198626 -7.224754 4.600677
1.156942 -6.763878 4.546246
1.095846 -6.305188 4.483224
1.029306 -6.039667 4.452288
0.996738 -5.852641 4.391407
0.981989 -5.798684 4.377264
0.889816 -5.380265 4.245575
0.778919 -4.899411 4.096881
0.653400 -4.416034 3.946580
0.524326 -3.932626 3.789704
0.402213 -3.451771 3.621216
0.397778 -3.435440 3.615492
0.338947 -3.187384 3.523194
0.302440 -2.966949 3.400132
0.219674 -2.500940 3.132857
0.151824 -2.063419 2.848926
80 
-0.367488 -1.534749 -3.174574
-0.499689 -1.875723 -3.572621
-0.673421 -2.244186 -3.959284
-0.691480 -2.275732 -3.992321
-0.841071 -2.554073 -4.233387
-0.878679 -2.655938 -4.305399
-1.075238 -3.088406 -4.602682
-1.343881 -3.541104 -4.862759
-1.664808 -4.005197 -5.092210
-2.042053 -4.479283 -5.288753
-2.431662 -4.917069 -5.435111
-2.464731 -4.965599 -5.444841
-2.857294 -5.443768 -5.539737
-3.325839 -5.919582 -5.600662
-3.874496 -6.401474 -5.616379
-4.512274 -6.885228 -5.588564
-5.235236 -7.362199 -5.517397
-5.248669 -7.372478 -5.511706
-5.348289 -7.433251 -5.479605
-5.927310 -7.943677 -5.162677
-6.700262 -8.501375 -4.750060
-7.606326 -9.053225 -4.261382
-7.787833 -9.144762 -4.172462
-8.376286 -9.576854 -3.694302
-9.218555 -10.067266 -3.107850
-10.214589 -10.522464 -2.500465
-10.524384 -10.638941 -2.328671
-11.054283 -10.986913 -1.598783
-11.973020 -11.411634 -0.662027
-13.028513 -11.644093 -0.001711
-13.031067 -11.644474 -0.000001
-13.031664 -11.645288 0.002488
-13.031664 -11.645288 0.002488
-13.133160 -11.727440 0.211701
-13.628536 -12.196279 1.003357
-14.142015 -12.721582 1.589332
-14.755959 -13.276162 2.024102
-15.304542 -13.915006 2.430199
-16.017681 -14.566548 2.883769
-16.480768 -14.953071 3.124888
-16.877424 -15.263275 3.268563
-17.421968 -15.612033 3.417192
-15.526503 -15.495195 3.541719
-12.737467 -15.288851 3.780165
-12.010632 -15.271158 3.772710
-8.966381 -14.933852 3.974141
-7.967802 -14.645702 4.119005
-7.278666 -14.471579 4.052637
-5.816441 -14.011753 4.012170
-4.667452 -13.483388 4.193841
-3.741722 -12.941926 4.428491
-3.012406 -12.425430 4.647444
-2.762300 -12.438082 4.503094
-1.511130 -11.943882 4.347165
-1.013104 -11.456944 4.358486
-0.461951 -10.944136 4.430486
0.009450 -10.447725 4.464147
0.081037 -10.345574 4.496927
0.336029 -10.015615 4.569806
0.503800 -9.842428 4.597537
0.827658 -9.237172 4.672059
1.008114 -8.705258 4.679242
1.119282 -8.193940 4.672949
1.167634 -7.706445 4.644865
1.186100 -7.233157 4.593523
1.144887 -6.771602 4.540220
1.084294 -6.312304 4.478179
1.014121 -6.030465 4.445505
0.984751 -5.859273 4.389802
0.979281 -5.839244 4.384616
0.879454 -5.385242 4.242981
0.769478 -4.904028 4.094594
0.644871 -4.420267 3.944593
0.516818 -3.936409 3.788005
0.396691 -3.459864 3.621785
0.395686 -3.454876 3.619747
0.331830 -3.184323 3.519810
0.296786 -2.968853 3.399484
0.214968 -2.502543 3.132291
0.148022 -2.064699 2.848407
77 
-0.572622 -1.615220 -3.111642
-0.750569 -2.005693 -3.479132
-0.850414 -2.198493 -3.644010
-0.924444 -2.437777 -3.804372
-1.118570 -2.884801 -4.093553
-1.346383 -3.363580 -4.346523
-1.642109 -3.865387 -4.559505
-1.896488 -4.252942 -4.701014
-1.951397 -4.380909 -4.729316
-2.230593 -4.903297 -4.830885
-2.576528 -5.430905 -4.895423
-2.975319 -5.963851 -4.925656
-3.452924 -6.504725 -4.909581
-3.600008 -6.646848 -4.899889
-3.879190 -7.047234 -4.805791
-4.329403 -7.592746 -4.641719
-4.851772 -8.127001 -4.457120
-5.456810 -8.653978 -4.241543
-5.879873 -8.965982 -4.090891
-6.063807 -9.180071 -3.933539
-6.644172 -9.695987 -3.515911
-7.355063 -10.191532 -3.068856
-7.858991 -10.495397 -2.790375
-8.162065 -10.687945 -2.540541
-8.413042 -10.818596 -2.367994
-8.634621 -11.138664 -1.791625
-8.723433 -11.226147 -1.683141
-9.314058 -11.694710 -1.083902
-10.090524 -12.137974 -0.435756
-10.684672 -12.392832 -0.001335
-10.686316 -12.393414 -0.000001
-10.687625 -12.394166 0.002648
-10.687625 -12.394166 0.002648
-10.925644 -12.514309 0.495852
-11.491144 -12.907047 1.351685
-12.075966 -13.342863 2.081047
-12.807229 -13.817500 2.497469
-13.438357 -14.379939 2.823861
-14.118522 -14.994675 3.154116
-14.703611 -15.496458 3.391894
-12.729623 -15.354794 3.566735
-12.039753 -15.339520 3.555264
-8.983415 -15.004126 3.755516
-7.956380 -14.707264 3.906063
-7.297906 -14.532169 3.867672
-5.832576 -14.062550 3.857093
-4.682035 -13.528141 4.057198
-3.755123 -12.981519 4.307588
-3.000460 -12.443303 4.544605
-2.999879 -12.442870 4.544823
-1.591070 -11.946291 4.359775
-1.076411 -11.459511 4.367271
-0.526578 -10.947712 4.437647
-0.059348 -10.452356 4.470638
0.127920 -10.184801 4.553514
0.245813 -10.033522 4.577975
0.424476 -9.861670 4.603381
0.780356 -9.249091 4.675454
0.967005 -8.715744 4.682606
1.077768 -8.204531 4.677036
1.124726 -7.717416 4.649817
1.142911 -7.244318 4.599140
1.103318 -6.782495 4.546207
1.044462 -6.322889 4.484500
0.974547 -6.039053 4.451835
0.964741 -5.981518 4.433476
0.947682 -5.861420 4.398686
0.846418 -5.386546 4.250810
0.739378 -4.905353 4.102114
0.617679 -4.421550 3.951756
0.492880 -3.937542 3.794671
0.390535 -3.530661 3.656340
0.374888 -3.452849 3.625199
0.314851 -3.192813 3.529195
0.279604 -2.967035 3.403169
0.200668 -2.500867 3.135437
0.136468 -2.063126 2.850892
71 
-0.464219 -1.699837 -3.087273
-0.596566 -2.050712 -3.399063
-0.608861 -2.112238 -3.441217
-0.711897 -2.566058 -3.743474
-0.872925 -3.039472 -4.021364
-1.068733 -3.552932 -4.258691
-1.295787 -4.006854 -4.428999
-1.315188 -4.090717 -4.448244
-1.507817 -4.637542 -4.566159
-1.648881 -4.954730 -4.617909
-1.752319 -5.182182 -4.661216
-1.872094 -5.383894 -4.701031
-2.061719 -5.733019 -4.722643
-2.431831 -6.305503 -4.728059
-2.510335 -6.409580 -4.724980
-2.738587 -6.890050 -4.619923
-3.089968 -7.478795 -4.450000
-3.524660 -8.071242 -4.226749
-4.028362 -8.646977 -3.992326
-4.082168 -8.699888 -3.969481
-4.425534 -9.218612 -3.585063
-4.888535 -9.787235 -3.110617
-5.411644 -10.352641 -2.607088
-5.769248 -10.651128 -2.331338
-5.882212 -10.884238 -2.052024
-6.238688 -11.394721 -1.404942
-6.684310 -11.894960 -0.728822
-7.249583 -12.363463 -0.000001
-7.249496 -12.363838 0.002641
-7.249496 -12.363838 0.002641
-7.258338 -12.374984 0.030455
-7.593907 -12.749671 0.803036
-8.002611 -13.144805 1.437513
-8.526075 -13.552763 1.975867
-9.115171 -13.983315 2.452159
-9.865889 -14.426003 2.887729
-10.610185 -14.925986 3.197067
-11.079198 -15.314703 3.352111
-9.185035 -15.068808 3.468938
-7.821312 -14.676453 3.664217
-7.517548 -14.589931 3.657848
-6.016748 -14.110970 3.681083
-4.848482 -13.570818 3.901918
-3.908088 -13.019292 4.169981
-3.143508 -12.477515 4.420073
-2.875661 -12.277394 4.520498
-2.132073 -11.978901 4.396203
-1.504847 -11.487688 4.394329
-0.963957 -10.979758 4.462585
-0.524948 -10.489855 4.496125
-0.265455 -10.110417 4.613060
-0.159432 -9.959285 4.616922
0.182076 -9.421101 4.636199
0.416800 -8.886907 4.659980
0.526863 -8.375108 4.663328
0.571850 -7.879182 4.645196
0.602314 -7.389670 4.608484
0.595284 -6.901219 4.567934
0.564417 -6.411117 4.524244
0.520811 -6.110503 4.504507
0.510320 -5.918915 4.450051
0.453752 -5.440553 4.301284
0.381617 -4.956526 4.152318
0.294473 -4.469093 4.001204
0.294242 -4.468019 4.000913
0.209397 -3.950037 3.846633
0.130720 -3.446992 3.669364
0.099179 -3.256053 3.599098
0.077405 -2.961245 3.434933
0.032377 -2.494585 3.162469
0.000499 -2.055838 2.871793
64 
-0.547717 -1.939700 -2.927511
-0.651657 -2.404904 -3.216923
-0.764347 -2.913397 -3.476838
-0.888779 -3.301163 -3.648960
-0.904156 -3.453774 -3.686536
-0.957998 -3.790385 -3.761867
-0.991970 -4.021634 -3.814563
-1.113590 -4.585069 -3.925732
-1.289553 -5.159263 -4.010035
-1.416976 -5.484406 -4.042966
-1.445921 -5.744106 -4.020163
-1.575623 -6.327590 -3.956481
-1.769887 -6.921925 -3.851224
-2.029666 -7.518247 -3.716742
-2.241565 -7.908635 -3.608457
-2.286575 -8.110235 -3.504366
-2.479213 -8.673470 -3.216823
-2.755901 -9.235350 -2.890732
-3.089029 -9.788963 -2.557932
-3.417191 -10.247124 -2.242909
-3.433847 -10.344301 -2.109761
-3.578056 -10.873023 -1.396633
-3.811960 -11.387599 -0.727057
-4.093043 -11.900495 -0.057218
-4.128274 -11.946006 -0.000001
-4.128222 -11.946959 0.002552
-4.128222 -11.946959 0.002552
-4.152022 -12.260947 0.804328
-4.273324 -12.628016 1.532085
-4.537152 -13.018955 2.064139
-4.858333 -13.429852 2.492315
-5.275569 -13.857147 2.856486
-5.719723 -14.285009 3.126730
-4.637791 -13.750284 3.398058
-3.714462 -13.178034 3.724537
-3.037889 -12.678309 3.991087
-1.946775 -12.571959 3.905283
-1.243241 -11.980679 4.170307
-0.800954 -11.478071 4.239847
-0.245372 -10.953753 4.341685
-0.044260 -10.744683 4.372071
0.477990 -10.390600 4.300129
0.753772 -9.844962 4.459531
0.768194 -9.801557 4.472137
0.969857 -9.263206 4.556665
1.131694 -8.726398 4.579590
1.244076 -8.206661 4.584900
1.296618 -7.710812 4.566467
1.315932 -7.232231 4.521168
1.269845 -6.767672 4.473228
1.204031 -6.306023 4.415753
1.109580 -5.930887 4.372098
1.094932 -5.851169 4.346121
1.004370 -5.519180 4.254824
0.975415 -5.388790 4.212132
0.856909 -4.906935 4.065287
0.723858 -4.422691 3.916983
0.586353 -3.938619 3.762562
0.456140 -3.457217 3.596756
0.404908 -3.268262 3.525488
0.375959 -3.144226 3.475488
0.346634 -2.980672 3.383931
0.256457 -2.513039 3.118977
0.181543 -2.073969 2.837701
58 
-0.565561 -2.111030 -2.797132
-0.673827 -2.611421 -3.059926
-0.736652 -2.882073 -3.185716
-0.771324 -3.159469 -3.253723
-0.829527 -3.691437 -3.368588
-0.834185 -3.744945 -3.377320
-0.916228 -4.327134 -3.480178
-1.006325 -4.797903 -3.536893
-1.007444 -4.932670 -3.519894
-1.025350 -5.541255 -3.457080
-1.066711 -6.156471 -3.372143
-1.159221 -6.792865 -3.234542
-1.212316 -6.982725 -3.185994
-1.188654 -7.270235 -3.035866
-1.172631 -7.409982 -2.959268
-1.158458 -7.982348 -2.664151
-1.225284 -8.555918 -2.357078
-1.350447 -9.128283 -2.040460
-1.370488 -9.182205 -2.009818
-1.315067 -9.633544 -1.545391
-1.319604 -10.128825 -1.051695
-1.397542 -10.621204 -0.568306
-1.521638 -11.116805 -0.041960
-1.537979 -11.154665 -0.000001
-1.537590 -11.155160 0.002383
-1.537590 -11.155160 0.002383
-1.509832 -11.454492 0.704907
-1.569458 -11.807257 1.300755
-1.759098 -12.171385 1.915719
-2.115073 -12.560535 2.449113
-2.519369 -12.944510 2.833319
-1.540318 -12.153711 3.724962
-1.036219 -11.596294 3.946477
-0.485548 -11.046017 4.131396
-0.015671 -10.528355 4.229713
0.098049 -10.363570 4.288469
0.387172 -9.966798 4.379636
0.473613 -9.740753 4.444395
0.673638 -9.396645 4.477950
0.874261 -8.842072 4.515623
0.984115 -8.315346 4.538462
1.027928 -7.815099 4.536988
1.045477 -7.333245 4.503418
1.009543 -6.863413 4.463912
0.954605 -6.396720 4.413829
0.934838 -6.316032 4.408447
0.860774 -5.942080 4.380349
0.856797 -5.908358 4.370677
0.764821 -5.430529 4.225081
0.665035 -4.946142 4.079209
0.550517 -4.458914 3.931648
0.433753 -3.970938 3.777308
0.375472 -3.736209 3.705120
0.323634 -3.474888 3.608745
0.257223 -3.158987 3.491805
0.234525 -2.986188 3.395057
0.163148 -2.517060 3.128388
0.106154 -2.076176 2.844646
51 
-0.188257 -2.179842 -2.776711
-0.215165 -2.682287 -3.033014
-0.226777 -2.793048 -3.087312
-0.221267 -3.223703 -3.207995
-0.207588 -3.726810 -3.323797
-0.203365 -3.797693 -3.333224
-0.196954 -4.390413 -3.416583
-0.213797 -4.678238 -3.448679
-0.175801 -5.003849 -3.395959
-0.116167 -5.618058 -3.299766
-0.078955 -6.236116 -3.190163
-0.095807 -6.773149 -3.090371
-0.077436 -6.852910 -3.044475
-0.046064 -7.031776 -2.947267
0.046262 -7.446902 -2.650272
0.151874 -8.017005 -2.291156
0.181087 -8.584661 -1.959628
0.170775 -8.689431 -1.901959
0.327166 -9.078889 -1.384800
0.430638 -9.557405 -0.827424
0.454897 -10.044929 -0.252587
0.413785 -10.262125 -0.000001
0.414209 -10.262574 0.002192
0.414209 -10.262574 0.002192
0.531124 -10.396851 0.602294
0.498325 -10.724543 1.384529
0.322900 -11.101224 2.006699
0.149720 -11.382408 2.491403
0.692550 -10.577592 3.576550
0.895283 -10.008715 3.858058
1.049138 -9.479267 4.043918
1.160616 -9.132035 4.166656
1.211674 -8.932997 4.187079
1.324842 -8.378076 4.250461
1.380097 -7.850371 4.283243
1.399960 -7.351015 4.271354
1.350718 -6.870569 4.250588
1.281525 -6.395376 4.216512
1.166066 -5.927761 4.181519
1.088121 -5.649075 4.164353
1.038935 -5.459123 4.111369
1.017719 -5.389326 4.095343
0.913627 -4.973733 3.974511
0.775097 -4.483414 3.833681
0.631462 -3.992976 3.687547
0.495356 -3.505193 3.530307
0.410239 -3.185664 3.411315
0.375937 -3.028264 3.344047
0.374845 -3.023946 3.342537
0.280776 -2.554199 3.085156
0.201191 -2.108631 2.809703
53 
0.638749 -2.041387 -2.773598
0.763748 -2.487771 -3.018128
0.857671 -2.905850 -3.211998
0.887030 -2.979657 -3.228500
0.970395 -3.230739 -3.300096
1.063081 -3.486196 -3.343597
1.228893 -4.013688 -3.425663
1.345637 -4.584325 -3.478406
1.363413 -4.739710 -3.493994
1.518592 -5.147991 -3.403922
1.693882 -5.722588 -3.263557
1.801096 -6.310881 -3.128787
1.821893 -6.660008 -3.038749
1.914362 -6.909062 -2.838800
1.938783 -7.002681 -2.777288
2.060756 -7.461301 -2.422491
2.118946 -8.032622 -2.036202
2.099261 -8.381901 -1.834646
2.172936 -8.566162 -1.476161
2.127342 -9.097826 -0.716870
1.948952 -9.661798 -0.098863
1.882286 -9.802982 -0.000157
1.882210 -9.803144 -0.000001
1.882206 -9.803663 0.002094
1.882206 -9.803663 0.002094
1.872730 -10.056196 0.559874
1.849698 -10.089892 0.611063
1.589473 -10.461465 1.317344
1.278754 -10.878912 1.931592
1.032230 -11.204490 2.452460
0.863085 -10.415797 3.932637
1.007761 -9.880084 4.156303
1.141095 -9.406780 4.292013
1.149192 -9.363388 4.296624
1.287548 -8.810437 4.356351
1.401462 -8.271200 4.391403
1.459291 -7.756906 4.398589
1.479673 -7.266460 4.369731
1.427440 -6.793960 4.335611
1.355041 -6.325765 4.289985
1.237402 -5.864571 4.243881
1.202706 -5.746272 4.236005
1.106592 -5.402989 4.140006
1.026364 -5.142372 4.073645
0.972193 -4.928752 4.006758
0.828006 -4.442274 3.862463
0.678040 -3.956194 3.712804
0.535851 -3.472943 3.552114
0.424175 -3.063409 3.386158
0.416016 -3.024342 3.363052
0.412973 -3.008638 3.354137
0.311671 -2.537548 3.093425
0.226153 -2.095115 2.816905
52 
1.040006 -1.973472 -2.681361
1.244612 -2.381837 -2.902549
1.428912 -2.802273 -3.097509
1.446880 -2.829450 -3.102733
1.460679 -2.855258 -3.110161
1.708472 -3.284738 -3.185257
1.958048 -3.766257 -3.242902
2.172380 -4.285213 -3.278562
2.220934 -4.461151 -3.288648
2.421896 -4.806633 -3.188050
2.672635 -5.323227 -3.043096
2.674774 -5.327426 -3.041408
2.852787 -5.891560 -2.850932
2.887527 -6.111291 -2.788387
3.058453 -6.420595 -2.499302
3.229376 -6.956030 -2.068349
3.266607 -7.562040 -1.655193
3.268420 -7.564460 -1.649342
3.351289 -8.061651 -0.832165
3.225488 -8.666406 -0.140056
3.160170 -8.838631 -0.000001
3.159764 -8.839283 0.001888
3.159764 -8.839283 0.001888
3.040477 -9.125450 0.746430
2.801472 -9.533939 1.791752
2.611782 -9.741575 2.132255
2.271244 -9.907273 2.851205
1.965782 -10.402042 3.026918
1.706651 -10.782848 3.028403
1.181941 -10.439721 3.619175
1.218061 -9.912070 3.896521
1.345278 -9.390647 4.072377
1.435434 -9.123514 4.162769
1.488474 -8.845552 4.193063
1.604363 -8.292382 4.247399
1.669004 -7.764266 4.270685
1.690765 -7.265059 4.251913
1.630608 -6.787602 4.226634
1.549718 -6.315526 4.188533
1.426307 -5.850216 4.148905
1.352909 -5.605569 4.132283
1.286418 -5.385510 4.070502
1.131966 -4.920689 3.947678
1.038209 -4.663087 3.885893
0.969677 -4.442797 3.817173
0.802759 -3.956735 3.670951
0.644280 -3.473768 3.514123
0.506007 -3.010377 3.326309
0.505502 -3.008685 3.325667
0.414630 -2.668687 3.139149
0.389334 -2.554311 3.070646
0.288899 -2.110089 2.798631
53 
1.522401 -1.765165 -2.578865
1.626600 -1.882010 -2.649322
1.833725 -2.097340 -2.748639
2.142537 -2.460159 -2.899710
2.334567 -2.717336 -3.003623
2.464359 -2.836265 -3.013433
2.819142 -3.227486 -3.039081
2.860104 -3.280843 -3.045119
3.148170 -3.636796 -3.028460
3.412042 -4.073736 -3.003056
3.436437 -4.096356 -2.989430
3.786092 -4.499228 -2.802757
4.066913 -4.962409 -2.611551
4.217521 -5.387863 -2.458309
4.293892 -5.473573 -2.356119
4.510087 -5.963804 -1.946023
4.583376 -6.576330 -1.527025
4.575006 -6.704632 -1.467522
4.601285 -7.153089 -0.862089
4.362511 -7.923294 -0.162266
4.278220 -8.138889 -0.000001
4.277564 -8.139903 0.001739
4.277564 -8.139903 0.001739
3.929384 -8.574265 1.024387
3.520271 -9.008318 1.971758
3.377181 -9.143239 2.312475
3.238906 -9.317575 2.367773
2.306163 -9.749397 3.279661
1.998915 -10.288816 3.324473
1.699559 -10.744792 3.287816
1.014556 -10.366253 3.966443
1.107661 -9.844338 4.185710
1.217774 -9.433229 4.304081
1.230655 -9.327410 4.317049
1.358345 -8.779240 4.372899
1.472954 -8.241828 4.403295
1.533183 -7.728655 4.405966
1.554051 -7.239054 4.373979
1.499025 -6.767958 4.337616
1.423635 -6.301112 4.290022
1.303962 -5.841029 4.241845
1.275331 -5.745298 4.235288
1.169095 -5.381147 4.133279
1.034420 -4.946427 4.015601
1.026477 -4.915304 4.005424
0.877047 -4.429879 3.860689
0.721213 -3.945129 3.710756
0.573385 -3.463322 3.549915
0.460100 -3.066095 3.389127
0.445803 -3.001270 3.350687
0.416013 -2.888671 3.292369
0.338977 -2.536030 3.090925
0.248213 -2.094189 2.815082
54 
1.751140 -1.599765 -2.531176
2.100550 -1.886825 -2.687165
2.280247 -2.046807 -2.764368
2.464223 -2.195408 -2.808562
2.822986 -2.523551 -2.908025
2.958774 -2.675651 -2.957547
3.193997 -2.858712 -2.950341
3.576310 -3.204477 -2.932226
3.638911 -3.280652 -2.933519
3.909138 -3.599673 -2.880500
4.070798 -3.853927 -2.841018
4.249619 -4.002395 -2.723932
4.586669 -4.394545 -2.490580
4.832006 -4.895351 -2.233592
4.839188 -4.901575 -2.223794
5.104867 -5.337914 -1.783175
5.204482 -5.939379 -1.300022
5.223277 -5.960708 -1.239303
5.240122 -6.591228 -0.393789
5.115544 -7.007515 -0.000001
5.115188 -7.008233 0.001497
5.115188 -7.008233 0.001497
4.905229 -7.373598 0.927636
4.661670 -7.703976 1.686261
4.332487 -7.919298 2.435376
4.014647 -8.048501 2.998042
3.378232 -8.747734 3.496897
3.238961 -8.950500 3.471182
2.310606 -9.615364 3.675996
2.003130 -10.195015 3.600506
1.698644 -10.671579 3.526172
0.985311 -10.335007 4.082344
1.088374 -9.817142 4.282319
1.160809 -9.553115 4.358782
1.198364 -9.290075 4.396681
1.330282 -8.747669 4.441045
1.444616 -8.216313 4.461759
1.503894 -7.708727 4.455965
1.524569 -7.222748 4.418491
1.470650 -6.754272 4.377616
1.396446 -6.289630 4.326146
1.277579 -5.831686 4.274403
1.266532 -5.794908 4.271858
1.143887 -5.373743 4.153916
1.031163 -5.010019 4.056355
1.004562 -4.905807 4.022464
0.857249 -4.421283 3.876441
0.703784 -3.937427 3.725035
0.558233 -3.456493 3.562646
0.453667 -3.088470 3.413858
0.433299 -2.995370 3.358687
0.416296 -2.931043 3.325670
0.328566 -2.528874 3.097626
0.239802 -2.088083 2.820576
59 
1.887070 -1.490129 -2.503186
1.933591 -1.531034 -2.537695
2.006508 -1.583483 -2.571821
2.255212 -1.744284 -2.643999
2.642103 -2.014915 -2.749113
3.032011 -2.309324 -2.835817
3.208922 -2.467285 -2.884552
3.402938 -2.624434 -2.900934
3.405251 -2.625773 -2.900507
3.818253 -2.917228 -2.834909
4.199628 -3.250054 -2.759393
4.521169 -3.627398 -2.674026
4.541835 -3.641231 -2.661569
4.834317 -3.905811 -2.494653
4.915856 -3.974177 -2.423492
5.218081 -4.430168 -2.094608
5.243358 -4.506688 -2.056257
5.518104 -4.852412 -1.543302
5.620040 -5.260616 -1.151453
5.734907 -5.367206 -0.737201
5.742347 -5.840047 -0.000001
5.742374 -5.840160 0.001248
5.742374 -5.840160 0.001248
5.769904 -5.929314 0.826608
5.645603 -6.180194 1.352733
5.107942 -6.373195 2.871508
5.090322 -6.372748 2.907681
4.265372 -6.906631 4.000491
4.250288 -6.927441 4.006992
3.252919 -7.924069 4.388683
3.197788 -8.019141 4.390209
2.502381 -8.514764 4.853882
2.175310 -9.216321 4.731036
1.889672 -9.911551 4.522325
1.875426 -9.946686 4.507724
1.725140 -10.197833 4.404700
1.471526 -10.121148 4.355325
1.417646 -9.823999 4.482378
1.379020 -9.613422 4.561465
1.349579 -9.091706 4.658328
1.461697 -8.577659 4.662364
1.577321 -8.067043 4.644935
1.641056 -7.576982 4.604502
1.662632 -7.102695 4.543999
1.603530 -6.644940 4.485168
1.523772 -6.189794 4.418155
1.457596 -5.952936 4.388352
1.407195 -5.741014 4.318714
1.264614 -5.290240 4.186597
1.112298 -4.833398 4.054205
1.037715 -4.632120 4.001654
0.952393 -4.361922 3.912037
0.787543 -3.884365 3.755991
0.631052 -3.410009 3.589134
0.549293 -3.154044 3.486341
0.499061 -2.955646 3.369194
0.414791 -2.645734 3.193135
0.383506 -2.506325 3.107083
0.284191 -2.069932 2.829011
49 
2.101468 -1.243535 -2.436826
2.474179 -1.461361 -2.601104
2.722230 -1.620313 -2.715317
2.768948 -1.646579 -2.729210
2.861115 -1.689090 -2.737623
3.293283 -1.911302 -2.774323
3.715355 -2.159270 -2.799585
3.980140 -2.340215 -2.810843
4.129058 -2.426581 -2.789597
4.248674 -2.524566 -2.790544
4.544443 -2.678409 -2.689442
4.945258 -2.956569 -2.544982
5.260816 -3.255211 -2.399659
5.320931 -3.288221 -2.354729
5.639205 -3.536061 -2.105354
5.704849 -3.582113 -2.029561
5.895585 -3.885154 -1.772672
6.035845 -3.970835 -1.518774
6.234434 -4.376531 -0.957943
6.313660 -4.421243 -0.687830
6.367933 -4.838664 -0.000000
6.367970 -4.838836 0.001034
6.367970 -4.838836 0.001034
6.387481 -4.980615 0.942797
6.356745 -5.065266 1.108695
5.879081 -5.486733 2.502088
5.878323 -5.487168 2.503620
5.103978 -6.027035 3.457959
4.239717 -6.824986 4.112627
4.005521 -6.905892 4.329741
3.179166 -7.790094 4.438158
2.795845 -7.482538 4.707507
2.785798 -6.956546 4.756344
2.732018 -6.497833 4.711142
2.701850 -6.385482 4.707214
2.625882 -6.062175 4.609919
2.472528 -5.644191 4.488945
2.278639 -5.235781 4.372602
2.061698 -4.838427 4.247384
1.827122 -4.441780 4.121202
1.817919 -4.428447 4.117485
1.584946 -4.023137 3.973416
1.356892 -3.606956 3.806748
1.208945 -3.336931 3.688497
1.146202 -3.198874 3.602985
0.950685 -2.790726 3.360230
0.942128 -2.773565 3.351309
0.762575 -2.377455 3.100445
0.596268 -1.982619 2.828266
48 
2.233162 -1.040307 -2.416661
2.343316 -1.092905 -2.464875
2.640095 -1.211192 -2.538253
3.056714 -1.393935 -2.642756
3.477880 -1.594003 -2.735384
3.534549 -1.626602 -2.750411
3.619668 -1.666881 -2.762862
3.920392 -1.775786 -2.731709
4.360765 -1.976309 -2.683988
4.786139 -2.201289 -2.626081
4.885428 -2.267401 -2.612324
4.998472 -2.330927 -2.576504
5.215938 -2.410570 -2.444097
5.630520 -2.633045 -2.200613
5.841714 -2.811042 -2.072229
6.017438 -2.897392 -1.904566
6.401570 -3.162588 -1.490913
6.424978 -3.200205 -1.460151
6.576232 -3.324828 -1.202078
6.743209 -3.472090 -0.759977
6.746000 -3.473239 -0.749453
6.876814 -3.764055 -0.000000
6.876870 -3.764159 0.000804
6.876870 -3.764159 0.000804
6.942638 -3.876378 0.767094
6.934140 -3.925021 0.859116
6.686734 -4.319082 1.970659
6.547794 -4.422271 2.328768
5.852249 -5.084264 3.112518
5.373816 -5.494492 3.368666
5.081805 -5.339431 3.936092
4.989830 -5.379396 4.075791
4.041533 -5.353369 4.812931
3.977747 -5.250094 4.854465
3.823780 -5.007438 4.705805
3.594481 -4.694774 4.546899
3.322343 -4.398438 4.397793
3.038351 -4.096580 4.252047
2.740801 -3.790239 4.110136
2.650644 -3.688093 4.076656
2.437336 -3.460719 3.959188
2.408211 -3.431058 3.947974
2.134808 -3.132734 3.751768
1.839791 -2.797710 3.536268
1.549883 -2.450617 3.324399
1.368103 -2.222579 3.181245
1.282687 -2.108052 3.089232
1.041539 -1.776648 2.827006
50 
2.406620 -0.620093 -2.375907
2.819569 -0.725013 -2.514880
3.055689 -0.799833 -2.595069
3.248839 -0.845435 -2.619879
3.691469 -0.956870 -2.686501
3.865752 -1.013900 -2.715510
4.136996 -1.092135 -2.721582
4.290475 -1.148466 -2.731548
4.589241 -1.228309 -2.669590
5.029516 -1.364706 -2.597745
5.408051 -1.523720 -2.525572
5.455176 -1.540275 -2.508770
5.660929 -1.634939 -2.439528
5.888466 -1.714800 -2.254565
6.166148 -1.850718 -2.045702
6.309147 -1.905206 -1.907751
6.679647 -2.109836 -1.555318
6.703533 -2.118758 -1.525396
7.032481 -2.334156 -1.065001
7.074817 -2.355591 -0.987514
7.238139 -2.506930 -0.642446
7.254732 -2.533440 -0.554524
7.315974 -2.631873 -0.000000
7.315981 -2.631926 0.000562
7.315981 -2.631926 0.000562
7.363144 -2.692571 0.385711
7.376722 -2.767498 0.605755
7.302275 -2.971135 1.355634
7.044069 -3.218012 2.146615
6.763075 -3.548995 2.478060
6.723200 -3.534000 2.605175
6.358031 -3.569050 3.216993
5.701463 -4.032211 3.698509
5.549155 -3.960765 3.892459
5.147323 -3.914896 3.993013
4.732288 -3.699594 4.081851
4.723561 -3.694275 4.083489
4.342965 -3.472035 4.073314
4.204565 -3.396597 4.077489
3.952168 -3.259379 3.999117
3.571031 -3.030877 3.888709
3.196751 -2.796661 3.760859
2.851440 -2.575628 3.642877
2.819717 -2.553463 3.626119
2.459722 -2.292443 3.441485
2.109824 -2.032087 3.245344
1.938643 -1.896998 3.144280
1.787123 -1.769434 3.019830
1.701032 -1.698856 2.959261
1.482374 -1.509846 2.760564
54 
2.355997 0.401946 -2.482732
2.756423 0.454428 -2.656592
3.171773 0.487459 -2.825673
3.233225 0.488831 -2.852743
3.548604 0.523865 -2.925080
3.607387 0.529901 -2.933315
4.050083 0.543441 -3.021454
4.074658 0.542267 -3.027828
4.485188 0.516193 -3.112096
4.533881 0.509216 -3.124145
4.928130 0.514581 -3.109585
5.366569 0.458623 -3.089884
5.807569 0.317690 -3.047162
5.852761 0.297832 -3.043350
6.259204 0.229073 -2.835506
6.693317 0.000000 -2.580257
6.720811 -0.015943 -2.560230
6.904118 -0.155717 -2.430055
7.182366 -0.300255 -2.030899
7.231297 -0.353875 -1.975917
7.451672 -0.618853 -1.657464
7.603418 -0.769483 -1.395557
7.632212 -0.815942 -1.352427
7.746116 -1.015827 -1.122850
7.855768 -1.161818 -0.856463
7.860785 -1.169473 -0.838135
7.881321 -1.270448 -0.579665
7.895985 -1.365335 -0.298847
7.902996 -1.450669 -0.000000
7.902998 -1.450734 0.000310
7.902998 -1.450734 0.000310
7.915052 -1.526141 0.334045
7.884550 -1.598669 0.729421
7.773892 -1.704798 1.256734
7.565736 -1.886985 1.991163
7.123932 -2.449382 2.422204
6.990263 -2.426057 2.681657
6.872655 -2.416780 2.868442
6.520922 -2.623189 3.083181
6.016765 -2.571114 3.436312
5.873363 -2.530229 3.523664
5.559345 -2.506238 3.564125
5.128381 -2.421870 3.593585
4.709614 -2.284807 3.615632
4.490060 -2.199537 3.629232
4.372849 -2.169077 3.595253
4.297293 -2.148894 3.570536
3.888326 -2.015708 3.453178
3.476551 -1.856191 3.338025
3.109619 -1.696881 3.235612
3.066622 -1.679861 3.213218
2.675565 -1.510180 3.024484
2.294255 -1.333114 2.832639
1.930102 -1.147543 2.637223
