Sea Ice Coverage and Extent Statistics Chukchi Sea           1972-1994
CS  19720103 01   707271   744496
CS  19720110 02   707271   744496
CS  19720117 03   744060   744496
CS  19720124 04   744278   744496
CS  19720131 05   744001   744496
CS  19720207 06   743880   744496
CS  19720214 07   744402   744496
CS  19720221 08   744063   744496
CS  19720228 09   744431   744496
CS  19720306 10   744402   744496
CS  19720313 11   744464   744496
CS  19720320 12   744402   744496
CS  19720327 13   744091   744496
CS  19720403 14   743506   744496
CS  19720410 15   742960   744496
CS  19720417 16   743275   744496
CS  19720424 17   727606   744496
CS  19720501 18   732173   744496
CS  19720508 19   741262   744496
CS  19720515 20   717415   743875
CS  19720522 21   708048   744496
CS  19720529 22   648843   744496
CS  19720605 23   629977   730326
CS  19720612 24   632086   734560
CS  19720619 25   633258   740773
CS  19720626 26   605927   645742
CS  19720703 27   530044   573225
CS  19720710 28   527324   581436
CS  19720717 29   468209   507648
CS  19720724 30   387399   417364
CS  19720731 31   309310   347719
CS  19720807 32   318143   373235
CS  19720814 33   304921   380124
CS  19720821 34   286219   346139
CS  19720828 35   231537   302067
CS  19720905 36   174525   263001
CS  19720912 37   145678   215911
CS  19720919 38   150516   214751
CS  19720926 39   146098   219322
CS  19721003 40   465044   535969
CS  19721010 41   282131   330408
CS  19721017 42   350708   403824
CS  19721024 43   406349   458464
CS  19721031 44   444237   499591
CS  19721107 45   399603   483319
CS  19721114 46   674313   707364
CS  19721121 47   718715   718715
CS  19721128 48   696132   737645
CS  19721205 49   692313   742726
CS  19721212 50   693016   742622
CS  19721219 51   717174   744496
CS  19721226 52   743027   744496
CS  19730102 01   744496   744496
CS  19730109 02   744496   744496
CS  19730116 03   744496   744496
CS  19730123 04   740878   744496
CS  19730130 05   706549   744496
CS  19730206 06   726325   744496
CS  19730213 07   718175   744496
CS  19730220 08   719567   739531
CS  19730227 09   742577   744496
CS  19730306 10   742249   744496
CS  19730313 11   738952   744496
CS  19730320 12   741192   744496
CS  19730327 13   739030   744496
CS  19730403 14   744309   744496
CS  19730410 15   717211   744496
CS  19730417 16   743300   744496
CS  19730424 17   743689   743875
CS  19730501 18   743672   744496
CS  19730508 19   742079   744496
CS  19730515 20   744121   744496
CS  19730522 21   725674   744496
CS  19730529 22   726302   739350
CS  19730605 23   726968   742154
CS  19730612 24   711393   744496
CS  19730619 25   684392   732085
CS  19730626 26   620446   709972
CS  19730703 27   616536   676026
CS  19730710 28   557467   587425
CS  19730717 29   536463   598572
CS  19730724 30   519026   584726
CS  19730731 31   458378   530654
CS  19730807 32   380139   465114
CS  19730814 33   365830   479275
CS  19730821 34   284841   388798
CS  19730828 35   267280   355833
CS  19730904 36   275235   395837
CS  19730911 37   237937   421699
CS  19730918 38   217763   362095
CS  19730925 39   261939   355126
CS  19731002 40   276803   379680
CS  19731009 41   269036   383976
CS  19731016 42   399195   429592
CS  19731023 43   456981   490135
CS  19731030 44   544627   570933
CS  19731106 45   599465   612961
CS  19731113 46   632263   672129
CS  19731120 47   645388   722633
CS  19731127 48   670046   744496
CS  19731204 49   669876   742659
CS  19731211 50   668824   742315
CS  19731218 51   670538   744496
CS  19731224 52   670662   744496
CS  19731231 53   684333   742025
CS  19740108 01   691003   740389
CS  19740115 02   694110   744496
CS  19740122 03   690508   741125
CS  19740129 04   682973   734824
CS  19740205 05   692112   744496
CS  19740212 06   741847   742284
CS  19740219 07   743781   743875
CS  19740226 08   744402   744496
CS  19740305 09   742508   743255
CS  19740312 10   742756   743255
CS  19740319 11   743368   744496
CS  19740326 12   742868   743875
CS  19740402 13   744245   744496
CS  19740409 14   743753   744496
CS  19740416 15   743345   744002
CS  19740423 16   743650   744496
CS  19740430 17   743161   743875
CS  19740507 18   739828   742634
CS  19740514 19   736085   742025
CS  19740521 20   736767   742622
CS  19740528 21   731024   735268
CS  19740604 22   727665   741531
CS  19740611 23   714248   742610
CS  19740618 24   706016   728710
CS  19740625 25   623402   659738
CS  19740702 26   591506   651870
CS  19740709 27   583415   641077
CS  19740716 28   501755   541418
CS  19740723 29   491310   531619
CS  19740730 30   407772   436502
CS  19740806 31   361298   408157
CS  19740813 32   332223   372849
CS  19740820 33   309497   340738
CS  19740827 34   291306   345266
CS  19740903 35   223000   325978
CS  19740910 36   112962   163156
CS  19740917 37    94658   131517
CS  19740924 38   105268   145812
CS  19741001 39   150305   204712
CS  19741008 40   167004   203277
CS  19741016 41   268193   292130
CS  19741022 42   367634   388804
CS  19741029 43   498758   527888
CS  19741105 44   565245   599759
CS  19741112 45   622339   657536
CS  19741119 46   643557   697914
CS  19741126 47   692795   744496
CS  19741203 48   695932   744496
CS  19741210 49   689282   744496
CS  19741217 50   718368   742830
CS  19741224 51   720623   744496
CS  19741231 52   744307   744496
CS  19750107 01   744307   744496
CS  19750114 02   741747   741998
CS  19750121 03   744183   744496
CS  19750128 04   744245   744496
CS  19750204 05   737409   744496
CS  19750211 06   736522   744496
CS  19750218 07   738009   744496
CS  19750225 08   734881   744496
CS  19750304 09   737003   742622
CS  19750311 10   732699   744496
CS  19750318 11   734168   742417
CS  19750325 12   741472   744496
CS  19750401 13   740047   744496
CS  19750408 14   737595   744496
CS  19750415 15   707118   744496
CS  19750422 16   699245   744496
CS  19750429 17   731866   743247
CS  19750506 18   742617   744496
CS  19750513 19   738685   744496
CS  19750520 20   728991   744496
CS  19750527 21   736919   742622
CS  19750603 22   704005   705062
CS  19750610 23   685344   688761
CS  19750617 24   671200   705325
CS  19750624 25   599673   648798
CS  19750701 26   628118   708313
CS  19750708 27   606910   674042
CS  19750715 28   582716   655184
CS  19750722 29   510617   599054
CS  19750729 30   433735   522478
CS  19750805 31   493404   537758
CS  19750812 32   446087   529651
CS  19750819 33   421878   503433
CS  19750826 34   389766   460460
CS  19750902 35   371253   436526
CS  19750909 36   407476   489534
CS  19750916 37   431854   505308
CS  19750923 38   477001   535978
CS  19750930 39   483395   530637
CS  19751007 40   486342   501679
CS  19751014 41   513423   522699
CS  19751021 42   586677   601015
CS  19751028 43   595398   618483
CS  19751104 44   602035   633541
CS  19751111 45   712224   743900
CS  19751118 46   721177   743925
CS  19751125 47   731076   744496
CS  19751202 48   692882   743900
CS  19751209 49   699711   743900
CS  19751216 50   698539   743305
CS  19751223 51   728065   744496
CS  19751230 52   727738   744496
CS  19760106 01   705890   744496
CS  19760113 02   708979   744496
CS  19760120 03   701517   744496
CS  19760127 04   687760   744496
CS  19760203 05   681653   741634
CS  19760210 06   708572   744496
CS  19760217 07   692520   742519
CS  19760224 08   690031   744496
CS  19760302 09   713306   744496
CS  19760309 10   708214   744496
CS  19760316 11   712598   742519
CS  19760323 12   695991   744496
CS  19760330 13   714773   744496
CS  19760406 14   694767   744496
CS  19760413 15   710267   744496
CS  19760420 16   711383   744496
CS  19760427 17   697363   744496
CS  19760504 18   742047   744496
CS  19760511 19   740816   744496
CS  19760518 20   729106   744496
CS  19760525 21   741539   744496
CS  19760601 22   734368   744496
CS  19760608 23   726785   743508
CS  19760615 24   712746   723054
CS  19760622 25   696864   722866
CS  19760629 26   674709   707093
CS  19760706 27   652435   710517
CS  19760713 28   609273   677489
CS  19760720 29   572612   630218
CS  19760727 30   511996   583172
CS  19760803 31   481610   534245
CS  19760810 32   457353   517520
CS  19760817 33   415750   498777
CS  19760824 34   397016   480056
CS  19760831 35   362410   416393
CS  19760907 36   348298   406850
CS  19760914 37   345371   416713
CS  19760921 38   304669   403398
CS  19760928 39   326010   423797
CS  19761005 40   383146   437713
CS  19761012 41   475147   505280
CS  19761019 42   473234   502805
CS  19761026 43   495581   522604
CS  19761102 44   619906   667668
CS  19761109 45   672485   699224
CS  19761116 46   705087   716573
CS  19761123 47   730417   744496
CS  19761130 48   714613   740332
CS  19761207 49   718092   744496
CS  19761214 50   718855   744496
CS  19761221 51   696238   744496
CS  19761228 52   694301   742417
CS  19770104 01   731765   744496
CS  19770111 02   715823   744496
CS  19770118 03   741680   744496
CS  19770125 04   730017   743875
CS  19770208 06   717906   744496
CS  19770215 07   713567   742622
CS  19770222 08   731260   744496
CS  19770301 09   717766   744496
CS  19770308 10   732527   744496
CS  19770315 11   734721   744496
CS  19770322 12   728399   744496
CS  19770329 13   733303   744496
CS  19770405 14   727363   741685
CS  19770412 15   725858   744496
CS  19770419 16   741588   744496
CS  19770426 17   727643   743900
CS  19770503 18   724480   741685
CS  19770510 19   708859   744496
CS  19770517 20   725239   744496
CS  19770524 21   734633   744496
CS  19770531 22   722616   742622
CS  19770607 23   719619   744496
CS  19770614 24   718786   729530
CS  19770621 25   701869   744496
CS  19770628 26   665827   701834
CS  19770705 27   606021   664398
CS  19770712 28   531826   575483
CS  19770719 29   476727   539601
CS  19770726 30   400530   474738
CS  19770802 31   362930   391910
CS  19770809 32   321039   354124
CS  19770816 33   233175   297021
CS  19770823 34   198910   287440
CS  19770830 35   170740   250574
CS  19770906 36   144397   224480
CS  19770913 37   204650   229984
CS  19770920 38   145213   187406
CS  19770927 39   139168   159457
CS  19771004 40   162894   180305
CS  19771011 41   194425   237513
CS  19771018 42   204723   229206
CS  19771025 43   288256   312782
CS  19771101 44   453318   500208
CS  19771108 45   516784   565750
CS  19771115 46   719588   744496
CS  19771122 47   712248   742284
CS  19771129 48   719714   744496
CS  19771206 49   743712   743900
CS  19771213 50   722262   743900
CS  19771220 51   709930   743900
CS  19771227 52   723510   744496
CS  19780103 01   708540   744496
CS  19780110 02   708794   744496
CS  19780117 03   723090   744496
CS  19780124 04   713519   744496
CS  19780131 05   713132   744496
CS  19780207 06   744434   744496
CS  19780214 07   744051   744496
CS  19780221 08   744496   744496
CS  19780228 09   744471   744496
CS  19780307 10   744134   744496
CS  19780314 11   743707   744496
CS  19780321 12   744020   744496
CS  19780328 13   744167   744496
CS  19780404 14   739824   742622
CS  19780411 15   740674   744496
CS  19780418 16   743882   744496
CS  19780425 17   741939   744496
CS  19780502 18   744062   744496
CS  19780509 19   743172   744496
CS  19780516 20   738242   744496
CS  19780523 21   740508   744496
CS  19780530 22   699590   712116
CS  19780606 23   695387   715464
CS  19780613 24   690349   718183
CS  19780620 25   599280   605032
CS  19780627 26   559337   582323
CS  19780704 27   511866   530746
CS  19780711 28   474342   512514
CS  19780718 29   421483   470397
CS  19780725 30   364859   430099
CS  19780801 31   338057   398746
CS  19780808 32   328003   413103
CS  19780815 33   270271   317730
CS  19780822 34   193815   224717
CS  19780829 35   182711   209891
CS  19780905 36   189878   216677
CS  19780912 37   162004   226458
CS  19780919 38   179162   204280
CS  19780926 39   191641   213180
CS  19781003 40   224147   256586
CS  19781010 41   238620   266096
CS  19781017 42   325256   341289
CS  19781024 43   434428   452232
CS  19781031 44   491258   517451
CS  19781107 45   554653   588345
CS  19781114 46   622688   655542
CS  19781121 47   696296   724865
CS  19781128 48   667840   687868
CS  19781205 49   707683   731813
CS  19781212 50   736075   743013
CS  19781219 51   737857   743900
CS  19781226 52   742216   744496
CS  19790102 01   736946   739082
CS  19790109 02   737050   744496
CS  19790116 03   741104   744496
CS  19790123 04   740729   743305
CS  19790130 05   744017   744496
CS  19790206 06   743838   743900
CS  19790213 07   744141   744496
CS  19790220 08   741432   741558
CS  19790227 09   743448   744496
CS  19790306 10   743013   743013
CS  19790313 11   744369   744496
CS  19790320 12   741478   742726
CS  19790327 13   744059   744496
CS  19790403 14   739803   741841
CS  19790410 15   743819   744496
CS  19790417 16   734806   735187
CS  19790424 17   744464   744496
CS  19790501 18   737809   744496
CS  19790508 19   741981   744496
CS  19790515 20   736821   741989
CS  19790522 21   702556   711793
CS  19790529 22   692874   734959
CS  19790605 23   676132   698427
CS  19790612 24   635937   651651
CS  19790619 25   620582   637800
CS  19790626 26   582120   586174
CS  19790703 27   573199   585654
CS  19790710 28   575070   583737
CS  19790717 29   534143   546980
CS  19790724 30   470350   477730
CS  19790731 31   425391   432794
CS  19790807 32   335601   371105
CS  19790814 33   302805   347168
CS  19790821 34   255373   294816
CS  19790828 35   231263   307019
CS  19790904 36   142604   161012
CS  19790911 37   119638   150645
CS  19790918 38   118360   164930
CS  19790925 39   155800   184929
CS  19791002 40   122401   140856
CS  19791009 41   161419   176080
CS  19791016 42   239458   261816
CS  19791023 43   346448   379586
CS  19791030 44   479278   527610
CS  19791106 45   478952   538410
CS  19791113 46   428920   468375
CS  19791120 47   613753   639417
CS  19791127 48   727671   742235
CS  19791204 49   731010   744496
CS  19791211 50   742432   743330
CS  19791218 51   743502   744496
CS  19791226 52   743275   744496
CS  19800102 01   744496   744496
CS  19800108 02   743919   743976
CS  19800115 03   744408   744496
CS  19800122 04   744188   744496
CS  19800129 05   743827   744496
CS  19800205 06   733718   744496
CS  19800212 07   742419   742622
CS  19800219 08   743719   744496
CS  19800226 09   739558   744496
CS  19800304 10   742715   744496
CS  19800311 11   743353   744496
CS  19800318 12   744139   744496
CS  19800325 13   740898   742014
CS  19800401 14   742638   744496
CS  19800408 15   730186   740956
CS  19800415 16   740338   741685
CS  19800422 17   744369   744496
CS  19800429 18   743558   743851
CS  19800506 19   740507   742726
CS  19800513 20   743260   743851
CS  19800520 21   737865   742830
CS  19800527 22   716602   744496
CS  19800603 23   702473   744496
CS  19800610 24   695183   744496
CS  19800617 25   699310   742284
CS  19800624 26   646201   741638
CS  19800701 27   594348   632632
CS  19800708 28   564732   595850
CS  19800715 29   500017   576391
CS  19800722 30   465405   571093
CS  19800729 31   375495   514009
CS  19800805 32   343146   483932
CS  19800812 33   312183   412062
CS  19800819 34   284024   389980
CS  19800826 35   291514   403578
CS  19800902 36   353577   400954
CS  19800909 37   409496   480857
CS  19800916 38   421397   465356
CS  19800923 39   413965   470401
CS  19800930 40   431150   473271
CS  19801007 41   458157   496336
CS  19801014 42   481167   517378
CS  19801021 43   506727   539094
CS  19801028 44   527781   557338
CS  19801104 45   533518   565464
CS  19801111 46   648066   674252
CS  19801118 47   645695   698957
CS  19801125 48   700267   744496
CS  19801202 49   721626   744496
CS  19801209 50   727896   744496
CS  19801216 51   739300   742154
CS  19801223 52   743453   744496
CS  19801230 53   743976   744496
CS  19810106 01   743580   744496
CS  19810113 02   743641   744496
CS  19810120 03   711270   744496
CS  19810127 04   712555   744496
CS  19810203 05   739223   743091
CS  19810210 06   740611   744496
CS  19810217 07   738842   744496
CS  19810224 08   742189   744496
CS  19810303 09   740717   740935
CS  19810310 10   742924   744496
CS  19810317 11   741254   744496
CS  19810324 12   737494   744496
CS  19810331 13   734059   744496
CS  19810407 14   736081   744496
CS  19810414 15   733475   744496
CS  19810421 16   705565   744496
CS  19810428 17   713619   744496
CS  19810505 18   708274   744496
CS  19810512 19   690615   742860
CS  19810519 20   701797   736704
CS  19810526 21   671235   726234
CS  19810602 22   634133   702874
CS  19810609 23   605119   697624
CS  19810616 24   578034   650296
CS  19810623 25   516880   597006
CS  19810630 26   475591   554731
CS  19810707 27   480865   571378
CS  19810714 28   493036   589299
CS  19810721 29   434798   532783
CS  19810728 30   416422   523546
CS  19810804 31   353182   473113
CS  19810811 32   366559   470606
CS  19810818 33   370866   483605
CS  19810825 34   345788   471375
CS  19810901 35   346135   447396
CS  19810908 36   304259   428971
CS  19810915 37   297534   437967
CS  19810922 38   374536   493947
CS  19810929 39   372577   435495
CS  19811006 40   418866   480835
CS  19811013 41   424031   491328
CS  19811020 42   460071   501122
CS  19811027 43   439285   459298
CS  19811103 44   541026   574062
CS  19811110 45   665676   741558
CS  19811117 46   701991   742417
CS  19811124 47   708099   744496
CS  19811201 48   703188   740749
CS  19811208 49   715425   744496
CS  19811215 50   716792   744496
CS  19811222 51   716846   744496
CS  19811229 52   700446   744496
CS  19820105 01   687894   744496
CS  19820112 02   686474   744496
CS  19820119 03   687008   744496
CS  19820126 04   727069   744496
CS  19820202 05   714828   744496
CS  19820209 06   744470   744496
CS  19820216 07   744470   744496
CS  19820223 08   744418   744496
CS  19820302 09   743924   743976
CS  19820309 10   739568   744496
CS  19820316 11   741166   744496
CS  19820323 12   742281   744496
CS  19820330 13   740482   742417
CS  19820406 14   744019   744496
CS  19820413 15   743226   744496
CS  19820420 16   744371   744496
CS  19820427 17   744464   744496
CS  19820504 18   743176   744496
CS  19820511 19   732091   742417
CS  19820518 20   725235   737867
CS  19820525 21   710994   723638
CS  19820601 22   693248   707234
CS  19820608 23   664758   719491
CS  19820615 24   622181   638689
CS  19820622 25   562242   599254
CS  19820629 26   513066   544024
CS  19820706 27   513350   536389
CS  19820713 28   453648   456572
CS  19820720 29   430059   444804
CS  19820727 30   430599   481450
CS  19820803 31   392447   432646
CS  19820810 32   391428   485985
CS  19820817 33   363615   446574
CS  19820824 34   314838   426459
CS  19820831 35   270199   412000
CS  19820907 36   255620   391753
CS  19820914 37   228192   335858
CS  19820921 38   283011   325874
CS  19820928 39   262263   294876
CS  19821005 40   307325   333516
CS  19821012 41   492948   510272
CS  19821019 42   482265   532149
CS  19821026 43   585041   681456
CS  19821102 44   562822   659993
CS  19821109 45   581655   721787
CS  19821116 46   610947   744496
CS  19821123 47   612400   740974
CS  19821130 48   666123   744496
CS  19821207 49   706024   744496
CS  19821214 50   693436   744496
CS  19821221 51   721889   739060
CS  19821228 52   701536   742154
CS  19830104 01   719563   744496
CS  19830111 02   718762   744496
CS  19830118 03   720016   744496
CS  19830125 04   719662   744496
CS  19830201 05   726735   739967
CS  19830208 06   731679   744496
CS  19830215 07   742344   742622
CS  19830222 08   742185   744496
CS  19830301 09   744183   744496
CS  19830308 10   744307   744496
CS  19830315 11   742528   742622
CS  19830322 12   739789   744496
CS  19830329 13   743920   744496
CS  19830405 14   743140   744496
CS  19830412 15   742207   744496
CS  19830419 16   741625   742154
CS  19830426 17   743808   744496
CS  19830503 18   740871   744496
CS  19830510 19   739245   744496
CS  19830517 20   685107   708860
CS  19830524 21   687891   736317
CS  19830531 22   692178   734247
CS  19830607 23   681150   742025
CS  19830614 24   665303   744496
CS  19830621 25   680731   730198
CS  19830628 26   673798   720693
CS  19830705 27   649410   706743
CS  19830712 28   631390   687578
CS  19830719 29   613942   641453
CS  19830726 30   555752   584399
CS  19830802 31   516041   560575
CS  19830809 32   497185   537917
CS  19830816 33   422073   504900
CS  19830823 34   398987   481578
CS  19830830 35   387525   463343
CS  19830906 36   417503   502033
CS  19830913 37   390258   463214
CS  19830920 38   457713   531185
CS  19830927 39   480034   538070
CS  19831004 40   514669   548519
CS  19831011 41   507862   527550
CS  19831018 42   493752   509482
CS  19831025 43   619273   649552
CS  19831101 44   679467   731854
CS  19831108 45   710233   744496
CS  19831115 46   680159   719601
CS  19831122 47   707598   744496
CS  19831129 48   710271   744496
CS  19831206 49   717401   744496
CS  19831213 50   713150   744496
CS  19831220 51   711984   742519
CS  19831227 52   723626   744496
CS  19840103 01   721845   744496
CS  19840110 02   725717   744496
CS  19840117 03   726204   744496
CS  19840124 04   725480   744496
CS  19840131 05   725035   744496
CS  19840207 06   723035   742417
CS  19840214 07   725075   744496
CS  19840221 08   724785   744496
CS  19840228 09   744371   744496
CS  19840306 10   743719   743875
CS  19840313 11   744340   744496
CS  19840320 12   742186   744496
CS  19840327 13   734139   743559
CS  19840403 14   735151   744496
CS  19840410 15   735961   744496
CS  19840417 16   739696   742154
CS  19840424 17   741297   744496
CS  19840501 18   742467   744496
CS  19840508 19   726300   743456
CS  19840515 20   716874   743875
CS  19840522 21   714744   743875
CS  19840529 22   710731   729057
CS  19840605 23   707318   729444
CS  19840612 24   661354   684101
CS  19840619 25   643230   674768
CS  19840626 26   600931   691313
CS  19840703 27   558919   619694
CS  19840710 28   557913   609581
CS  19840717 29   524149   586699
CS  19840724 30   520834   576454
CS  19840731 31   485568   538204
CS  19840807 32   393335   441704
CS  19840814 33   385730   442504
CS  19840821 34   360608   414216
CS  19840828 35   350938   472261
CS  19840904 36   339730   463186
CS  19840911 37   316622   424632
CS  19840918 38   248969   356119
CS  19840925 39   232802   347814
CS  19841002 40   223958   310286
CS  19841009 41   289823   339889
CS  19841016 42   330875   387675
CS  19841023 43   389420   409639
CS  19841030 44   437408   456334
CS  19841106 45   497128   513905
CS  19841113 46   563290   577598
CS  19841120 47   665490   685762
CS  19841127 48   710989   744496
CS  19841204 49   716300   743305
CS  19841211 50   720252   742519
CS  19841218 51   721111   743925
CS  19841225 52   717146   741899
CS  19850101 01   720950   744496
CS  19850108 02   718086   740645
CS  19850115 03   726137   744496
CS  19850122 04   726133   742622
CS  19850205 06   731256   744496
CS  19850212 07   742671   744496
CS  19850219 08   739758   743875
CS  19850226 09   743881   744496
CS  19850305 10   730736   744496
CS  19850312 11   741742   743255
CS  19850319 12   732112   744496
CS  19850326 13   730625   744496
CS  19850402 14   744278   744496
CS  19850409 15   742897   744496
CS  19850416 16   744433   744496
CS  19850423 17   734134   735700
CS  19850430 18   744021   744496
CS  19850507 19   743726   744496
CS  19850514 20   742664   744496
CS  19850521 21   731816   744496
CS  19850528 22   717591   744496
CS  19850604 23   720621   744496
CS  19850611 24   702631   740956
CS  19850618 25   699059   744496
CS  19850625 26   668342   689052
CS  19850702 27   668209   699721
CS  19850709 28   625915   658761
CS  19850716 29   558519   592553
CS  19850723 30   484556   530653
CS  19850730 31   474013   496225
CS  19850806 32   407496   457253
CS  19850813 33   413652   449091
CS  19850820 34   380033   416167
CS  19850827 35   352616   405013
CS  19850903 36   322436   394848
CS  19850910 37   251582   291539
CS  19850917 38   305650   367646
CS  19850924 39   391802   450829
CS  19851001 40   402647   456596
CS  19851008 41   434297   470772
CS  19851015 42   476917   513584
CS  19851022 43   515471   537252
CS  19851029 44   610632   649714
CS  19851105 45   632484   681508
CS  19851112 46   712074   743925
CS  19851119 47   707090   744496
CS  19851126 48   720829   742154
CS  19851203 49   712085   744496
CS  19851210 50   726625   742622
CS  19851217 51   727391   744496
CS  19851224 52   728098   742622
CS  19851231 53   725445   734358
CS  19860107 01   733635   740749
CS  19860114 02   737177   744002
CS  19860128 04   737433   743875
CS  19860204 05   738609   744496
CS  19860211 06   729571   735646
CS  19860218 07   737052   744496
CS  19860225 08   743393   743456
CS  19860304 09   743378   744496
CS  19860311 10   735415   743559
CS  19860318 11   743996   744496
CS  19860325 12   743217   743508
CS  19860401 13   744433   744496
CS  19860408 14   741586   741738
CS  19860415 15   739060   742622
CS  19860422 16   738254   743976
CS  19860429 17   730062   744496
CS  19860506 18   706167   742014
CS  19860513 19   670163   724316
CS  19860520 20   676947   710735
CS  19860527 21   628987   657660
CS  19860603 22   602011   663208
CS  19860610 23   568658   622321
CS  19860617 24   541980   632842
CS  19860624 25   552233   619260
CS  19860701 26   478723   568461
CS  19860708 27   436623   520124
CS  19860715 28   424526   520805
CS  19860722 29   384021   464999
CS  19860729 30   331164   437438
CS  19860805 31   254655   364748
CS  19860812 32   254754   366450
CS  19860819 33   234911   320796
CS  19860826 34   236229   325771
CS  19860902 35   266640   333960
CS  19860909 36   207153   277309
CS  19860916 37   183208   284257
CS  19860923 38   209371   310497
CS  19860930 39   194721   322166
CS  19861007 40   243966   382369
CS  19861014 41   415964   467664
CS  19861021 42   483984   558665
CS  19861028 43   520004   572979
CS  19861104 44   549390   596131
CS  19861111 45   555351   607112
CS  19861118 46   552446   612970
CS  19861125 47   607583   689850
CS  19861203 48   697624   744496
CS  19861210 49   699476   742284
CS  19861217 50   706753   742519
CS  19861223 51   708499   744496
CS  19861231 52   709030   744496
CS  19870106 01   708849   744496
CS  19870113 02   708734   744496
CS  19870120 03   708961   744496
CS  19870127 04   726213   744496
CS  19870203 05   709784   744496
CS  19870210 06   724509   744496
CS  19870217 07   709535   744496
CS  19870224 08   711822   744496
CS  19870303 09   725239   742634
CS  19870310 10   725307   742519
CS  19870317 11   727627   744496
CS  19870324 12   729126   744496
CS  19870331 13   729460   744496
CS  19870407 14   729299   744496
CS  19870414 15   728928   744496
CS  19870421 16   729291   744496
CS  19870428 17   729421   744496
CS  19870505 18   728651   744496
CS  19870512 19   728580   744496
CS  19870519 20   703952   725255
CS  19870526 21   703485   726508
CS  19870602 22   673455   705728
CS  19870609 23   646737   695654
CS  19870616 24   644957   687577
CS  19870623 25   607446   663098
CS  19870630 26   563050   620470
CS  19870707 27   528725   598151
CS  19870714 28   510202   562783
CS  19870721 29   502877   563033
CS  19870728 30   481008   554913
CS  19870804 31   424651   501558
CS  19870811 32   348993   447826
CS  19870818 33   331551   450385
CS  19870825 34   303223   407033
CS  19870901 35   275404   370083
CS  19870908 36   263852   377132
CS  19870915 37   274054   380758
CS  19870922 38   343301   435423
CS  19870929 39   344710   433985
CS  19871006 40   349952   415868
CS  19871013 41   384902   433202
CS  19871020 42   399878   429876
CS  19871027 43   440943   486080
CS  19871103 44   500747   552036
CS  19871110 45   584410   613783
CS  19871117 46   671605   696504
CS  19871124 47   694384   734692
CS  19871201 48   725225   744496
CS  19871208 49   726536   744496
CS  19871215 50   727280   744496
CS  19871222 51   723003   739629
CS  19871228 52   728203   744496
CS  19880105 01   725848   742622
CS  19880112 02   727454   744496
CS  19880119 03   730467   744496
CS  19880126 04   729218   742622
CS  19880202 05   719699   732959
CS  19880209 06   721951   742154
CS  19880216 07   728811   744496
CS  19880223 08   739473   744496
CS  19880301 09   736958   744496
CS  19880308 10   740640   744496
CS  19880315 11   744104   744496
CS  19880322 12   739753   740307
CS  19880329 13   744014   744496
CS  19880405 14   743197   744496
CS  19850412 15   736535   742726
CS  19880419 16   726124   740956
CS  19880426 17   714932   739946
CS  19880503 18   709191   735154
CS  19880510 19   714363   742417
CS  19880517 20   699014   724948
CS  19880524 21   699593   721141
CS  19880531 22   692303   714590
CS  19880607 23   680632   725273
CS  19880614 24   675909   721994
CS  19880621 25   673997   730675
CS  19880628 26   655533   742014
CS  19880705 27   610700   668633
CS  19880712 28   567730   650203
CS  19880719 29   561976   656525
CS  19880726 30   494920   576286
CS  19880802 31   468025   560293
CS  19880809 32   407126   526853
CS  19880816 33   378683   523415
CS  19880823 34   347963   498451
CS  19880830 35   361799   446084
CS  19880906 36   419342   506385
CS  19880913 37   388163   475303
CS  19880920 38   421642   524781
CS  19880927 39   430446   517638
CS  19881004 40   441207   538364
CS  19881011 41   536404   602207
CS  19881018 42   543583   599557
CS  19881025 43   596596   639106
CS  19881101 44   638797   685220
CS  19881108 45   672919   709581
CS  19881115 46   693496   739922
CS  19881122 47   704684   742622
CS  19881129 48   723478   744496
CS  19881206 49   719132   738464
CS  19881213 50   725439   744496
CS  19881220 51   723060   742154
CS  19881227 52   726120   744496
CS  19890103 01   724377   744496
CS  19890110 02   723702   744496
CS  19890117 03   721859   742622
CS  19890124 04   722267   742622
CS  19890131 05   719932   738899
CS  19890207 06   721897   742025
CS  19890214 07   715030   739812
CS  19890221 08   720868   744496
CS  19890228 09   686701   713419
CS  19890307 10   723256   744496
CS  19890314 11   721261   742417
CS  19890321 12   723284   744496
CS  19890328 13   721465   742154
CS  19890404 14   722968   742622
CS  19890411 15   700621   734294
CS  19890418 16   670665   744496
CS  19890425 17   719094   744496
CS  19890502 18   725420   744496
CS  19890509 19   725995   742417
CS  19890516 20   706415   722471
CS  19890523 21   686829   718685
CS  19890530 22   657407   718951
CS  19890606 23   638334   726817
CS  19890613 24   617674   682329
CS  19890620 25   579173   627521
CS  19890627 26   545982   599530
CS  19890704 27   501092   557214
CS  19890711 28   454686   532115
CS  19890718 29   400723   498217
CS  19890725 30   405520   469261
CS  19890801 31   360258   471804
CS  19890808 32   343113   465650
CS  19890815 33   299032   382373
CS  19890822 34   228997   317292
CS  19890829 35   236005   304969
CS  19890905 36   200788   296378
CS  19890912 37   224518   319814
CS  19890919 38   228591   334844
CS  19890926 39   270510   367420
CS  19891003 40   190721   299366
CS  19891010 41   210598   301914
CS  19891017 42   332925   388729
CS  19891024 43   387621   437198
CS  19891031 44   465663   494443
CS  19891107 45   496796   536224
CS  19891114 46   585946   635092
CS  19891121 47   693948   740872
CS  19891128 48   718458   744080
CS  19891205 49   720261   744496
CS  19891212 50   720775   742154
CS  19891219 51   723038   744496
CS  19891226 52   723283   744496
CS  19900102 01   723350   744496
CS  19900109 02   717838   744496
CS  19900116 03   720601   744496
CS  19900123 04   711615   744496
CS  19900130 05   708661   736590
CS  19900206 06   704577   738614
CS  19900213 07   740941   744496
CS  19900220 08   741637   744496
CS  19900227 09   657454   661641
CS  19900306 10   737312   743976
CS  19900313 11   741865   742622
CS  19900320 12   741695   744496
CS  19900327 13   742382   744496
CS  19900403 14   742956   744496
CS  19900410 15   737613   744496
CS  19900417 16   732636   741789
CS  19900424 17   735157   744496
CS  19900501 18   732628   744496
CS  19900508 19   732247   744496
CS  19900515 20   714899   741531
CS  19900522 21   712697   736858
CS  19900529 22   704695   729913
CS  19900605 23   644427   703244
CS  19900612 24   622207   718934
CS  19900619 25   612922   687222
CS  19900626 26   578011   630552
CS  19900703 27   494534   572170
CS  19900710 28   431529   515966
CS  19900717 29   406379   510662
CS  19900724 30   334713   425535
CS  19900731 31   275561   392047
CS  19900807 32   239503   362840
CS  19900814 33   196331   313672
CS  19900821 34    81461   141107
CS  19900828 35    48842    56891
CS  19900904 36    36632    63190
CS  19900911 37    66936    79663
CS  19900918 38    86340   140095
CS  19900925 39   114642   187595
CS  19901002 40   148515   191396
CS  19901009 41   210864   234124
CS  19901016 42   263641   284626
CS  19901023 43   325740   344023
CS  19901030 44   386718   407074
CS  19901106 45   430213   473742
CS  19901113 46   550226   608280
CS  19901120 47   645694   684286
CS  19901127 48   710566   742284
CS  19901204 49   732883   744496
CS  19901211 50   728310   742414
CS  19901218 51   726962   741399
CS  19901224 52   732100   742258
CS  19910101 01   731716   740748
CS  19910108 02   739360   743559
CS  19910115 03   742132   744496
CS  19910122 04   734681   743013
CS  19910129 05   731576   737394
CS  19910205 06   739902   744496
CS  19910212 07   739386   742284
CS  19910219 08   730732   740280
CS  19910226 09   738453   742622
CS  19910305 10   742281   744496
CS  19910312 11   713684   742284
CS  19910319 12   710318   740749
CS  19910402 14   711253   739577
CS  19910409 15   695834   729980
CS  19910416 16   715835   744496
CS  19910423 17   711715   744496
CS  19910430 18   691824   733876
CS  19910507 19   702831   738614
CS  19910514 20   684037   740852
CS  19910521 21   657055   740697
CS  19910528 22   666457   743013
CS  19910604 23   669068   734960
CS  19910611 24   605567   687889
CS  19910618 25   551523   647765
CS  19910625 26   557037   647973
CS  19910702 27   491311   679202
CS  19910709 28   469560   555813
CS  19910716 29   448945   537918
CS  19910723 30   419909   488959
CS  19910730 31   371373   453887
CS  19910806 32   364976   479979
CS  19910813 33   385591   484724
CS  19910820 34   357585   443942
CS  19910827 35   343430   435221
CS  19910903 36   244396   309883
CS  19910910 37   255402   304654
CS  19910917 38   225166   276162
CS  19910924 39   233253   294930
CS  19911001 40   205069   269009
CS  19911008 41   242449   292660
CS  19911015 42   226818   283390
CS  19911022 43   367326   401670
CS  19911029 44   488747   523590
CS  19911105 45   448411   481904
CS  19911112 46   486711   511676
CS  19911119 47   543466   571816
CS  19911126 48   704598   739547
CS  19911203 49   693997   743925
CS  19911210 50   702617   738301
CS  19911217 51   699023   744496
CS  19911224 52   709039   744496
CS  19921231 01   709514   744496
CS  19920107 02   709852   744496
CS  19920114 03   710085   744496
CS  19920121 04   710103   744496
CS  19920128 05   709712   744496
CS  19920204 06   709980   744496
CS  19920211 07   709513   744496
CS  19920218 08   709706   744496
CS  19920225 09   709776   744496
CS  19920303 10   709806   744496
CS  19920310 11   710327   744496
CS  19920317 12   710464   744496
CS  19920324 13   708101   742315
CS  19920331 14   710751   744496
CS  19920407 15   711358   744496
CS  19920414 16   710485   744496
CS  19920421 17   710651   744496
CS  19920428 18   710624   744496
CS  19920505 19   708098   742634
CS  19920512 20   710433   744496
CS  19920519 21   696460   744496
CS  19920526 22   681153   744496
CS  19920602 23   665476   744496
CS  19920609 24   635001   744496
CS  19920616 25   618809   744496
CS  19920623 26   595537   742610
CS  19920630 27   557517   662722
CS  19920707 28   447148   543686
CS  19920714 29   419170   501439
CS  19920721 30   352105   429001
CS  19920728 31   314415   393189
CS  19920804 32   294634   388176
CS  19920811 33   268578   313274
CS  19920818 34   193868   300999
CS  19920825 35   175174   277870
CS  19920901 36   158632   265357
CS  19920908 37   196370   304795
CS  19920915 38   317973   401094
CS  19920922 39   361060   440769
CS  19920929 40   388540   465037
CS  19921006 41   396739   472545
CS  19921013 42   126413   166841
CS  19921020 43   395775   471680
CS  19921027 44   482513   527108
CS  19921103 45   511417   558550
CS  19921110 46   509347   566747
CS  19921117 47   647791   717518
CS  19921124 48   706897   744496
CS  19921201 49   706417   744002
CS  19921208 50   706779   742937
CS  19921215 51   708150   743900
CS  19921222 52   708944   744496
CS  19930105 01   706210   744496
CS  19930112 02   706365   744496
CS  19930119 03   706816   743951
CS  19930126 04   707909   744496
CS  19930202 05   709716   744496
CS  19930209 06   708866   744496
CS  19930216 07   706965   744496
CS  19930223 08   707483   744496
CS  19930302 09   709452   744496
CS  19930309 10   709002   744496
CS  19930316 11   708464   743900
CS  19930323 12   708947   744496
CS  19930330 13   709621   744496
CS  19930406 14   705776   741818
CS  19930413 15   707202   742519
CS  19930420 16   709525   744496
CS  19930427 17   707803   744496
CS  19930504 18   708417   743900
CS  19930511 19   707774   743875
CS  19930518 20   697180   744496
CS  19930525 21   633867   744002
CS  19930601 22   597538   743255
CS  19930608 23   579213   733922
CS  19930615 24   545452   652924
CS  19930622 25   550072   634007
CS  19930629 26   502709   577863
CS  19930706 27   438715   547716
CS  19930713 28   381527   494251
CS  19930720 29   349063   479386
CS  19930727 30   313452   443096
CS  19930803 31   205490   367807
CS  19930810 32   144357   275222
CS  19930817 33   157809   371210
CS  19930824 34   116814   244146
CS  19930831 35   120299   334208
CS  19930907 36   108699   288121
CS  19930914 37    66623   127290
CS  19930921 38    18772    44217
CS  19930928 39    69653   141499
CS  19931005 40   169593   228579
CS  19931012 41   250389   313080
CS  19931019 42   269583   348401
CS  19931026 43   371437   431376
CS  19931102 44   379920   433981
CS  19931109 45   373496   453986
CS  19931116 46   485630   571387
CS  19931123 47   566958   647791
CS  19931130 48   686261   744496
CS  19931207 49   703480   742836
CS  19931214 50   706490   743330
CS  19931221 51   690729   744496
CS  19931228 52   695316   743875
CS  19940104 01   681214   744496
CS  19940111 02   709630   744496
CS  19940118 03   709086   744496
CS  19940125 04   709340   744496
CS  19940201 05   710146   744496
CS  19940208 06   709031   744496
CS  19940215 07   708337   744496
CS  19940222 08   709655   744496
CS  19940301 09   709597   744496
CS  19940308 10   709211   744496
CS  19940315 11   708060   742519
CS  19940322 12   710323   744496
CS  19940329 13   710156   744496
CS  19940405 14   710636   744496
CS  19940412 15   711108   744496
CS  19940419 16   709870   744496
CS  19940426 17   711185   744496
CS  19940503 18   709831   744496
CS  19940510 19   709247   744496
CS  19940517 20   705486   744496
CS  19940524 21   701754   743925
CS  19940531 22   678212   744496
CS  19940607 23   683177   744496
CS  19940614 24   658574   742710
CS  19940621 25   636068   714090
CS  19940628 26   611119   698058
CS  19940705 27   610403   699895
CS  19940712 28   580375   638025
CS  19940719 29   530728   604653
CS  19940726 30   526306   598070
CS  19940802 31   477561   556156
CS  19940809 32   415303   521445
CS  19940816 33   391939   496919
CS  19940823 34   339563   424734
CS  19940830 35   324628   477397
CS  19940906 36   343788   462981
CS  19940913 37   318539   407559
CS  19940920 38   339011   414149
CS  19940927 39   421987   478256
CS  19941004 40   451704   509573
CS  19941011 41   520552   581821
CS  19941018 42   552146   627558
CS  19941025 43   575482   656593
CS  19941101 44   630055   709879
CS  19941108 45   603789   743875
CS  19941115 46   698441   743559
CS  19941122 47   705277   744496
CS  19941129 48   708794   744496
CS  19941206 49   707113   743091
CS  19941213 50   708248   743875
CS  19941220 51   665983   700801
CS  19941227 52   708151   743875