UNIVERSE,MONTH,YEAR,AGE,TOT_POP,TOT_MALE,TOT_FEMALE,WA_MALE,WA_FEMALE,BA_MALE,BA_FEMALE,IA_MALE,IA_FEMALE,AA_MALE,AA_FEMALE,NA_MALE,NA_FEMALE,TOM_MALE,TOM_FEMALE,WAC_MALE,WAC_FEMALE,BAC_MALE,BAC_FEMALE,IAC_MALE,IAC_FEMALE,AAC_MALE,AAC_FEMALE,NAC_MALE,NAC_FEMALE,NH_MALE,NH_FEMALE,NHWA_MALE,NHWA_FEMALE,NHBA_MALE,NHBA_FEMALE,NHIA_MALE,NHIA_FEMALE,NHAA_MALE,NHAA_FEMALE,NHNA_MALE,NHNA_FEMALE,NHTOM_MALE,NHTOM_FEMALE,NHWAC_MALE,NHWAC_FEMALE,NHBAC_MALE,NHBAC_FEMALE,NHIAC_MALE,NHIAC_FEMALE,NHAAC_MALE,NHAAC_FEMALE,NHNAC_MALE,NHNAC_FEMALE,H_MALE,H_FEMALE,HWA_MALE,HWA_FEMALE,HBA_MALE,HBA_FEMALE,HIA_MALE,HIA_FEMALE,HAA_MALE,HAA_FEMALE,HNA_MALE,HNA_FEMALE,HTOM_MALE,HTOM_FEMALE,HWAC_MALE,HWAC_FEMALE,HBAC_MALE,HBAC_FEMALE,HIAC_MALE,HIAC_FEMALE,HAAC_MALE,HAAC_FEMALE,HNAC_MALE,HNAC_FEMALE
R,8,2008,999,304747779,150303119,154444660,120630384,122537499,18738083,20513638,1493605,1488386,6680898,7093095,279455,269740,2480694,2542302,122791199,124737281,19762505,21581474,2269823,2316448,7612620,8025206,521279,515862,125940797,131703805,98049977,101564370,17858675,19607703,1142735,1174638,6533221,6944064,213839,210775,2142350,2202255,99908536,103462570,18722014,20512685,1804079,1886517,7366475,7775376,421681,422253,24362322,22740855,22580407,20973129,879408,905935,350870,313748,147677,149031,65616,58965,338344,340047,22882663,21274711,1040491,1068789,465744,429931,246145,249830,99598,93609
R,8,2008,0,4305844,2203769,2102075,1657159,1580193,342697,327382,22855,21817,96287,91814,4487,4279,80284,76590,1731483,1651095,391915,374335,29081,27758,125246,119444,7174,6842,1660815,1584565,1160493,1106818,316593,302492,19679,18780,92323,88044,2941,2807,68786,65624,1224136,1167536,359132,343072,24449,23330,117400,111970,5182,4948,542954,517510,496666,473375,26104,24890,3176,3037,3964,3770,1546,1472,11498,10966,507347,483559,32783,31263,4632,4428,7846,7474,1992,1894
R,8,2008,1,4263843,2182205,2081638,1647452,1568359,336228,323874,22347,21533,96214,91431,4486,4180,75478,72261,1717138,1635041,381840,367602,28409,27354,123985,117996,7106,6694,1650450,1574335,1160782,1104151,310746,299364,19246,18521,92302,87743,2962,2763,64412,61793,1220205,1161098,349919,336999,23872,23022,116378,110775,5141,4883,531755,507303,486670,464208,25482,24510,3101,3012,3912,3688,1524,1417,11066,10468,496933,473943,31921,30603,4537,4332,7607,7221,1965,1811
R,8,2008,2,4200885,2148622,2052263,1623080,1543496,330677,322701,21849,21193,95758,90828,4482,3963,72776,70082,1690265,1608024,374398,364952,27744,26950,122756,116733,7002,6446,1621836,1548032,1140892,1081882,305477,298175,18797,18181,91822,87208,2961,2634,61887,59952,1197987,1136970,342863,334542,23267,22673,115204,109684,5027,4744,526786,504231,482188,461614,25200,24526,3052,3012,3936,3620,1521,1329,10889,10130,492278,471054,31535,30410,4477,4277,7552,7049,1975,1702
R,8,2008,3,4126438,2111449,2014989,1599355,1520644,320711,310934,21217,20882,95441,90699,4389,3984,70336,67846,1664230,1583207,362713,351500,27005,26534,121653,116016,6894,6368,1603514,1529509,1132647,1074796,297756,288875,18215,17946,91894,87236,2955,2659,60047,57997,1187951,1128151,333802,323769,22619,22315,114726,109231,5042,4687,507935,485480,466708,445848,22955,22059,3002,2936,3547,3463,1434,1325,10289,9849,476279,455056,28911,27731,4386,4219,6927,6785,1852,1681
R,8,2008,4,4118938,2106546,2012392,1607280,1530562,311243,301825,20902,20069,94247,90077,4146,3783,68728,66076,1670802,1591662,352124,341134,26536,25716,120104,114669,6456,5981,1616116,1541912,1150432,1092595,294572,285728,18025,17256,91215,87105,2941,2674,58931,56554,1204716,1144716,329851,319616,22392,21604,113812,108578,4881,4528,490430,470480,456848,437967,16671,16097,2877,2813,3032,2972,1205,1109,9797,9522,466086,446946,22273,21518,4144,4112,6292,6091,1575,1453
R,8,2008,5,4083371,2088912,1994459,1599584,1522805,305213,296123,20296,19764,93237,88903,3936,3545,66646,63319,1661178,1581325,345029,333979,25905,25168,117809,112043,6362,5932,1611261,1537034,1151087,1093169,292091,283609,17475,16946,90809,86542,2954,2669,56845,54099,1203510,1143083,326307,316306,21785,21151,112222,106599,4873,4538,477651,457425,448497,429636,13122,12514,2821,2818,2428,2361,982,876,9801,9220,457668,438242,18722,17673,4120,4017,5587,5444,1489,1394
R,8,2008,6,4050251,2069728,1980523,1586365,1511836,306823,298987,19953,19443,89064,85324,3512,3428,64011,61505,1645375,1568544,345294,336029,25491,24790,111874,107243,6347,6102,1604589,1534479,1147282,1090877,295576,288120,17256,16879,87195,83486,2772,2709,54508,52408,1197509,1139137,328668,320006,21584,21059,106978,102515,4880,4732,465139,446044,439083,420959,11247,10867,2697,2564,1869,1838,740,719,9503,9097,447866,429407,16626,16023,3907,3731,4896,4728,1467,1370
R,8,2008,7,4103105,2096009,2007096,1604512,1530438,314783,306450,20014,19464,90196,86123,3413,3335,63091,61286,1662669,1586961,352768,343416,25442,24939,112651,107795,6174,5965,1637506,1567853,1172264,1116581,302965,295064,17395,16849,88233,84376,2685,2645,53964,52338,1221944,1164767,335805,326901,21637,21119,107782,103319,4786,4640,458503,439243,432248,413857,11818,11386,2619,2615,1963,1747,728,690,9127,8948,440725,422194,16963,16515,3805,3820,4869,4476,1388,1325
R,8,2008,8,3970027,2031868,1938159,1554877,1475667,301362,292983,22792,21883,83001,79979,4043,3921,65793,63726,1614900,1533785,336817,327740,34407,33191,106990,102953,8647,8266,1594640,1522597,1152681,1093827,285276,277602,17240,16550,80123,77234,2934,2832,56386,54552,1204218,1143666,316058,307717,26277,25300,101101,97324,6550,6263,437228,415562,402196,381840,16086,15381,5552,5333,2878,2745,1109,1089,9407,9174,410682,390119,20759,20023,8130,7891,5889,5629,2097,2003
R,8,2008,9,3902368,1995553,1906815,1527245,1450170,294113,285516,24166,23232,79540,79691,4519,4246,65970,63960,1587078,1508210,328025,318789,38545,37140,103693,102800,9975,9337,1581651,1510444,1151202,1090719,276463,268344,17365,16772,76359,76573,3210,3003,57052,55033,1203092,1140848,306322,297427,28684,27605,97536,96776,7576,7050,413902,396371,376043,359451,17650,17172,6801,6460,3181,3118,1309,1243,8918,8927,383986,367362,21703,21362,9861,9535,6157,6024,2399,2287
R,8,2008,10,3921235,2005053,1916182,1531824,1454962,299846,290643,24178,23194,81291,81480,4441,4197,63473,61706,1589345,1510857,332358,322712,38098,36585,104403,103720,9762,9238,1593203,1523327,1156997,1098177,282460,273705,17515,16849,78205,78481,3201,2980,54825,53135,1206796,1146419,310987,301806,28400,27310,98523,97950,7528,7024,411850,392855,374827,356785,17386,16938,6663,6345,3086,2999,1240,1217,8648,8571,382549,364438,21371,20906,9698,9275,5880,5770,2234,2214
R,8,2008,11,3933434,2010589,1922845,1538363,1462852,300301,290881,23898,23202,83242,82801,4435,4131,60350,58978,1592913,1516073,330751,320739,37525,36357,105400,104513,9521,9212,1600644,1532103,1164696,1107201,283070,274308,17349,16830,80200,79849,3192,2950,52137,50965,1211943,1153280,309795,300456,28082,27190,99704,99001,7287,7067,409945,390742,373667,355651,17231,16573,6549,6372,3042,2952,1243,1181,8213,8013,380970,362793,20956,20283,9443,9167,5696,5512,2234,2145
R,8,2008,12,4012086,2052721,1959365,1573816,1492672,305429,297234,24498,23527,85093,84139,4508,4306,59377,57487,1627409,1544400,334896,326107,38382,36888,106950,105249,9726,9273,1640411,1565984,1197648,1133868,288293,280770,17791,17213,82058,81310,3250,3113,51371,49710,1244111,1178731,314097,306189,28810,27845,101377,99769,7511,7120,412310,393381,376168,358804,17136,16464,6707,6314,3035,2829,1258,1193,8006,7777,383298,365669,20799,19918,9572,9043,5573,5480,2215,2153
R,8,2008,13,4086750,2093678,1993072,1601336,1516767,320405,310044,24683,23817,84592,82260,4625,4389,58037,55795,1653373,1566665,348706,337772,38687,37217,106052,102652,9914,9418,1679719,1598609,1223391,1156969,303061,293298,18025,17431,81681,79411,3331,3183,50230,48317,1268515,1200269,327838,317624,29227,28189,100678,97380,7631,7269,413959,394463,377945,359798,17344,16746,6658,6386,2911,2849,1294,1206,7807,7478,384858,366396,20868,20148,9460,9028,5374,5272,2283,2149
R,8,2008,14,4116748,2108106,2008642,1607043,1523560,330225,321286,25494,24731,85149,80389,4717,4536,55478,54140,1656650,1571891,356768,347770,39604,38477,105617,99980,9895,9468,1699885,1618714,1234235,1168159,313052,304354,18918,18320,82220,77588,3479,3361,47981,46932,1277184,1210109,336172,327540,30273,29459,100391,94919,7756,7410,408221,389928,372808,355401,17173,16932,6576,6411,2929,2801,1238,1175,7497,7208,379466,361782,20596,20230,9331,9018,5226,5061,2139,2058
R,8,2008,15,4200431,2153046,2047385,1639391,1551758,343535,332303,26338,25686,85391,80845,4640,4487,53751,52306,1687380,1598288,368499,357099,40524,39810,105505,99840,9680,9462,1745717,1659441,1267491,1197910,326190,315629,19551,19117,82512,78136,3414,3350,46559,45299,1309140,1238289,347999,337311,31031,30582,100319,94928,7573,7430,407329,387944,371900,353848,17345,16674,6787,6569,2879,2709,1226,1137,7192,7007,378240,359999,20500,19788,9493,9228,5186,4912,2107,2032
R,8,2008,16,4281058,2191152,2089906,1672755,1587142,347564,338687,27550,26966,85998,80877,4828,4521,52457,51713,1719393,1632959,371033,362448,42287,41530,105762,99850,9920,9556,1785009,1703132,1301408,1234632,330709,322052,20696,20327,83149,78100,3614,3359,45433,44662,1341805,1274235,351137,342697,32737,32166,100753,94880,7819,7553,406143,386774,371347,352510,16855,16635,6854,6639,2849,2777,1214,1162,7024,7051,377588,358724,19896,19751,9550,9364,5009,4970,2101,2003
R,8,2008,17,4342187,2224127,2118060,1700220,1611374,353496,343652,27922,27306,85843,80615,4852,4611,51794,50502,1746066,1655982,375869,365845,42981,42124,105699,99565,10063,9734,1821648,1737651,1332357,1264822,336518,327160,21105,20649,83077,77912,3648,3460,44943,43648,1372189,1303400,356008,346460,33472,32747,100748,94688,7975,7734,402479,380409,367863,346552,16978,16492,6817,6657,2766,2703,1204,1151,6851,6854,373877,352582,19861,19385,9509,9377,4951,4877,2088,2000
R,8,2008,18,4436405,2276740,2159665,1744519,1645080,359752,350573,28623,27739,87863,82060,4796,4668,51187,49545,1789757,1688749,381108,371775,44068,42944,107562,100715,10082,9697,1872994,1781538,1375217,1300344,343016,334245,21726,21089,85034,79455,3633,3537,44368,42868,1414466,1338168,361477,352628,34494,33591,102626,95991,8013,7723,403746,378127,369302,344736,16736,16328,6897,6650,2829,2605,1163,1131,6819,6677,375291,350581,19631,19147,9574,9353,4936,4724,2069,1974
R,8,2008,19,4296211,2205400,2090811,1693741,1596239,343109,334281,27891,26940,88028,82161,4734,4476,47897,46714,1736032,1637242,362443,353530,42950,41817,106568,99988,9767,9278,1819687,1735435,1340968,1271650,327330,319333,20950,20672,85328,79762,3577,3390,41534,40628,1377636,1307348,344002,336056,33432,33052,101898,95718,7789,7409,385713,355376,352773,324589,15779,14948,6941,6268,2700,2399,1157,1086,6363,6086,358396,329894,18441,17474,9518,8765,4670,4270,1978,1869
R,8,2008,20,4238247,2177243,2061004,1681916,1580323,329959,322608,27699,26575,87497,82340,4727,4387,45445,44771,1721905,1619663,347735,340633,42451,41275,105234,99417,9534,9059,1791050,1709632,1327575,1259229,314749,308024,20981,20188,84864,79939,3578,3378,39303,38874,1362147,1293440,330034,323579,33205,32380,100669,95195,7599,7330,386193,351372,354341,321094,15210,14584,6718,6387,2633,2401,1149,1009,6142,5897,359758,326223,17701,17054,9246,8895,4565,4222,1935,1729
R,8,2008,21,4201301,2159643,2041658,1676809,1571113,320408,314584,27320,26046,86497,82210,4689,4366,43920,43339,1715242,1608974,337247,331844,42169,40660,103425,98670,9489,8850,1773435,1694506,1321655,1253663,305574,300406,20603,19635,84015,79815,3527,3343,38061,37644,1354919,1286535,319998,315274,33036,31804,99152,94574,7591,7140,386208,347152,355154,317450,14834,14178,6717,6411,2482,2395,1162,1023,5859,5695,360323,322439,17249,16570,9133,8856,4273,4096,1898,1710
R,8,2008,22,4235095,2181860,2053235,1698608,1584336,318485,311213,27586,25940,89388,85194,4773,4424,43020,42128,1736133,1620926,334269,327428,42617,40768,106220,101284,9567,8987,1787619,1706855,1335436,1267058,303603,297292,20753,19697,86942,82859,3641,3400,37244,36549,1367848,1298753,317134,311178,33252,32161,102053,97247,7687,7280,394241,346380,363172,317278,14882,13921,6833,6243,2446,2335,1132,1024,5776,5579,368285,322173,17135,16250,9365,8607,4167,4037,1880,1707
R,8,2008,23,4272688,2205031,2067657,1721979,1597505,317230,309597,27596,26109,91642,88521,4856,4447,41728,41478,1758257,1633505,332052,325121,42549,41031,108300,104598,9555,8928,1799498,1717606,1347147,1276219,302746,295984,20614,19844,89165,86175,3680,3436,36146,35948,1378521,1307387,315380,309277,33120,32356,104134,100538,7645,7237,405533,350051,374832,321286,14484,13613,6982,6265,2477,2346,1176,1011,5582,5530,379736,326118,16672,15844,9429,8675,4166,4060,1910,1691
R,8,2008,24,4208639,2176806,2031833,1699346,1568170,310259,301318,27222,25688,94717,92080,5067,4484,40195,40093,1734125,1602810,324267,315831,41883,40300,110747,107792,9780,9091,1758614,1681569,1312465,1246246,295485,287815,20016,19532,92203,89779,3842,3457,34603,34740,1342328,1276186,307267,300230,32216,31755,106570,103878,7836,7353,418192,350264,386881,321924,14774,13503,7206,6156,2514,2301,1225,1027,5592,5353,391797,326624,17000,15601,9667,8545,4177,3914,1944,1738
R,8,2008,25,4275908,2215805,2060103,1733590,1590849,311502,302542,27891,25732,98252,97152,5009,4523,39561,39305,1767697,1624526,325067,316534,42588,40367,113972,112729,9700,9052,1770682,1697722,1320600,1256997,296490,288837,20245,19516,95691,94850,3697,3485,33959,34037,1349750,1286090,307782,300745,32507,31827,109799,108835,7697,7342,445123,362381,412990,333852,15012,13705,7646,6216,2561,2302,1312,1038,5602,5268,417947,338436,17285,15789,10081,8540,4173,3894,2003,1710
R,8,2008,26,4319869,2229289,2090580,1745723,1610772,308661,307036,27220,24805,104147,103775,5178,4777,38360,39415,1778430,1644301,321566,321086,41547,39218,119650,119604,9876,9628,1761884,1716020,1311343,1265515,293049,292818,19285,18655,101578,101315,3790,3718,32839,33999,1339222,1294347,303731,304589,31129,30725,115509,115544,7823,7882,467405,374560,434380,345257,15612,14218,7935,6150,2569,2460,1388,1059,5521,5416,439208,349954,17835,16497,10418,8493,4141,4060,2053,1746
R,8,2008,27,4360910,2228940,2131970,1747192,1640145,303273,312573,26523,24432,109564,111469,5409,5032,36979,38319,1778313,1672127,315338,326521,40112,37910,125133,127286,10475,10111,1754329,1751987,1306032,1290460,287266,297350,18535,18285,106901,108923,3946,3929,31649,33040,1332430,1317873,297058,309023,29869,29560,121030,123170,8378,8330,474611,379983,441160,349685,16007,15223,7988,6147,2663,2546,1463,1103,5330,5279,445883,354254,18280,17498,10243,8350,4103,4116,2097,1781
R,8,2008,28,4367292,2229413,2137879,1745667,1638857,303901,316434,26190,23846,112946,116580,5640,5034,35069,37128,1774903,1669769,315591,329945,38918,36875,127737,132047,10515,9977,1739480,1750516,1289903,1282016,287477,301027,18076,17699,110181,113976,4120,3949,29723,31849,1314452,1308348,296768,312183,28604,28542,123544,127920,8386,8235,489933,387363,455764,356841,16424,15407,8114,6147,2765,2604,1520,1085,5346,5279,460451,361421,18823,17762,10314,8333,4193,4127,2129,1742
R,8,2008,29,4163608,2126173,2037435,1667139,1558552,282940,299747,24627,22213,113539,117946,5451,4906,32477,34071,1694095,1586832,293895,312119,36488,34236,127222,132162,9923,9434,1654091,1663508,1227607,1214363,267250,284415,16966,16333,110851,115416,3993,3863,27424,29118,1250112,1238375,275931,294532,26712,26282,123218,128270,7873,7836,472082,373927,439532,344189,15690,15332,7661,5880,2688,2530,1458,1043,5053,4953,443983,348457,17964,17587,9776,7954,4004,3892,2050,1598
R,8,2008,30,4037915,2061131,1976784,1621738,1515608,266769,284157,23520,21376,113423,119088,5300,4734,30381,31821,1647085,1541937,276780,295608,34649,32508,126358,132662,9359,8909,1592701,1604154,1185047,1171763,251329,269129,16055,15785,110830,116537,3884,3716,25556,27224,1206138,1194093,259105,278417,25151,25072,122626,128866,7382,7343,468430,372630,436691,343845,15440,15028,7465,5591,2593,2551,1416,1018,4825,4597,440947,347844,17675,17191,9498,7436,3732,3796,1977,1566
R,8,2008,31,3986853,2030500,1956353,1597504,1496664,258791,280474,23387,21326,116780,122893,5274,4668,28764,30328,1621344,1521840,268162,291363,33973,31879,129204,135927,9189,8639,1569269,1581112,1167062,1150077,244147,265453,15949,15699,114213,120458,3859,3598,24039,25827,1186765,1171354,251349,274171,24567,24447,125418,132232,7263,7045,461231,375241,430442,346587,14644,15021,7438,5627,2567,2435,1415,1070,4725,4501,434579,350486,16813,17192,9406,7432,3786,3695,1926,1594
R,8,2008,32,3875325,1970544,1904781,1548201,1453767,246275,269681,22386,20352,121368,127583,5069,4557,27245,28841,1570736,1477547,254969,279784,32497,30584,133189,140047,8812,8345,1517949,1532036,1125149,1108968,232220,255048,15157,14969,118928,125142,3672,3493,22823,24416,1143791,1128945,238861,263104,23473,23414,129634,136389,6911,6736,452595,372745,423052,344799,14055,14633,7229,5383,2440,2441,1397,1064,4422,4425,426945,348602,16108,16680,9024,7170,3555,3658,1901,1609
R,8,2008,33,3968781,2014343,1954438,1583439,1491476,249771,275250,21786,20116,127832,134813,4960,4423,26555,28360,1605283,1514922,258226,285067,31645,30055,139364,147134,8560,8150,1566240,1582090,1164223,1146757,235940,260458,14834,14949,125442,132453,3617,3428,22184,24045,1182246,1166460,242336,268196,22915,23196,135901,143653,6762,6681,448103,372348,419216,344719,13831,14792,6952,5167,2390,2360,1343,995,4371,4315,423037,348462,15890,16871,8730,6859,3463,3481,1798,1469
R,8,2008,34,3874561,1960612,1913949,1538904,1459807,241683,268352,21166,19657,128638,134888,4671,4260,25550,26985,1559884,1482147,249623,277478,30667,29387,140044,146682,8163,7711,1533435,1552590,1139063,1125035,228493,254176,14615,14548,126261,132563,3454,3326,21549,22942,1156498,1143820,234518,261393,22507,22629,136661,143359,6515,6308,427177,361359,399841,334772,13190,14176,6551,5109,2377,2325,1217,934,4001,4043,403386,338327,15105,16085,8160,6758,3383,3323,1648,1403
R,8,2008,35,3936762,1985411,1951351,1554371,1485888,248868,276988,21302,19849,130907,137595,4640,4231,25323,26800,1575095,1507922,256609,286147,30960,29692,142060,149282,8109,7580,1566444,1592154,1162361,1153415,235790,262625,14795,14807,128599,135280,3474,3295,21425,22732,1179608,1171900,241716,269781,22846,23081,138842,145891,6534,6184,418967,359197,392010,332473,13078,14363,6507,5042,2308,2315,1166,936,3898,4068,395487,336022,14893,16366,8114,6611,3218,3391,1575,1396
R,8,2008,36,4117047,2074903,2042144,1633152,1564080,258005,287480,21351,20324,132268,138976,4485,4254,25642,27030,1654122,1586278,265668,296395,31323,30388,143549,150819,8000,7810,1661325,1684671,1246151,1233418,245004,273075,15109,15236,129968,136645,3346,3288,21747,23009,1263663,1252104,250825,280081,23506,23708,140336,147422,6461,6403,413578,357473,387001,330662,13001,14405,6242,5088,2300,2331,1139,966,3895,4021,390459,334174,14843,16314,7817,6680,3213,3397,1539,1407
R,8,2008,37,4338364,2178799,2159565,1730069,1670748,266655,300655,21955,20965,129243,135563,4575,4268,26302,27366,1751604,1693256,274503,309700,32506,31422,140630,147221,8144,7899,1774262,1804522,1352243,1342788,253628,286043,15713,15905,126924,133174,3467,3279,22287,23333,1370269,1361772,259610,293148,24565,24837,137341,143744,6594,6467,404537,355043,377826,327960,13027,14612,6242,5060,2319,2389,1108,989,4015,4033,381335,331484,14893,16552,7941,6585,3289,3477,1550,1432
R,8,2008,38,4441389,2239396,2201993,1785037,1710057,271628,302844,21796,20873,130381,136531,4631,4357,25923,27331,1806246,1732405,279361,311751,32164,31781,141437,147982,8287,8016,1831584,1850426,1404421,1385451,258153,288275,15496,15836,128015,134161,3529,3427,21970,23276,1422145,1404278,263993,295305,24305,25070,138114,144545,6761,6597,407812,351567,380616,324606,13475,14569,6300,5037,2366,2370,1102,930,3953,4055,384101,328127,15368,16446,7859,6711,3323,3437,1526,1419
R,8,2008,39,4214536,2119751,2094785,1697856,1636183,251355,280712,20883,19778,121604,128473,4215,4088,23838,25551,1717377,1657056,258172,288740,30863,30382,131641,139101,7641,7496,1742769,1764764,1345894,1331251,239020,267382,14981,14895,119517,126226,3243,3251,20114,21759,1362109,1348868,244070,273634,23454,23920,128642,135853,6284,6254,376982,330021,351962,304932,12335,13330,5902,4883,2087,2247,972,837,3724,3792,355268,308188,14102,15106,7409,6462,2999,3248,1357,1242
R,8,2008,40,4114433,2064112,2050321,1651552,1598643,249448,280765,20298,19509,116071,123741,4010,3922,22733,23741,1670125,1617908,255893,288194,29990,29558,125505,133410,7274,7220,1697907,1728518,1309773,1301255,237325,267634,14596,14829,114024,121537,3047,3096,19142,20167,1325146,1317420,242052,273334,22833,23463,122643,130306,5954,5997,366205,321803,341779,297388,12123,13131,5702,4680,2047,2204,963,826,3591,3574,344979,300488,13841,14860,7157,6095,2862,3104,1320,1223
R,8,2008,41,4119045,2059921,2059124,1658270,1616452,247846,280888,20049,19817,107979,114836,3994,3925,21783,23206,1676027,1635245,253920,288071,29694,29934,116903,124139,7045,7133,1710366,1747825,1332054,1328883,236237,268195,14513,15136,106078,112802,3068,3095,18416,19714,1346851,1344693,240711,273671,22771,23845,114211,121225,5754,5916,349555,311299,326216,287569,11609,12693,5536,4681,1901,2034,926,830,3367,3492,329176,290552,13209,14400,6923,6089,2692,2914,1291,1217
R,8,2008,42,4209685,2105527,2104158,1691539,1649906,259056,291890,20631,20380,108041,114213,4082,3897,22178,23872,1709523,1669199,265225,299209,30526,31021,117054,123597,7261,7237,1757461,1795421,1367006,1365022,247286,279158,15091,15643,106143,112234,3153,3083,18782,20281,1382009,1381217,251823,284731,23633,24841,114353,120693,5950,6026,348066,308737,324533,284884,11770,12732,5540,4737,1898,1979,929,814,3396,3591,327514,287982,13402,14478,6893,6180,2701,2904,1311,1211
R,8,2008,43,4487948,2243295,2244653,1808093,1766698,275260,310658,21743,21514,111152,117028,4130,4094,22917,24661,1826707,1786592,281375,317831,32342,32903,120282,126653,7401,7636,1893436,1931949,1481897,1477826,263539,297995,16049,16750,109223,114972,3196,3239,19532,21167,1497599,1494711,268082,303552,25151,26728,117592,123673,6117,6341,349859,312704,326196,288872,11721,12663,5694,4764,1929,2056,934,855,3385,3494,329108,291881,13293,14279,7191,6175,2690,2980,1284,1295
R,8,2008,44,4578087,2276365,2301722,1846955,1824092,271437,310103,21833,22335,108907,116294,4178,4006,23055,24892,1865797,1844057,277417,317281,32910,34197,117816,125818,7458,7485,1942658,1997345,1536067,1542906,260033,297959,16338,17520,107068,114257,3344,3236,19808,21467,1552054,1559897,264571,303581,26000,27911,115203,122914,6256,6320,333707,304377,310888,281186,11404,12144,5495,4815,1839,2037,834,770,3247,3425,313743,284160,12846,13700,6910,6286,2613,2904,1202,1165
R,8,2008,45,4555625,2256510,2299115,1835931,1829760,265119,304318,21483,21550,107418,114763,3905,3992,22654,24732,1854331,1849656,270827,311245,32676,33796,116142,124011,7078,7367,1942327,2007247,1543369,1560442,254270,292481,16340,16901,105654,112777,3119,3257,19575,21389,1559090,1577479,258570,297903,26189,27739,113653,121155,5968,6217,314183,291868,292562,269318,10849,11837,5143,4649,1764,1986,786,735,3079,3343,295241,272177,12257,13342,6487,6057,2489,2856,1110,1150
R,8,2008,46,4563896,2260863,2303033,1850802,1844696,262170,301193,21229,21440,100157,107511,3918,3791,22587,24402,1869157,1864393,267752,307816,32583,33828,108780,116558,7074,7152,1957721,2021244,1568248,1584274,252083,290000,16184,17027,98447,105624,3123,3069,19636,21250,1584024,1601252,256360,295233,26203,28018,106357,113849,5957,6044,303142,281789,282554,260422,10087,11193,5045,4413,1710,1887,795,722,2951,3152,285133,263141,11392,12583,6380,5810,2423,2709,1117,1108
R,8,2008,47,4596748,2269419,2327329,1868213,1871806,259372,300570,20624,21736,95167,105330,3747,3782,22296,24105,1886346,1891175,264760,307204,32070,34308,103615,113987,6822,6984,1982368,2056607,1600842,1621632,249777,289840,15813,17505,93440,103524,2997,3089,19499,21017,1616558,1638326,253958,295110,25965,28681,101204,111394,5756,5942,287051,270722,267371,250174,9595,10730,4811,4231,1727,1806,750,693,2797,3088,269788,252849,10802,12094,6105,5627,2411,2593,1066,1042
R,8,2008,48,4682565,2319115,2363450,1899914,1891448,271603,311278,21146,22176,99985,110046,3896,3868,22571,24634,1918223,1911140,277193,318013,32748,35126,108489,118905,6923,7120,2029125,2091273,1629671,1640147,261709,300313,16396,17862,98338,108189,3193,3187,19818,21575,1645554,1657228,266044,305702,26798,29467,106206,116225,5914,6080,289990,272177,270243,251301,9894,10965,4750,4314,1647,1857,703,681,2753,3059,272669,253912,11149,12311,5950,5659,2283,2680,1009,1040
R,8,2008,49,4507852,2222357,2285495,1831534,1840192,253930,294350,19701,20968,92304,102967,3577,3439,21311,23579,1848795,1859187,259092,300665,30806,33834,100306,111042,6406,6504,1962865,2036557,1590225,1610400,244975,284372,15329,16937,90718,101267,2925,2858,18693,20723,1605204,1626946,248991,289414,25221,28492,98086,108614,5483,5558,259492,248938,241309,229792,8955,9978,4372,4031,1586,1700,652,581,2618,2856,243591,232241,10101,11251,5585,5342,2220,2428,923,946
R,8,2008,50,4471923,2201914,2270009,1818847,1835169,246671,285881,19552,20340,92357,102464,3386,3217,21101,22938,1835915,1853574,251686,292025,30799,33050,100134,110283,6228,6153,1958061,2033550,1592283,1616901,238190,276324,15293,16592,90912,100842,2776,2685,18607,20206,1607195,1632954,242115,281255,25402,28036,98082,107967,5340,5307,243853,236459,226564,218268,8481,9557,4259,3748,1445,1622,610,532,2494,2732,228720,220620,9571,10770,5397,5014,2052,2316,888,846
R,8,2008,51,4435670,2177527,2258143,1803756,1829050,242459,283483,18876,20029,88634,99890,3228,3139,20574,22552,1820477,1847110,247267,289421,30111,32799,96073,107380,5905,5960,1943358,2028289,1586161,1616664,234176,274249,14814,16442,87217,98408,2707,2614,18283,19912,1600864,1632426,238020,279041,25001,27969,94080,105257,5143,5132,234169,229854,217595,212386,8283,9234,4062,3587,1417,1482,521,525,2291,2640,219613,214684,9247,10380,5110,4830,1993,2123,762,828
R,8,2008,52,4264251,2087416,2176835,1732162,1762471,228826,270949,17886,19284,86001,99198,3056,3147,19485,21786,1747952,1779823,233354,276754,28845,31794,92902,106370,5528,5844,1867765,1958735,1528014,1561082,221057,262179,14104,15857,84695,97713,2557,2626,17338,19278,1541937,1576296,224622,266838,24018,27189,91120,104255,4803,5047,219651,218100,204148,201389,7769,8770,3782,3427,1306,1485,499,521,2147,2508,206015,203527,8732,9916,4827,4605,1782,2115,725,797
R,8,2008,53,4255674,2088771,2166903,1734733,1757955,227282,267043,17848,18693,86615,98962,3002,3088,19291,21162,1750262,1774930,231941,272482,28626,31015,93383,105826,5495,5753,1873398,1954277,1534945,1561653,219384,258283,14155,15471,85316,97509,2501,2594,17097,18767,1548574,1576586,223045,262627,23892,26649,91604,103823,4749,5000,215373,212626,199788,196302,7898,8760,3693,3222,1299,1453,501,494,2194,2395,201688,198344,8896,9855,4734,4366,1779,2003,746,753
R,8,2008,54,4090770,1996236,2094534,1666613,1707777,211448,252885,16777,18022,80692,92899,2808,2944,17898,20007,1681129,1723823,215642,258061,26967,29950,86814,99110,5141,5435,1801076,1897051,1485660,1525413,204215,244911,13449,14982,79473,91543,2368,2492,15911,17710,1498434,1539499,207529,249028,22707,25802,85101,97242,4491,4732,195160,197483,180953,182364,7233,7974,3328,3040,1219,1356,440,452,1987,2297,182695,184324,8113,9033,4260,4148,1713,1868,650,703
R,8,2008,55,3932526,1912839,2019687,1603866,1655124,196390,236751,15724,17002,76886,88967,2623,2778,17350,19065,1617980,1670407,200345,241587,25772,28410,82764,94972,4815,5133,1732896,1833588,1437055,1483036,189763,229347,12592,14146,75787,87713,2211,2335,15488,17011,1449543,1496523,192873,233279,21757,24601,81242,93200,4215,4489,179943,186099,166811,172088,6627,7404,3132,2856,1099,1254,412,443,1862,2054,168437,173884,7472,8308,4015,3809,1522,1772,600,644
R,8,2008,56,3811887,1853641,1958246,1559810,1607242,186512,228335,15036,16150,73749,85880,2544,2606,15990,18033,1572708,1621688,190110,232969,24601,27234,78956,91255,4637,4853,1685045,1783660,1403396,1445735,180256,221427,12245,13430,72710,84716,2135,2244,14303,16108,1414833,1458515,183138,225203,20990,23580,77531,89636,4037,4304,168596,174586,156414,161507,6256,6908,2791,2720,1039,1164,409,362,1687,1925,157875,163173,6972,7766,3611,3654,1425,1619,600,549
R,8,2008,57,3686782,1787043,1899739,1503033,1558627,182333,223648,14492,15412,69321,82204,2417,2478,15447,17370,1515673,1572536,185924,228265,23777,26244,74126,87185,4289,4523,1625816,1732200,1353229,1403747,176560,216968,11874,12903,68345,81094,2034,2098,13774,15390,1364419,1415936,179378,220693,20367,22807,72784,85601,3747,3921,161227,167539,149804,154880,5773,6680,2618,2509,976,1110,383,380,1673,1980,151254,156600,6546,7572,3410,3437,1342,1584,542,602
R,8,2008,58,3657141,1772659,1884482,1483102,1539311,183882,222899,14435,15240,73746,87304,2512,2511,14982,17217,1495158,1552989,187423,227416,23483,25876,78406,92390,4521,4629,1613812,1716654,1335652,1383987,178004,216191,11844,12807,72747,86162,2132,2160,13433,15347,1346373,1396053,180805,219839,20182,22575,77047,90790,3978,4081,158847,167828,147450,155324,5878,6708,2591,2433,999,1142,380,351,1549,1870,148785,156936,6618,7577,3301,3301,1359,1600,543,548
R,8,2008,59,3526796,1703069,1823727,1439234,1504956,166302,205758,13312,14344,67616,80000,2259,2369,14346,16300,1450931,1518117,169548,210029,22151,24637,71953,84559,4096,4283,1559675,1670850,1305965,1363304,161112,199795,11045,12125,66747,79037,1928,2028,12878,14561,1316383,1374959,163693,203268,19187,21608,70731,83170,3601,3746,143394,152877,133269,141652,5190,5963,2267,2219,869,963,331,341,1468,1739,134548,143158,5855,6761,2964,3029,1222,1389,495,537
R,8,2008,60,3467015,1670899,1796116,1423588,1496841,155295,192562,12722,13734,63454,74998,2084,2110,13756,15871,1434877,1509712,158381,196512,21339,23833,67458,79380,3755,3980,1536795,1650425,1298924,1361547,150528,187050,10576,11693,62657,74083,1792,1797,12318,14255,1308953,1373014,152981,190288,18531,21022,66322,78074,3310,3485,134104,145691,124664,135294,4767,5512,2146,2041,797,915,292,313,1438,1616,125924,136698,5400,6224,2808,2811,1136,1306,445,495
R,8,2008,61,3645099,1757463,1887636,1522576,1603018,146683,183052,12854,13475,59309,69830,1915,2013,14126,16248,1534342,1616479,149582,187026,22036,24148,63189,73964,3635,3726,1629827,1747968,1403769,1473370,142253,177772,10809,11496,58546,68956,1659,1709,12791,14665,1414363,1485440,144590,181011,19332,21436,62104,72736,3243,3268,127636,139668,118807,129648,4430,5280,2045,1979,763,874,256,304,1335,1583,119979,131039,4992,6015,2704,2712,1085,1228,392,458
R,8,2008,62,2749648,1314807,1434841,1124407,1199892,116193,149289,10004,10757,51571,60267,1771,1813,10861,12823,1133362,1210345,118624,152491,16693,18821,54756,63869,3183,3396,1203817,1311239,1020998,1085129,112323,144486,8279,9052,50984,59544,1519,1547,9714,11481,1028940,1094406,114221,147060,14443,16505,53906,62842,2824,2985,110990,123602,103409,114763,3870,4803,1725,1705,587,723,252,266,1147,1342,104422,115939,4403,5431,2250,2316,850,1027,359,411
R,8,2008,63,2671788,1274020,1397768,1089459,1168502,113931,147641,9465,10510,49061,57265,1656,1805,10448,12045,1098030,1178336,116174,150561,15970,18176,52093,60554,3071,3252,1168294,1280681,990739,1059382,110386,143375,7902,8899,48443,56593,1440,1549,9384,10883,998377,1068199,112175,145763,13887,16026,51236,59613,2740,2884,105726,117087,98720,109120,3545,4266,1563,1611,618,672,216,256,1064,1162,99653,110137,3999,4798,2083,2150,857,941,331,368
R,8,2008,64,2619649,1242213,1377436,1069712,1161990,106314,138753,8890,9821,46152,53599,1501,1598,9644,11675,1077646,1171642,108353,141528,14983,17358,48921,56737,2794,3036,1146756,1267284,980483,1059085,103059,134923,7504,8373,45655,52947,1318,1393,8737,10563,987636,1067769,104697,137199,13169,15386,48215,55813,2487,2711,95457,110152,89229,102905,3255,3830,1386,1448,497,652,183,205,907,1112,90010,103873,3656,4329,1814,1972,706,924,307,325
R,8,2008,65,2704245,1278338,1425907,1112229,1215729,103620,138077,8620,9509,42651,49662,1406,1492,9812,11438,1120460,1225208,105707,140813,15027,17070,45263,52533,2624,2801,1188437,1320831,1028213,1117765,100507,134208,7360,8129,42179,49040,1234,1311,8944,10378,1035683,1126318,102203,136456,13355,15182,44587,51691,2349,2514,89901,105076,84016,97964,3113,3869,1260,1380,472,622,172,181,868,1060,84777,98890,3504,4357,1672,1888,676,842,275,287
R,8,2008,66,2385359,1119478,1265881,967412,1071306,93084,126183,7796,8620,41250,48370,1279,1369,8657,10033,974610,1079604,94914,128549,13414,15128,43614,51032,2338,2530,1037850,1169744,890949,981490,90361,122704,6687,7410,40822,47809,1125,1185,7906,9146,897488,988999,91870,124686,11948,13509,43007,50259,2096,2261,81628,96137,76463,89816,2723,3479,1109,1210,428,561,154,184,751,887,77122,90605,3044,3863,1466,1619,607,773,242,269
R,8,2008,67,2191841,1022352,1169489,880914,986801,86666,118931,7182,7961,38471,45264,1238,1293,7881,9239,887498,994411,88273,121122,12286,13938,40651,47714,2178,2421,945829,1079588,809238,902776,84063,115677,6163,6857,38081,44797,1092,1108,7192,8373,815228,909608,85369,117480,10936,12433,40085,47054,1958,2152,76523,89901,71676,84025,2603,3254,1019,1104,390,467,146,185,689,866,72270,84803,2904,3642,1350,1505,566,660,220,269
R,8,2008,68,2112276,980896,1131380,839499,949631,87079,119308,6958,7692,38652,44530,1212,1307,7496,8912,845749,956957,88612,121434,11669,13301,40847,47005,2119,2400,905844,1041755,769243,865824,84460,116042,5971,6661,38239,44038,1052,1122,6879,8068,774961,872414,85707,117796,10403,11862,40287,46316,1886,2138,75052,89625,70256,83807,2619,3266,987,1031,413,492,160,185,617,844,70788,84543,2905,3638,1266,1439,560,689,233,262
R,8,2008,69,1990221,921012,1069209,793999,905196,77742,107489,6223,7057,35067,40294,1094,1186,6887,7987,799726,911781,79222,109356,10654,12086,36984,42545,1881,2146,852290,986282,729595,827619,75390,104411,5361,6110,34691,39845,961,1026,6292,7271,734813,833570,76599,105936,9494,10814,36471,41928,1698,1915,68722,82927,64404,77577,2352,3078,862,947,376,449,133,160,595,716,64913,78211,2623,3420,1160,1272,513,617,183,231
R,8,2008,70,1934980,888258,1046722,767128,886462,74527,105224,5907,6766,33097,39307,1014,1176,6585,7787,772647,892849,75896,107120,10136,11652,34946,41440,1825,2110,823098,966920,706064,811930,72287,102227,5098,5772,32759,38877,877,1031,6013,7083,711087,817699,73406,103778,9060,10385,34470,40842,1615,1892,65160,79802,61064,74532,2240,2997,809,994,338,430,137,145,572,704,61560,75150,2490,3342,1076,1267,476,598,210,218
R,8,2008,71,1807582,823134,984448,710452,833968,69435,98460,5486,6292,30904,37522,936,1030,5921,7176,715350,839820,70728,100160,9252,10788,32607,39577,1634,1918,762916,908977,654020,763401,67338,95660,4724,5359,30602,37099,821,917,5411,6541,658478,768694,68412,97079,8252,9574,32170,38995,1465,1733,60218,75471,56432,70567,2097,2800,762,933,302,423,115,113,510,635,56872,71126,2316,3081,1000,1214,437,582,169,185
R,8,2008,72,1745285,787026,958259,680215,812109,66445,96545,5104,5944,28780,35946,832,968,5650,6747,684925,817641,67680,98171,8683,10188,30387,37867,1456,1736,729926,885656,626589,744155,64473,93842,4420,5126,28518,35571,733,851,5193,6111,630895,749139,65521,95203,7787,9063,30011,37332,1314,1562,57100,72603,53626,67954,1972,2703,684,818,262,375,99,117,457,636,54030,68502,2159,2968,896,1125,376,535,142,174
R,8,2008,73,1727518,771608,955910,667834,811127,65355,95801,4896,5889,27376,35366,812,995,5335,6732,672274,816612,66466,97436,8223,10092,28941,37304,1483,1790,715468,883836,615026,743504,63494,93256,4248,5054,27098,35026,732,856,4870,6140,619052,748464,64389,94646,7384,8981,28548,36811,1349,1598,56140,72074,52808,67623,1861,2545,648,835,278,340,80,139,465,592,53222,68148,2077,2790,839,1111,393,493,134,192
R,8,2008,74,1569233,693151,876082,601409,744854,57282,86572,4295,5177,24523,32578,786,887,4856,6014,605520,749825,58276,88011,7375,8892,25895,34325,1341,1586,643601,811513,554843,684334,55630,84268,3719,4439,24268,32247,705,758,4436,5467,558590,688827,56448,85463,6614,7918,25514,33849,1218,1390,49550,64569,46566,60520,1652,2304,576,738,255,331,81,129,420,547,46930,60998,1828,2548,761,974,381,476,123,196
R,8,2008,75,1526824,665642,861182,580062,734172,53336,83416,3995,5020,23036,31992,690,813,4523,5769,583846,738901,54287,84801,6752,8561,24380,33625,1260,1568,620357,800140,537522,676910,51823,81219,3456,4337,22809,31693,599,716,4148,5265,540974,681192,52622,82383,6045,7644,24060,33221,1121,1415,45285,61042,42540,57262,1513,2197,539,683,227,299,91,97,375,504,42872,57709,1665,2418,707,917,320,404,139,153
R,8,2008,76,1494881,644764,850117,565874,731040,49144,78426,3756,4749,21180,29647,637,778,4173,5477,569353,735588,50049,79755,6351,8183,22379,31148,1150,1404,601032,790914,524581,675404,47801,76371,3276,4112,20978,29341,559,671,3837,5015,527762,679557,48568,77486,5704,7345,22105,30733,1034,1240,43732,59203,41293,55636,1343,2055,480,637,202,306,78,107,336,462,41591,56031,1481,2269,647,838,274,415,116,164
R,8,2008,77,1444055,614835,829220,544587,719484,43060,71444,3394,4220,19408,28259,581,720,3805,5093,547771,723697,43909,72664,5723,7322,20538,29735,1069,1337,573378,772764,505445,666286,41784,69549,2925,3649,19248,27982,510,619,3466,4679,508328,670142,42483,70596,5105,6554,20294,29346,955,1194,41457,56456,39142,53198,1276,1895,469,571,160,277,71,101,339,414,39443,53555,1426,2068,618,768,244,389,114,143
R,8,2008,78,1448053,607691,840362,536246,727066,44226,74637,3503,4259,19407,28537,572,704,3737,5159,539400,731317,44993,75888,5840,7443,20511,30003,1019,1311,566633,783152,497521,673185,42911,72725,3045,3658,19231,28258,511,606,3414,4720,500387,677038,43553,73774,5217,6646,20258,29636,920,1168,41058,57210,38725,53881,1315,1912,458,601,176,279,61,98,323,439,39013,54279,1440,2114,623,797,253,367,99,143
R,8,2008,79,1331996,550273,781723,488672,680497,37741,66703,2979,3769,17021,25461,474,640,3386,4653,491527,684301,38483,67843,5102,6640,17972,26797,902,1230,514185,730219,454598,632049,36634,64941,2571,3219,16878,25186,411,550,3093,4274,457191,635536,37254,65919,4565,5926,17755,26411,809,1092,36088,51504,34074,48448,1107,1762,408,550,143,275,63,90,293,379,34336,48765,1229,1924,537,714,217,386,93,138
R,8,2008,80,1290246,523519,766727,466571,670181,35031,63853,2660,3567,15694,24070,437,564,3126,4492,469266,673863,35625,64985,4612,6336,16596,25323,814,1113,490107,718336,434900,624635,34078,62154,2317,3092,15540,23836,395,498,2877,4121,437370,628006,34581,63112,4150,5695,16375,24996,737,997,33412,48391,31671,45546,953,1699,343,475,154,234,42,66,249,371,31896,45857,1044,1873,462,641,221,327,77,116
R,8,2008,81,1223189,487400,735789,435064,645380,32265,60354,2455,3343,14462,21901,361,603,2793,4208,437442,648846,32794,61352,4249,6026,15240,23060,683,1138,457605,691868,406842,603965,31377,58899,2137,2901,14347,21694,327,529,2575,3880,409026,607145,31832,59756,3830,5433,15062,22788,615,1021,29795,43921,28222,41415,888,1455,318,442,115,207,34,74,218,328,28416,41701,962,1596,419,593,178,272,68,117
R,8,2008,82,1135502,440736,694766,393633,610635,29395,56297,2132,3056,12672,20322,334,504,2570,3952,395830,613870,29927,57300,3760,5529,13404,21396,619,974,413654,653723,367960,571900,28574,54965,1887,2646,12574,20130,279,449,2380,3633,369996,574877,29027,55811,3421,4983,13252,21120,542,882,27082,41043,25673,38735,821,1332,245,410,98,192,55,55,190,319,25834,38993,900,1489,339,546,152,276,77,92
R,8,2008,83,1084191,410732,673459,366520,593534,27187,53979,2016,2922,12399,18877,295,449,2315,3698,368472,596594,27662,54939,3449,5247,13080,19840,577,893,386136,634894,343187,557190,26515,52653,1761,2548,12287,18693,265,392,2121,3418,344974,560008,26921,53467,3090,4754,12915,19590,519,807,24596,38565,23333,36344,672,1326,255,374,112,184,30,57,194,280,23498,36586,741,1472,359,493,165,250,58,86
R,8,2008,84,994821,368482,626339,329481,555797,23757,47491,1882,2633,11087,16624,292,409,1983,3385,331171,558635,24199,48276,3123,4819,11640,17516,505,788,346434,592286,308564,523617,23139,46387,1649,2306,10990,16483,255,356,1837,3137,310130,526256,23502,47059,2828,4385,11511,17301,452,697,22048,34053,20917,32180,618,1104,233,327,97,141,37,53,146,248,21041,32379,697,1217,295,434,129,215,53,91
R,8,2008,85,889040,324505,564535,290295,501743,20843,42437,1503,2353,9859,14635,219,368,1786,2999,291783,504222,21221,43200,2623,4306,10361,15411,457,691,304781,534801,271549,473619,20323,41451,1309,2084,9779,14529,191,329,1630,2789,272907,475922,20644,42101,2341,3943,10245,15257,408,631,19724,29734,18746,28124,520,986,194,269,80,106,28,39,156,210,18876,28300,577,1099,282,363,116,154,49,60
R,8,2008,86,815730,291093,524637,260762,467924,18408,38205,1395,2135,8738,13223,187,313,1603,2837,262134,470282,18777,38906,2392,3975,9190,13922,385,671,274009,497323,244524,442121,17923,37326,1243,1891,8681,13092,167,270,1471,2623,245786,444290,18230,37932,2188,3642,9094,13739,344,591,17084,27314,16238,25803,485,879,152,244,57,131,20,43,132,214,16348,25992,547,974,204,333,96,183,41,80
R,8,2008,87,725347,252519,472828,227683,424147,15127,32828,1107,1945,7095,11241,165,249,1342,2418,228820,426176,15411,33428,1925,3542,7508,11851,332,526,238322,448938,214217,401538,14723,32060,955,1740,7054,11158,136,212,1237,2230,215267,403409,14966,32567,1720,3252,7436,11713,288,456,14197,23890,13466,22609,404,768,152,205,41,83,29,37,105,188,13553,22767,445,861,205,290,72,138,44,70
R,8,2008,88,647782,219289,428493,196014,380997,14457,32481,982,1857,6509,10631,151,229,1176,2298,196979,382869,14727,33080,1703,3357,6876,11206,306,507,206847,406560,184200,360342,14109,31674,859,1669,6472,10544,126,203,1081,2128,185087,362076,14328,32190,1539,3092,6812,11076,270,462,12442,21933,11814,20655,348,807,123,188,37,87,25,26,95,170,11892,20793,399,890,164,265,64,130,36,45
R,8,2008,89,491305,159818,331487,142354,295112,10715,24913,776,1428,5006,8044,104,208,863,1782,143073,296610,10910,25328,1318,2602,5267,8476,201,417,150735,315226,133767,279737,10454,24385,660,1294,4964,7971,87,176,803,1663,134437,281145,10626,24743,1176,2415,5202,8372,177,364,9083,16261,8587,15375,261,528,116,134,42,73,17,32,60,119,8636,15465,284,585,142,187,65,104,24,53
R,8,2008,90,451062,145165,305897,131203,274875,8594,21091,668,1302,3864,6883,112,192,724,1554,131830,276164,8751,21490,1136,2332,4047,7260,210,384,137283,291197,123708,260975,8382,20590,587,1194,3826,6818,104,178,676,1442,124298,262176,8521,20940,1030,2163,3993,7170,194,348,7882,14700,7495,13900,212,501,81,108,38,65,8,14,48,112,7532,13988,230,550,106,169,54,90,16,36
R,8,2008,91,362943,112802,250141,101252,223840,7036,17858,506,1046,3278,5891,105,124,625,1382,101782,224998,7193,18207,889,1961,3467,6229,176,281,106784,238466,95549,212787,6860,17491,453,959,3266,5841,80,114,576,1274,96042,213857,6995,17793,817,1829,3438,6146,140,249,6018,11675,5703,11053,176,367,53,87,12,50,25,10,49,108,5740,11141,198,414,72,132,29,83,36,32
R,8,2008,92,299787,89197,210590,79991,188650,5706,14720,405,956,2561,4943,67,133,467,1188,80395,189643,5800,15023,686,1737,2701,5225,143,274,84283,200596,75330,179179,5563,14391,366,906,2538,4899,55,111,431,1110,75703,180113,5646,14652,626,1647,2670,5161,120,241,4914,9994,4661,9471,143,329,39,50,23,44,12,22,36,78,4692,9530,154,371,60,90,31,64,23,33
R,8,2008,93,254079,73411,180668,65570,161143,4901,13549,334,834,2111,4023,42,96,453,1023,65935,161980,5007,13842,616,1536,2245,4253,109,208,69263,171926,61635,152857,4790,13271,289,765,2097,3995,32,90,420,948,61973,153630,4880,13528,561,1436,2219,4198,91,188,4148,8742,3935,8286,111,278,45,69,14,28,10,6,33,75,3962,8350,127,314,55,100,26,55,18,20
R,8,2008,94,205075,56965,148110,50435,131298,4138,11817,260,768,1740,3296,51,79,341,852,50717,132016,4224,11998,482,1356,1844,3497,91,173,53466,140493,47098,124088,4060,11562,237,705,1726,3271,43,66,302,801,47350,124765,4129,11725,436,1272,1818,3451,77,149,3499,7617,3337,7210,78,255,23,63,14,25,8,13,39,51,3367,7251,95,273,46,84,26,46,14,24
R,8,2008,95,157654,41702,115952,36905,102563,3040,9479,225,579,1249,2521,25,53,258,757,37119,103199,3121,9690,365,1075,1334,2684,57,146,39042,109691,34392,96625,2962,9303,199,533,1233,2497,19,43,237,690,34589,97208,3031,9480,332,1003,1310,2638,43,123,2660,6261,2513,5938,78,176,26,46,16,24,6,10,21,67,2530,5991,90,210,33,72,24,46,14,23
R,8,2008,96,122386,31346,91040,27371,80359,2555,7628,206,541,961,1914,39,73,214,525,27546,80793,2617,7764,344,890,1029,2030,68,141,29238,86083,25389,75664,2505,7471,173,507,952,1902,33,66,186,473,25545,76057,2548,7576,301,831,1008,2006,55,119,2108,4957,1982,4695,50,157,33,34,9,12,6,7,28,52,2001,4736,69,188,43,59,21,24,13,22
R,8,2008,97,89232,21671,67561,18787,59546,1814,5628,120,399,749,1497,14,48,187,443,18930,59921,1871,5755,215,687,817,1603,55,114,20099,63719,17304,55894,1772,5515,105,369,745,1484,9,43,164,414,17433,56247,1815,5624,189,645,804,1581,42,99,1572,3842,1483,3652,42,113,15,30,4,13,5,5,23,29,1497,3674,56,131,26,42,13,22,13,15
R,8,2008,98,68234,16201,52033,13719,44976,1646,5299,125,322,577,1067,15,30,119,339,13815,45252,1682,5414,186,536,624,1146,43,69,14949,49062,12543,42153,1607,5209,109,306,577,1056,11,22,102,316,12625,42413,1639,5307,163,510,614,1130,34,55,1252,2971,1176,2823,39,90,16,16,0,11,4,8,17,23,1190,2839,43,107,23,26,10,16,9,14
R,8,2008,99,44527,10000,34527,8602,30339,872,3032,77,237,350,650,8,19,91,250,8676,30546,900,3095,135,387,377,724,22,62,9219,32535,7862,28459,855,2965,67,223,349,647,6,14,80,227,7926,28648,878,3020,122,367,372,710,18,51,781,1992,740,1880,17,67,10,14,1,3,2,5,11,23,750,1898,22,75,13,20,5,14,4,11
R,8,2008,100,92090,19241,72849,15782,61924,2162,7937,195,611,661,1485,62,101,379,791,16043,62524,2329,8255,390,1071,843,1740,167,269,17117,68220,14038,57735,2021,7795,118,540,629,1435,42,70,269,645,14228,58233,2122,8036,258,933,741,1622,109,191,2124,4629,1744,4189,141,142,77,71,32,50,20,31,110,146,1815,4291,207,219,132,138,102,118,58,78
