0	0
0.4	0
0.8	0
1.2	0
1.6	0
2	0
2.4	0
2.8	0
3.2	0
3.6	0
4	0
4.4	0
4.8	0
5.2	0
5.6	0
6	0
6.4	0
6.8	0
7.2	0
7.6	0
8	0
8.4	0
8.8	0
9.2	0
9.6	0
10	0
10.4	0
10.8	0
11.2	0
11.6	0
12	0
12.4	0
12.8	0
13.2	0
13.6	0
14	0
14.4	0
14.8	0
15.2	0
15.6	0
16	0
16.4	0
16.8	0
17.2	0
17.6	0
18	0
18.4	0
18.8	0
19.2	0
19.6	0
20	0
20.4	0
20.8	0
21.2	0
21.6	0
22	0
22.4	0
22.8	0
23.2	0
23.6	0
24	0
24.4	0
24.8	0
25.2	0
25.6	0
26	0
26.4	0
26.8	0
27.2	0
27.6	0
28	0
28.4	0
28.8	0
29.2	0
29.6	0
30	0
30.4	0
30.8	0
31.2	0
31.6	0
32	0
32.4	0
32.8	0
33.2	0
33.6	0
34	0
34.4	0
34.8	0
35.2	0
35.6	0
36	0
36.4	0
36.8	0
37.2	0
37.6	0
38	0
38.4	0
38.8	0
39.2	0
39.6	0
40	0
40.4	0
40.8	0
41.2	0
41.6	0
42	0
42.4	0
42.8	0
43.2	0
43.6	0
44	0
44.4	0
44.8	0
45.2	0
45.6	0
46	0
46.4	0
46.8	0
47.2	0
47.6	0
48	0
48.4	0
48.8	0
49.2	0
49.6	0
50	0
50.4	0
50.8	0
51.2	0
51.6	0
52	0
52.4	0
52.8	0
53.2	0
53.6	0
54	0
54.4	0
54.8	0
55.2	0
55.6	0
56	0
56.4	0
56.8	0
57.2	0
57.6	8.8473e-08
58	5.93723e-07
58.4	2.11438e-06
58.8	5.50126e-06
59.2	1.18318e-05
59.6	2.22781e-05
60	3.80248e-05
60.4	6.03525e-05
60.8	9.06802e-05
61.2	0.000130494
61.6	0.000181293
62	0.000244551
62.4	0.000321682
62.8	0.000414026
63.2	0.000522891
63.6	0.000649666
64	0.000795793
64.4	0.000962602
64.8	0.00115128
65.2	0.00136292
65.6	0.00159862
66	0.00185945
66.4	0.00214643
66.8	0.00246056
67.2	0.00280284
67.6	0.00317417
68	0.00357535
68.4	0.00400716
68.8	0.00447029
69.2	0.00496545
69.6	0.00549333
70	0.00605453
70.4	0.00664946
70.8	0.00727847
71.2	0.00794205
71.6	0.00864074
72	0.00937501
72.4	0.0101451
72.8	0.0109513
73.2	0.0117938
73.6	0.0126728
74	0.0135883
74.4	0.0145403
74.8	0.0155291
75.2	0.0165548
75.6	0.0176175
76	0.0187174
76.4	0.0198543
76.8	0.0210283
77.2	0.0222393
77.6	0.0234873
78	0.0247721
78.4	0.0260935
78.8	0.0274514
79.2	0.0288456
79.6	0.0302761
80	0.0317425
80.4	0.0332448
80.8	0.0347826
81.2	0.0363557
81.6	0.037964
82	0.0396072
82.4	0.0412851
82.8	0.0429973
83.2	0.0447435
83.6	0.0465236
84	0.0483372
84.4	0.0501841
84.8	0.0520637
85.2	0.0539758
85.6	0.0559198
86	0.0578955
86.4	0.0599026
86.8	0.0619406
87.2	0.0640091
87.6	0.0661076
88	0.0682358
88.4	0.0703935
88.8	0.0725803
89.2	0.0747959
89.6	0.0770399
90	0.0793119
90.4	0.0816115
90.8	0.0839383
91.2	0.0862919
91.6	0.0886719
92	0.0910782
92.4	0.0935102
92.8	0.0959676
93.2	0.09845
93.6	0.100957
94	0.103489
94.4	0.106044
94.8	0.108623
95.2	0.111224
95.6	0.113849
96	0.116495
96.4	0.119164
96.8	0.121854
97.2	0.124565
97.6	0.127296
98	0.130048
98.4	0.132821
98.8	0.135612
99.2	0.138423
99.6	0.141253
100	0.144101
100.4	0.146967
100.8	0.149851
101.2	0.152752
101.6	0.15567
102	0.158604
102.4	0.161555
102.8	0.164522
103.2	0.167504
103.6	0.170502
104	0.173514
104.4	0.17654
104.8	0.179581
105.2	0.182636
105.6	0.185703
106	0.188784
106.4	0.191877
106.8	0.194982
107.2	0.198099
107.6	0.201228
108	0.204367
108.4	0.207518
108.8	0.210678
109.2	0.213849
109.6	0.21703
110	0.22022
110.4	0.223419
110.8	0.226627
111.2	0.229844
111.6	0.233069
112	0.236302
112.4	0.239543
112.8	0.242791
113.2	0.246046
113.6	0.249307
114	0.252575
114.4	0.255849
114.8	0.259128
115.2	0.262414
115.6	0.265704
116	0.269
116.4	0.2723
116.8	0.275605
117.2	0.278914
117.6	0.282227
118	0.285544
118.4	0.288864
118.8	0.292188
119.2	0.295514
119.6	0.298844
120	0.302175
120.4	0.305509
120.8	0.308845
121.2	0.312183
121.6	0.315522
122	0.318862
122.4	0.322204
122.8	0.325547
123.2	0.32889
123.6	0.332234
124	0.335578
124.4	0.338921
124.8	0.342265
125.2	0.345608
125.6	0.348951
126	0.352293
126.4	0.355633
126.8	0.358973
127.2	0.362311
127.6	0.365648
128	0.368983
128.4	0.372316
128.8	0.375646
129.2	0.378975
129.6	0.382301
130	0.385624
130.4	0.388945
130.8	0.392262
131.2	0.395576
131.6	0.398887
132	0.402195
132.4	0.405499
132.8	0.408799
133.2	0.412095
133.6	0.415387
134	0.418674
134.4	0.421957
134.8	0.425236
135.2	0.42851
135.6	0.431779
136	0.435043
136.4	0.438302
136.8	0.441556
137.2	0.444804
137.6	0.448047
138	0.451284
138.4	0.454516
138.8	0.457741
139.2	0.46096
139.6	0.464173
140	0.467379
140.4	0.470579
140.8	0.473772
141.2	0.476959
141.6	0.480139
142	0.483311
142.4	0.486477
142.8	0.489635
143.2	0.492785
143.6	0.495928
144	0.499064
144.4	0.502192
144.8	0.505312
145.2	0.508424
145.6	0.511528
146	0.514624
146.4	0.517713
146.8	0.520792
147.2	0.523864
147.6	0.526927
148	0.529982
148.4	0.533028
148.8	0.536065
149.2	0.539093
149.6	0.542112
150	0.545123
150.4	0.548125
150.8	0.551117
151.2	0.5541
151.6	0.557074
152	0.560038
152.4	0.562994
152.8	0.56594
153.2	0.568876
153.6	0.571803
154	0.57472
154.4	0.577628
154.8	0.580526
155.2	0.583414
155.6	0.586292
156	0.58916
156.4	0.592018
156.8	0.594866
157.2	0.597704
157.6	0.600531
158	0.603349
158.4	0.606156
158.8	0.608952
159.2	0.611739
159.6	0.614514
160	0.61728
160.4	0.620035
160.8	0.62278
161.2	0.625513
161.6	0.628237
162	0.630949
162.4	0.633651
162.8	0.636342
163.2	0.639023
163.6	0.641692
164	0.64435
164.4	0.646998
164.8	0.649634
165.2	0.652259
165.6	0.654873
166	0.657476
166.4	0.660068
166.8	0.662648
167.2	0.665218
167.6	0.667776
168	0.670323
168.4	0.672858
168.8	0.675382
169.2	0.677896
169.6	0.680397
170	0.682888
170.4	0.685367
170.8	0.687834
171.2	0.690291
171.6	0.692736
172	0.695169
172.4	0.697591
172.8	0.700002
173.2	0.702401
173.6	0.704788
174	0.707164
174.4	0.709528
174.8	0.711881
175.2	0.714222
175.6	0.716551
176	0.718868
176.4	0.721174
176.8	0.723467
177.2	0.725749
177.6	0.728019
178	0.730277
178.4	0.732523
178.8	0.734757
179.2	0.736979
179.6	0.739189
180	0.741387
180.4	0.743574
180.8	0.745748
181.2	0.747911
181.6	0.750061
182	0.7522
182.4	0.754327
182.8	0.756442
183.2	0.758544
183.6	0.760635
184	0.762714
184.4	0.764781
184.8	0.766837
185.2	0.76888
185.6	0.770911
186	0.772931
186.4	0.774938
186.8	0.776934
187.2	0.778918
187.6	0.780891
188	0.782851
188.4	0.7848
188.8	0.786737
189.2	0.788663
189.6	0.790577
190	0.792479
190.4	0.79437
190.8	0.796249
191.2	0.798117
191.6	0.799973
192	0.801818
192.4	0.803652
192.8	0.805475
193.2	0.807286
193.6	0.809086
194	0.810875
194.4	0.812653
194.8	0.81442
195.2	0.816176
195.6	0.81792
196	0.819654
196.4	0.821376
196.8	0.823088
197.2	0.824788
197.6	0.826478
198	0.828157
198.4	0.829825
198.8	0.831483
199.2	0.83313
199.6	0.834766
200	0.836392
200.4	0.838007
200.8	0.839611
201.2	0.841206
201.6	0.84279
202	0.844364
202.4	0.845927
202.8	0.84748
203.2	0.849023
203.6	0.850556
204	0.852079
204.4	0.853591
204.8	0.855093
205.2	0.856586
205.6	0.858068
206	0.85954
206.4	0.861003
206.8	0.862455
207.2	0.863898
207.6	0.86533
208	0.866753
208.4	0.868166
208.8	0.86957
209.2	0.870963
209.6	0.872348
210	0.873722
210.4	0.875087
210.8	0.876443
211.2	0.877789
211.6	0.879126
212	0.880454
212.4	0.881772
212.8	0.883081
213.2	0.88438
213.6	0.88567
214	0.886951
214.4	0.888223
214.8	0.889485
215.2	0.890739
215.6	0.891983
216	0.893218
216.4	0.894445
216.8	0.895662
217.2	0.89687
217.6	0.89807
218	0.89926
218.4	0.900442
218.8	0.901615
219.2	0.902779
219.6	0.903935
220	0.905082
220.4	0.90622
220.8	0.90735
221.2	0.908472
221.6	0.909586
222	0.91069
222.4	0.911787
222.8	0.912875
223.2	0.913955
223.6	0.915026
224	0.91609
224.4	0.917145
224.8	0.918191
225.2	0.91923
225.6	0.92026
226	0.921282
226.4	0.922297
226.8	0.923303
227.2	0.924301
227.6	0.925291
228	0.926274
228.4	0.927248
228.8	0.928215
229.2	0.929173
229.6	0.930124
230	0.931067
230.4	0.932003
230.8	0.93293
231.2	0.93385
231.6	0.934763
232	0.935668
232.4	0.936565
232.8	0.937454
233.2	0.938336
233.6	0.939211
234	0.940078
234.4	0.940937
234.8	0.941789
235.2	0.942634
235.6	0.943471
236	0.9443
236.4	0.945122
236.8	0.945937
237.2	0.946745
237.6	0.947545
238	0.948338
238.4	0.949124
238.8	0.949903
239.2	0.950674
239.6	0.951439
240	0.952196
240.4	0.952947
240.8	0.95369
241.2	0.954426
241.6	0.955156
242	0.955878
242.4	0.956594
242.8	0.957303
243.2	0.958005
243.6	0.9587
244	0.959388
244.4	0.96007
244.8	0.960745
245.2	0.961413
245.6	0.962075
246	0.962729
246.4	0.963377
246.8	0.964019
247.2	0.964653
247.6	0.965281
248	0.965903
248.4	0.966518
248.8	0.967126
249.2	0.967728
249.6	0.968323
250	0.968912
250.4	0.969495
250.8	0.970071
251.2	0.970642
251.6	0.971206
252	0.971763
252.4	0.972315
252.8	0.972861
253.2	0.9734
253.6	0.973934
254	0.974461
254.4	0.974982
254.8	0.975496
255.2	0.976005
255.6	0.976507
256	0.977004
256.4	0.977494
256.8	0.977979
257.2	0.978457
257.6	0.978929
258	0.979396
258.4	0.979856
258.8	0.980311
259.2	0.98076
259.6	0.981203
260	0.98164
260.4	0.982072
260.8	0.982498
261.2	0.982918
261.6	0.983332
262	0.98374
262.4	0.984143
262.8	0.984541
263.2	0.984933
263.6	0.985318
264	0.985699
264.4	0.986073
264.8	0.986443
265.2	0.986806
265.6	0.987164
266	0.987517
266.4	0.987864
266.8	0.988206
267.2	0.988542
267.6	0.988873
268	0.989199
268.4	0.98952
268.8	0.989835
269.2	0.990145
269.6	0.99045
270	0.99075
270.4	0.991045
270.8	0.991334
271.2	0.991618
271.6	0.991898
272	0.992172
272.4	0.992442
272.8	0.992706
273.2	0.992965
273.6	0.99322
274	0.993469
274.4	0.993713
274.8	0.993952
275.2	0.994186
275.6	0.994415
276	0.99464
276.4	0.99486
276.8	0.995075
277.2	0.995285
277.6	0.995491
278	0.995691
278.4	0.995887
278.8	0.996078
279.2	0.996264
279.6	0.996446
280	0.996623
280.4	0.996795
280.8	0.996962
281.2	0.997124
281.6	0.997282
282	0.997435
282.4	0.997584
282.8	0.997728
283.2	0.997867
283.6	0.998001
284	0.998131
284.4	0.998256
284.8	0.998377
285.2	0.998493
285.6	0.998604
286	0.998711
286.4	0.998814
286.8	0.998913
287.2	0.999007
287.6	0.999096
288	0.999182
288.4	0.999263
288.8	0.999339
289.2	0.999412
289.6	0.99948
290	0.999545
290.4	0.999605
290.8	0.99966
291.2	0.999712
291.6	0.999759
292	0.999802
292.4	0.99984
292.8	0.999875
293.2	0.999905
293.6	0.999931
294	0.999952
294.4	0.99997
294.8	0.999983
295.2	0.999993
295.6	0.999999
296	1
296.4	0.999997
296.8	0.999991
297.2	0.99998
297.6	0.999966
298	0.999947
298.4	0.999925
298.8	0.999899
299.2	0.999868
299.6	0.999834
300	0.999797
300.4	0.999755
300.8	0.99971
301.2	0.999661
301.6	0.999609
302	0.999552
302.4	0.999492
302.8	0.999427
303.2	0.999359
303.6	0.999288
304	0.999212
304.4	0.999133
304.8	0.999049
305.2	0.998962
305.6	0.998872
306	0.998777
306.4	0.998679
306.8	0.998577
307.2	0.998471
307.6	0.998362
308	0.998249
308.4	0.998132
308.8	0.998012
309.2	0.997889
309.6	0.997763
310	0.997633
310.4	0.9975
310.8	0.997363
311.2	0.997223
311.6	0.997079
312	0.996932
312.4	0.996781
312.8	0.996627
313.2	0.996469
313.6	0.996308
314	0.996143
314.4	0.995975
314.8	0.995803
315.2	0.995628
315.6	0.99545
316	0.995268
316.4	0.995083
316.8	0.994894
317.2	0.994702
317.6	0.994507
318	0.994308
318.4	0.994106
318.8	0.993901
319.2	0.993693
319.6	0.993481
320	0.993266
320.4	0.993048
320.8	0.992826
321.2	0.992602
321.6	0.992374
322	0.992143
322.4	0.991909
322.8	0.991671
323.2	0.991431
323.6	0.991187
324	0.99094
324.4	0.990691
324.8	0.990438
325.2	0.990182
325.6	0.989922
326	0.98966
326.4	0.989395
326.8	0.989127
327.2	0.988855
327.6	0.988581
328	0.988304
328.4	0.988025
328.8	0.987742
329.2	0.987456
329.6	0.987168
330	0.986876
330.4	0.986581
330.8	0.986284
331.2	0.985983
331.6	0.985679
332	0.985373
332.4	0.985063
332.8	0.984751
333.2	0.984436
333.6	0.984118
334	0.983797
334.4	0.983473
334.8	0.983146
335.2	0.982817
335.6	0.982484
336	0.982149
336.4	0.981811
336.8	0.981471
337.2	0.981127
337.6	0.98078
338	0.980431
338.4	0.980079
338.8	0.979724
339.2	0.979366
339.6	0.979006
340	0.978642
340.4	0.978276
340.8	0.977908
341.2	0.977536
341.6	0.977162
342	0.976785
342.4	0.976406
342.8	0.976024
343.2	0.97564
343.6	0.975253
344	0.974863
344.4	0.97447
344.8	0.974075
345.2	0.973677
345.6	0.973277
346	0.972874
346.4	0.972468
346.8	0.97206
347.2	0.971649
347.6	0.971236
348	0.97082
348.4	0.970401
348.8	0.969981
349.2	0.969558
349.6	0.969132
350	0.968704
350.4	0.968273
350.8	0.96784
351.2	0.967405
351.6	0.966967
352	0.966526
352.4	0.966083
352.8	0.965638
353.2	0.965189
353.6	0.964739
354	0.964285
354.4	0.963829
354.8	0.963371
355.2	0.962911
355.6	0.962448
356	0.961982
356.4	0.961514
356.8	0.961044
357.2	0.960571
357.6	0.960096
358	0.959618
358.4	0.959138
358.8	0.958655
359.2	0.95817
359.6	0.957682
360	0.957192
360.4	0.956699
360.8	0.956204
361.2	0.955706
361.6	0.955206
362	0.954703
362.4	0.954197
362.8	0.953689
363.2	0.953179
363.6	0.952666
364	0.95215
364.4	0.951632
364.8	0.951111
365.2	0.950588
365.6	0.950063
366	0.949535
366.4	0.949004
366.8	0.948471
367.2	0.947936
367.6	0.947398
368	0.946858
368.4	0.946316
368.8	0.945771
369.2	0.945223
369.6	0.944673
370	0.944121
370.4	0.943566
370.8	0.943008
371.2	0.942449
371.6	0.941887
372	0.941323
372.4	0.940756
372.8	0.940188
373.2	0.939616
373.6	0.939043
374	0.938467
374.4	0.937889
374.8	0.937308
375.2	0.936725
375.6	0.936139
376	0.935552
376.4	0.934961
376.8	0.934369
377.2	0.933774
377.6	0.933177
378	0.932578
378.4	0.931976
378.8	0.931372
379.2	0.930765
379.6	0.930157
380	0.929546
380.4	0.928933
380.8	0.928317
381.2	0.927699
381.6	0.927079
382	0.926457
382.4	0.925832
382.8	0.925205
383.2	0.924576
383.6	0.923944
384	0.92331
384.4	0.922673
384.8	0.922035
385.2	0.921394
385.6	0.920751
386	0.920105
386.4	0.919458
386.8	0.918808
387.2	0.918157
387.6	0.917503
388	0.916847
388.4	0.916189
388.8	0.915528
389.2	0.914866
389.6	0.914202
390	0.913535
390.4	0.912866
390.8	0.912194
391.2	0.911521
391.6	0.910845
392	0.910166
392.4	0.909486
392.8	0.908803
393.2	0.908117
393.6	0.90743
394	0.90674
394.4	0.906047
394.8	0.905353
395.2	0.904656
395.6	0.903957
396	0.903255
396.4	0.902551
396.8	0.901845
397.2	0.901137
397.6	0.900426
398	0.899713
398.4	0.898998
398.8	0.89828
399.2	0.89756
399.6	0.896838
400	0.896114
400.4	0.895387
400.8	0.894658
401.2	0.893926
401.6	0.893193
402	0.892457
402.4	0.891719
402.8	0.890979
403.2	0.890236
403.6	0.889492
404	0.888745
404.4	0.887996
404.8	0.887245
405.2	0.886491
405.6	0.885736
406	0.884978
406.4	0.884218
406.8	0.883456
407.2	0.882691
407.6	0.881925
408	0.881157
408.4	0.880386
408.8	0.879614
409.2	0.878839
409.6	0.878062
410	0.877283
410.4	0.876502
410.8	0.875718
411.2	0.874932
411.6	0.874144
412	0.873354
412.4	0.872562
412.8	0.871768
413.2	0.870971
413.6	0.870173
414	0.869372
414.4	0.868569
414.8	0.867764
415.2	0.866957
415.6	0.866149
416	0.865337
416.4	0.864524
416.8	0.863709
417.2	0.862891
417.6	0.862071
418	0.861248
418.4	0.860424
418.8	0.859597
419.2	0.858767
419.6	0.857936
420	0.857102
420.4	0.856266
420.8	0.855428
421.2	0.854588
421.6	0.853745
422	0.852901
422.4	0.852054
422.8	0.851205
423.2	0.850354
423.6	0.849501
424	0.848646
424.4	0.847788
424.8	0.846929
425.2	0.846067
425.6	0.845203
426	0.844337
426.4	0.843469
426.8	0.842598
427.2	0.841726
427.6	0.840851
428	0.839974
428.4	0.839095
428.8	0.838214
429.2	0.83733
429.6	0.836444
430	0.835556
430.4	0.834665
430.8	0.833773
431.2	0.832878
431.6	0.831981
432	0.831082
432.4	0.830181
432.8	0.829278
433.2	0.828372
433.6	0.827465
434	0.826555
434.4	0.825643
434.8	0.824729
435.2	0.823813
435.6	0.822894
436	0.821974
436.4	0.821051
436.8	0.820126
437.2	0.819199
437.6	0.81827
438	0.817339
438.4	0.816406
438.8	0.81547
439.2	0.814532
439.6	0.813593
440	0.812651
440.4	0.811707
440.8	0.81076
441.2	0.809812
441.6	0.808861
442	0.807909
442.4	0.806954
442.8	0.805996
443.2	0.805037
443.6	0.804075
444	0.803111
444.4	0.802145
444.8	0.801177
445.2	0.800207
445.6	0.799234
446	0.798259
446.4	0.797282
446.8	0.796303
447.2	0.795322
447.6	0.794339
448	0.793354
448.4	0.792366
448.8	0.791377
449.2	0.790385
449.6	0.789392
450	0.788396
450.4	0.787399
450.8	0.7864
451.2	0.785398
451.6	0.784395
452	0.783389
452.4	0.782382
452.8	0.781372
453.2	0.780361
453.6	0.779347
454	0.778331
454.4	0.777313
454.8	0.776294
455.2	0.775272
455.6	0.774248
456	0.773223
456.4	0.772195
456.8	0.771166
457.2	0.770135
457.6	0.769101
458	0.768066
458.4	0.767029
458.8	0.76599
459.2	0.764949
459.6	0.763905
460	0.76286
460.4	0.761813
460.8	0.760763
461.2	0.759712
461.6	0.758659
462	0.757604
462.4	0.756547
462.8	0.755488
463.2	0.754427
463.6	0.753363
464	0.752299
464.4	0.751232
464.8	0.750163
465.2	0.749093
465.6	0.748021
466	0.746947
466.4	0.745871
466.8	0.744794
467.2	0.743716
467.6	0.742636
468	0.741554
468.4	0.740471
468.8	0.739386
469.2	0.7383
469.6	0.737213
470	0.736124
470.4	0.735035
470.8	0.733943
471.2	0.73285
471.6	0.731756
472	0.730661
472.4	0.729564
472.8	0.728467
473.2	0.727368
473.6	0.726268
474	0.725168
474.4	0.724066
474.8	0.722964
475.2	0.721861
475.6	0.720757
476	0.719652
476.4	0.718547
476.8	0.717441
477.2	0.716334
477.6	0.715227
478	0.71412
478.4	0.713012
478.8	0.711903
479.2	0.710794
479.6	0.709684
480	0.708574
480.4	0.707463
480.8	0.706352
481.2	0.705241
481.6	0.704129
482	0.703018
482.4	0.701906
482.8	0.700794
483.2	0.699682
483.6	0.69857
484	0.697458
484.4	0.696346
484.8	0.695234
485.2	0.694122
485.6	0.69301
486	0.691899
486.4	0.690787
486.8	0.689676
487.2	0.688564
487.6	0.687453
488	0.686342
488.4	0.685232
488.8	0.684122
489.2	0.683012
489.6	0.681903
490	0.680794
490.4	0.679686
490.8	0.678578
491.2	0.677471
491.6	0.676364
492	0.675258
492.4	0.674152
492.8	0.673048
493.2	0.671944
493.6	0.670841
494	0.669739
494.4	0.668638
494.8	0.667538
495.2	0.666438
495.6	0.665339
496	0.664241
496.4	0.663144
496.8	0.662048
497.2	0.660953
497.6	0.659859
498	0.658767
498.4	0.657675
498.8	0.656585
499.2	0.655495
499.6	0.654407
500	0.65332
500.4	0.652234
500.8	0.651149
501.2	0.650066
501.6	0.648983
502	0.647902
502.4	0.646822
502.8	0.645743
503.2	0.644666
503.6	0.64359
504	0.642515
504.4	0.641443
504.8	0.640371
505.2	0.639301
505.6	0.638233
506	0.637165
506.4	0.6361
506.8	0.635036
507.2	0.633973
507.6	0.632912
508	0.631853
508.4	0.630795
508.8	0.629739
509.2	0.628685
509.6	0.627632
510	0.62658
510.4	0.625531
510.8	0.624482
511.2	0.623436
511.6	0.622391
512	0.621348
512.4	0.620306
512.8	0.619266
513.2	0.618228
513.6	0.617192
514	0.616157
514.4	0.615124
514.8	0.614093
515.2	0.613064
515.6	0.612037
516	0.611011
516.4	0.609987
516.8	0.608965
517.2	0.607945
517.6	0.606927
518	0.605911
518.4	0.604896
518.8	0.603884
519.2	0.602873
519.6	0.601865
520	0.600858
520.4	0.599853
520.8	0.59885
521.2	0.597849
521.6	0.59685
522	0.595854
522.4	0.594859
522.8	0.593866
523.2	0.592876
523.6	0.591887
524	0.590901
524.4	0.589917
524.8	0.588935
525.2	0.587955
525.6	0.586977
526	0.586002
526.4	0.585029
526.8	0.584057
527.2	0.583088
527.6	0.58212
528	0.581155
528.4	0.580192
528.8	0.57923
529.2	0.578271
529.6	0.577314
530	0.57636
530.4	0.575407
530.8	0.574456
531.2	0.573508
531.6	0.572562
532	0.571617
532.4	0.570675
532.8	0.569735
533.2	0.568797
533.6	0.567861
534	0.566927
534.4	0.565996
534.8	0.565066
535.2	0.564139
535.6	0.563214
536	0.562291
536.4	0.56137
536.8	0.560451
537.2	0.559534
537.6	0.55862
538	0.557707
538.4	0.556797
538.8	0.555889
539.2	0.554984
539.6	0.55408
540	0.553178
540.4	0.552279
540.8	0.551382
541.2	0.550487
541.6	0.549594
542	0.548704
542.4	0.547816
542.8	0.546929
543.2	0.546045
543.6	0.545163
544	0.544283
544.4	0.543405
544.8	0.542529
545.2	0.541655
545.6	0.540783
546	0.539913
546.4	0.539045
546.8	0.53818
547.2	0.537316
547.6	0.536455
548	0.535595
548.4	0.534738
548.8	0.533883
549.2	0.53303
549.6	0.532179
550	0.53133
550.4	0.530483
550.8	0.529638
551.2	0.528795
551.6	0.527954
552	0.527115
552.4	0.526279
552.8	0.525444
553.2	0.524611
553.6	0.52378
554	0.522952
554.4	0.522125
554.8	0.5213
555.2	0.520477
555.6	0.519656
556	0.518838
556.4	0.518021
556.8	0.517206
557.2	0.516394
557.6	0.515583
558	0.514775
558.4	0.513968
558.8	0.513164
559.2	0.512361
559.6	0.511561
560	0.510762
560.4	0.509966
560.8	0.509171
561.2	0.508378
561.6	0.507587
562	0.506799
562.4	0.506012
562.8	0.505226
563.2	0.504443
563.6	0.503662
564	0.502882
564.4	0.502105
564.8	0.501329
565.2	0.500555
565.6	0.499784
566	0.499014
566.4	0.498247
566.8	0.497481
567.2	0.496717
567.6	0.495955
568	0.495194
568.4	0.494436
568.8	0.493679
569.2	0.492924
569.6	0.492171
570	0.491419
570.4	0.49067
570.8	0.489922
571.2	0.489175
571.6	0.488431
572	0.487688
572.4	0.486947
572.8	0.486207
573.2	0.485469
573.6	0.484733
574	0.483999
574.4	0.483266
574.8	0.482535
575.2	0.481807
575.6	0.48108
576	0.480355
576.4	0.479632
576.8	0.478911
577.2	0.478191
577.6	0.477474
578	0.476758
578.4	0.476044
578.8	0.475331
579.2	0.474621
579.6	0.473912
580	0.473204
580.4	0.472498
580.8	0.471794
581.2	0.471091
581.6	0.47039
582	0.46969
582.4	0.468992
582.8	0.468296
583.2	0.467602
583.6	0.466909
584	0.466218
584.4	0.465529
584.8	0.464841
585.2	0.464154
585.6	0.463469
586	0.462786
586.4	0.462105
586.8	0.461425
587.2	0.460747
587.6	0.46007
588	0.459394
588.4	0.45872
588.8	0.458048
589.2	0.457377
589.6	0.456708
590	0.45604
590.4	0.455373
590.8	0.454709
591.2	0.454045
591.6	0.453384
592	0.452723
592.4	0.452064
592.8	0.451406
593.2	0.45075
593.6	0.450095
594	0.449442
594.4	0.44879
594.8	0.44814
595.2	0.447491
595.6	0.446843
596	0.446197
596.4	0.445552
596.8	0.444908
597.2	0.444266
597.6	0.443625
598	0.442985
598.4	0.442347
598.8	0.441709
599.2	0.441074
599.6	0.440439
600	0.439806
600.4	0.439173
600.8	0.438543
601.2	0.437913
601.6	0.437284
602	0.436657
602.4	0.43603
602.8	0.435405
603.2	0.434782
603.6	0.434159
604	0.433538
604.4	0.432918
604.8	0.432299
605.2	0.431681
605.6	0.431065
606	0.43045
606.4	0.429836
606.8	0.429223
607.2	0.428612
607.6	0.428002
608	0.427393
608.4	0.426786
608.8	0.42618
609.2	0.425575
609.6	0.424971
610	0.424369
610.4	0.423768
610.8	0.423168
611.2	0.422569
611.6	0.421971
612	0.421374
612.4	0.420779
612.8	0.420185
613.2	0.419591
613.6	0.418999
614	0.418408
614.4	0.417818
614.8	0.41723
615.2	0.416642
615.6	0.416055
616	0.41547
616.4	0.414886
616.8	0.414303
617.2	0.413721
617.6	0.41314
618	0.41256
618.4	0.411981
618.8	0.411403
619.2	0.410826
619.6	0.410249
620	0.409674
620.4	0.4091
620.8	0.408527
621.2	0.407955
621.6	0.407384
622	0.406814
622.4	0.406245
622.8	0.405677
623.2	0.40511
623.6	0.404544
624	0.403978
624.4	0.403414
624.8	0.402851
625.2	0.402289
625.6	0.401728
626	0.401167
626.4	0.400608
626.8	0.40005
627.2	0.399492
627.6	0.398936
628	0.398381
628.4	0.397827
628.8	0.397273
629.2	0.39672
629.6	0.396169
630	0.395618
630.4	0.395068
630.8	0.394519
631.2	0.393971
631.6	0.393424
632	0.392878
632.4	0.392333
632.8	0.391789
633.2	0.391246
633.6	0.390703
634	0.390162
634.4	0.389621
634.8	0.389082
635.2	0.388543
635.6	0.388005
636	0.387469
636.4	0.386933
636.8	0.386398
637.2	0.385864
637.6	0.385331
638	0.384799
638.4	0.384268
638.8	0.383738
639.2	0.383208
639.6	0.38268
640	0.382152
640.4	0.381625
640.8	0.381099
641.2	0.380574
641.6	0.380049
642	0.379525
642.4	0.379002
642.8	0.378479
643.2	0.377957
643.6	0.377436
644	0.376916
644.4	0.376397
644.8	0.375878
645.2	0.375361
645.6	0.374844
646	0.374328
646.4	0.373813
646.8	0.373298
647.2	0.372785
647.6	0.372272
648	0.37176
648.4	0.371248
648.8	0.370737
649.2	0.370227
649.6	0.369718
650	0.369209
650.4	0.368702
650.8	0.368195
651.2	0.367688
651.6	0.367183
652	0.366678
652.4	0.366174
652.8	0.36567
653.2	0.365167
653.6	0.364665
654	0.364164
654.4	0.363664
654.8	0.363164
655.2	0.362664
655.6	0.362166
656	0.361668
656.4	0.36117
656.8	0.360674
657.2	0.360178
657.6	0.359683
658	0.359188
658.4	0.358694
658.8	0.358201
659.2	0.357708
659.6	0.357216
660	0.356724
660.4	0.356234
660.8	0.355744
661.2	0.355254
661.6	0.354765
662	0.354277
662.4	0.35379
662.8	0.353303
663.2	0.352817
663.6	0.352332
664	0.351847
664.4	0.351363
664.8	0.35088
665.2	0.350397
665.6	0.349915
666	0.349434
666.4	0.348953
666.8	0.348473
667.2	0.347993
667.6	0.347514
668	0.347036
668.4	0.346559
668.8	0.346082
669.2	0.345605
669.6	0.345129
670	0.344654
670.4	0.344179
670.8	0.343705
671.2	0.343231
671.6	0.342758
672	0.342285
672.4	0.341813
672.8	0.341342
673.2	0.340871
673.6	0.340401
674	0.339931
674.4	0.339462
674.8	0.338993
675.2	0.338525
675.6	0.338058
676	0.337591
676.4	0.337125
676.8	0.336659
677.2	0.336194
677.6	0.33573
678	0.335266
678.4	0.334803
678.8	0.334341
679.2	0.333879
679.6	0.333417
680	0.332957
680.4	0.332497
680.8	0.332038
681.2	0.331579
681.6	0.331121
682	0.330664
682.4	0.330207
682.8	0.329751
683.2	0.329295
683.6	0.328841
684	0.328386
684.4	0.327933
684.8	0.327479
685.2	0.327027
685.6	0.326575
686	0.326123
686.4	0.325673
686.8	0.325222
687.2	0.324773
687.6	0.324323
688	0.323875
688.4	0.323426
688.8	0.322978
689.2	0.322531
689.6	0.322084
690	0.321637
690.4	0.321191
690.8	0.320746
691.2	0.320301
691.6	0.319857
692	0.319414
692.4	0.318971
692.8	0.318528
693.2	0.318086
693.6	0.317644
694	0.317203
694.4	0.316763
694.8	0.316323
695.2	0.315883
695.6	0.315444
696	0.315005
696.4	0.314567
696.8	0.31413
697.2	0.313693
697.6	0.313256
698	0.31282
698.4	0.312385
698.8	0.311949
699.2	0.311515
699.6	0.31108
700	0.310646
700.4	0.310213
700.8	0.30978
701.2	0.309348
701.6	0.308916
702	0.308485
702.4	0.308054
702.8	0.307623
703.2	0.307193
703.6	0.306764
704	0.306334
704.4	0.305906
704.8	0.305478
705.2	0.30505
705.6	0.304623
706	0.304197
706.4	0.303771
706.8	0.303346
707.2	0.302921
707.6	0.302497
708	0.302073
708.4	0.301649
708.8	0.301226
709.2	0.300804
709.6	0.300381
710	0.29996
710.4	0.299538
710.8	0.299118
711.2	0.298698
711.6	0.298278
712	0.297859
712.4	0.29744
712.8	0.297022
713.2	0.296604
713.6	0.296187
714	0.29577
714.4	0.295353
714.8	0.294938
715.2	0.294522
715.6	0.294107
716	0.293692
716.4	0.293278
716.8	0.292864
717.2	0.29245
717.6	0.292037
718	0.291624
718.4	0.291212
718.8	0.2908
719.2	0.290389
719.6	0.289978
720	0.289568
720.4	0.289158
720.8	0.288748
721.2	0.288339
721.6	0.28793
722	0.287521
722.4	0.287113
722.8	0.286706
723.2	0.286298
723.6	0.285892
724	0.285485
724.4	0.285079
724.8	0.284674
725.2	0.284269
725.6	0.283864
726	0.28346
726.4	0.283057
726.8	0.282654
727.2	0.282251
727.6	0.281849
728	0.281447
728.4	0.281046
728.8	0.280646
729.2	0.280245
729.6	0.279845
730	0.279445
730.4	0.279046
730.8	0.278648
731.2	0.27825
731.6	0.277852
732	0.277455
732.4	0.277059
732.8	0.276663
733.2	0.276267
733.6	0.275872
734	0.275477
734.4	0.275083
734.8	0.27469
735.2	0.274297
735.6	0.273904
736	0.273512
736.4	0.273121
736.8	0.27273
737.2	0.272339
737.6	0.271949
738	0.271559
738.4	0.27117
738.8	0.270781
739.2	0.270393
739.6	0.270005
740	0.269617
740.4	0.26923
740.8	0.268844
741.2	0.268458
741.6	0.268073
742	0.267687
742.4	0.267303
742.8	0.266918
743.2	0.266534
743.6	0.266151
744	0.265768
744.4	0.265385
744.8	0.265003
745.2	0.264621
745.6	0.264239
746	0.263858
746.4	0.263477
746.8	0.263097
747.2	0.262717
747.6	0.262337
748	0.261958
748.4	0.261579
748.8	0.2612
749.2	0.260822
749.6	0.260445
750	0.260068
750.4	0.259691
750.8	0.259315
751.2	0.258939
751.6	0.258564
752	0.258189
752.4	0.257814
752.8	0.25744
753.2	0.257066
753.6	0.256692
754	0.256319
754.4	0.255946
754.8	0.255573
755.2	0.2552
755.6	0.254828
756	0.254456
756.4	0.254085
756.8	0.253714
757.2	0.253344
757.6	0.252973
758	0.252604
758.4	0.252234
758.8	0.251865
759.2	0.251497
759.6	0.251129
760	0.250761
760.4	0.250394
760.8	0.250028
761.2	0.249662
761.6	0.249296
762	0.248931
762.4	0.248566
762.8	0.248202
763.2	0.247838
763.6	0.247475
764	0.247112
764.4	0.24675
764.8	0.246388
765.2	0.246027
765.6	0.245666
766	0.245306
766.4	0.244947
766.8	0.244587
767.2	0.244228
767.6	0.24387
768	0.243512
768.4	0.243154
768.8	0.242797
769.2	0.24244
769.6	0.242084
770	0.241728
770.4	0.241372
770.8	0.241017
771.2	0.240663
771.6	0.240308
772	0.239955
772.4	0.239601
772.8	0.239248
773.2	0.238896
773.6	0.238544
774	0.238192
774.4	0.237841
774.8	0.237491
775.2	0.23714
775.6	0.23679
776	0.236441
776.4	0.236092
776.8	0.235744
777.2	0.235396
777.6	0.235048
778	0.234701
778.4	0.234354
778.8	0.234007
779.2	0.233661
779.6	0.233316
780	0.23297
780.4	0.232626
780.8	0.232282
781.2	0.231938
781.6	0.231594
782	0.231251
782.4	0.230909
782.8	0.230567
783.2	0.230225
783.6	0.229884
784	0.229543
784.4	0.229203
784.8	0.228863
785.2	0.228524
785.6	0.228185
786	0.227847
786.4	0.22751
786.8	0.227172
787.2	0.226836
787.6	0.226499
788	0.226163
788.4	0.225827
788.8	0.225492
789.2	0.225157
789.6	0.224823
790	0.224489
790.4	0.224156
790.8	0.223823
791.2	0.223491
791.6	0.223159
792	0.222828
792.4	0.222497
792.8	0.222167
793.2	0.221837
793.6	0.221508
794	0.221179
794.4	0.220851
794.8	0.220524
795.2	0.220197
795.6	0.21987
796	0.219544
796.4	0.219219
796.8	0.218894
797.2	0.21857
797.6	0.218245
798	0.217922
798.4	0.217599
798.8	0.217276
799.2	0.216953
799.6	0.216631
800	0.216309
800.4	0.215988
800.8	0.215667
801.2	0.215347
801.6	0.215027
802	0.214707
802.4	0.214388
802.8	0.214069
803.2	0.213751
803.6	0.213432
804	0.213115
804.4	0.212797
804.8	0.212481
805.2	0.212164
805.6	0.211847
806	0.211531
806.4	0.211216
806.8	0.210901
807.2	0.210586
807.6	0.210272
808	0.209958
808.4	0.209645
808.8	0.209331
809.2	0.209019
809.6	0.208706
810	0.208394
810.4	0.208082
810.8	0.207771
811.2	0.207459
811.6	0.207149
812	0.206839
812.4	0.206529
812.8	0.20622
813.2	0.205911
813.6	0.205602
814	0.205295
814.4	0.204987
814.8	0.20468
815.2	0.204374
815.6	0.204068
816	0.203763
816.4	0.203458
816.8	0.203153
817.2	0.202849
817.6	0.202545
818	0.202242
818.4	0.201939
818.8	0.201636
819.2	0.201335
819.6	0.201033
820	0.200732
820.4	0.200432
820.8	0.200132
821.2	0.199832
821.6	0.199533
822	0.199234
822.4	0.198936
822.8	0.198638
823.2	0.19834
823.6	0.198043
824	0.197746
824.4	0.19745
824.8	0.197153
825.2	0.196858
825.6	0.196563
826	0.196268
826.4	0.195973
826.8	0.19568
827.2	0.195386
827.6	0.195093
828	0.1948
828.4	0.194508
828.8	0.194216
829.2	0.193924
829.6	0.193633
830	0.193342
830.4	0.193051
830.8	0.192761
831.2	0.192471
831.6	0.192181
832	0.191892
832.4	0.191603
832.8	0.191314
833.2	0.191026
833.6	0.190739
834	0.190452
834.4	0.190165
834.8	0.189879
835.2	0.189594
835.6	0.189309
836	0.189025
836.4	0.188741
836.8	0.188458
837.2	0.188176
837.6	0.187894
838	0.187613
838.4	0.187332
838.8	0.187051
839.2	0.186771
839.6	0.18649
840	0.18621
840.4	0.185931
840.8	0.185652
841.2	0.185372
841.6	0.185094
842	0.184815
842.4	0.184537
842.8	0.18426
843.2	0.183983
843.6	0.183706
844	0.183429
844.4	0.183153
844.8	0.182878
845.2	0.182602
845.6	0.182327
846	0.182053
846.4	0.181779
846.8	0.181505
847.2	0.181231
847.6	0.180958
848	0.180685
848.4	0.180412
848.8	0.18014
849.2	0.179868
849.6	0.179596
850	0.179325
850.4	0.179054
850.8	0.178783
851.2	0.178512
851.6	0.178242
852	0.177972
852.4	0.177703
852.8	0.177434
853.2	0.177165
853.6	0.176896
854	0.176628
854.4	0.17636
854.8	0.176092
855.2	0.175824
855.6	0.175557
856	0.17529
856.4	0.175024
856.8	0.174759
857.2	0.174493
857.6	0.174228
858	0.173964
858.4	0.1737
858.8	0.173436
859.2	0.173173
859.6	0.17291
860	0.172648
860.4	0.172385
860.8	0.172123
861.2	0.171861
861.6	0.1716
862	0.171339
862.4	0.171078
862.8	0.170818
863.2	0.170557
863.6	0.170298
864	0.170038
864.4	0.169779
864.8	0.16952
865.2	0.169261
865.6	0.169003
866	0.168745
866.4	0.168488
866.8	0.168231
867.2	0.167974
867.6	0.167718
868	0.167462
868.4	0.167206
868.8	0.166951
869.2	0.166696
869.6	0.166441
870	0.166187
870.4	0.165933
870.8	0.165679
871.2	0.165425
871.6	0.165172
872	0.164919
872.4	0.164667
872.8	0.164415
873.2	0.164164
873.6	0.163913
874	0.163662
874.4	0.163411
874.8	0.163161
875.2	0.162912
875.6	0.162663
876	0.162414
876.4	0.162165
876.8	0.161916
877.2	0.161668
877.6	0.16142
878	0.161173
878.4	0.160925
878.8	0.160678
879.2	0.160432
879.6	0.160185
880	0.15994
880.4	0.159694
880.8	0.159448
881.2	0.159203
881.6	0.158958
882	0.158713
882.4	0.158469
882.8	0.158225
883.2	0.157982
883.6	0.157739
884	0.157497
884.4	0.157255
884.8	0.157013
885.2	0.156772
885.6	0.156531
886	0.156291
886.4	0.15605
886.8	0.15581
887.2	0.15557
887.6	0.155331
888	0.155092
888.4	0.154853
888.8	0.154615
889.2	0.154377
889.6	0.154139
890	0.153902
890.4	0.153665
890.8	0.153428
891.2	0.153192
891.6	0.152956
892	0.15272
892.4	0.152484
892.8	0.152249
893.2	0.152014
893.6	0.151779
894	0.151545
894.4	0.151311
894.8	0.151077
895.2	0.150843
895.6	0.15061
896	0.150377
896.4	0.150144
896.8	0.149912
897.2	0.14968
897.6	0.149448
898	0.149216
898.4	0.148986
898.8	0.148755
899.2	0.148525
899.6	0.148295
900	0.148066
900.4	0.147837
900.8	0.147608
901.2	0.14738
901.6	0.147152
902	0.146924
902.4	0.146697
902.8	0.14647
903.2	0.146243
903.6	0.146016
904	0.14579
904.4	0.145564
904.8	0.145338
905.2	0.145112
905.6	0.144887
906	0.144663
906.4	0.144438
906.8	0.144214
907.2	0.143991
907.6	0.143768
908	0.143544
908.4	0.143321
908.8	0.143099
909.2	0.142876
909.6	0.142654
910	0.142432
910.4	0.14221
910.8	0.141988
911.2	0.141767
911.6	0.141545
912	0.141325
912.4	0.141104
912.8	0.140884
913.2	0.140665
913.6	0.140445
914	0.140226
914.4	0.140007
914.8	0.139788
915.2	0.13957
915.6	0.139351
916	0.139133
916.4	0.138915
916.8	0.138697
917.2	0.138479
917.6	0.138262
918	0.138045
918.4	0.137828
918.8	0.137611
919.2	0.137395
919.6	0.137178
920	0.136962
920.4	0.136746
920.8	0.136531
921.2	0.136315
921.6	0.1361
922	0.135885
922.4	0.13567
922.8	0.135455
923.2	0.13524
923.6	0.135026
924	0.134811
924.4	0.134597
924.8	0.134384
925.2	0.13417
925.6	0.133957
926	0.133744
926.4	0.133531
926.8	0.133319
927.2	0.133107
927.6	0.132895
928	0.132683
928.4	0.132471
928.8	0.13226
929.2	0.132048
929.6	0.131837
930	0.131627
930.4	0.131416
930.8	0.131206
931.2	0.130997
931.6	0.130787
932	0.130578
932.4	0.130369
932.8	0.13016
933.2	0.129951
933.6	0.129743
934	0.129534
934.4	0.129326
934.8	0.129118
935.2	0.12891
935.6	0.128702
936	0.128495
936.4	0.128287
936.8	0.12808
937.2	0.127873
937.6	0.127666
938	0.127459
938.4	0.127252
938.8	0.127045
939.2	0.126839
939.6	0.126632
940	0.126426
940.4	0.12622
940.8	0.126014
941.2	0.125809
941.6	0.125603
942	0.125398
942.4	0.125194
942.8	0.124989
943.2	0.124785
943.6	0.124582
944	0.124378
944.4	0.124175
944.8	0.123972
945.2	0.12377
945.6	0.123568
946	0.123366
946.4	0.123165
946.8	0.122963
947.2	0.122762
947.6	0.122562
948	0.122361
948.4	0.122161
948.8	0.121961
949.2	0.121761
949.6	0.121562
950	0.121362
950.4	0.121163
950.8	0.120965
951.2	0.120766
951.6	0.120568
952	0.12037
952.4	0.120173
952.8	0.119975
953.2	0.119778
953.6	0.119582
954	0.119386
954.4	0.11919
954.8	0.118994
955.2	0.118799
955.6	0.118604
956	0.118409
956.4	0.118215
956.8	0.118021
957.2	0.117827
957.6	0.117633
958	0.11744
958.4	0.117247
958.8	0.117054
959.2	0.116862
959.6	0.116669
960	0.116477
960.4	0.116286
960.8	0.116095
961.2	0.115904
961.6	0.115713
962	0.115523
962.4	0.115333
962.8	0.115143
963.2	0.114953
963.6	0.114764
964	0.114574
964.4	0.114385
964.8	0.114196
965.2	0.114008
965.6	0.113819
966	0.113631
966.4	0.113443
966.8	0.113255
967.2	0.113067
967.6	0.112879
968	0.112691
968.4	0.112504
968.8	0.112317
969.2	0.11213
969.6	0.111943
970	0.111757
970.4	0.11157
970.8	0.111384
971.2	0.111198
971.6	0.111012
972	0.110826
972.4	0.11064
972.8	0.110455
973.2	0.110269
973.6	0.110084
974	0.109899
974.4	0.109714
974.8	0.109529
975.2	0.109345
975.6	0.109161
976	0.108977
976.4	0.108793
976.8	0.10861
977.2	0.108426
977.6	0.108244
978	0.108061
978.4	0.107879
978.8	0.107697
979.2	0.107515
979.6	0.107333
980	0.107152
980.4	0.106971
980.8	0.106791
981.2	0.10661
981.6	0.10643
982	0.106251
982.4	0.106071
982.8	0.105892
983.2	0.105713
983.6	0.105535
984	0.105357
984.4	0.105179
984.8	0.105001
985.2	0.104824
985.6	0.104646
986	0.104469
986.4	0.104292
986.8	0.104115
987.2	0.103939
987.6	0.103763
988	0.103587
988.4	0.103411
988.8	0.103235
989.2	0.10306
989.6	0.102885
990	0.102711
990.4	0.102536
990.8	0.102361
991.2	0.102187
991.6	0.102013
992	0.101839
992.4	0.101666
992.8	0.101492
993.2	0.101318
993.6	0.101145
994	0.100972
994.4	0.100799
994.8	0.100626
995.2	0.100453
995.6	0.100281
996	0.100108
996.4	0.0999365
996.8	0.0997648
997.2	0.0995934
997.6	0.0994221
998	0.099251
998.4	0.0990802
998.8	0.0989095
999.2	0.0987391
999.6	0.0985689
