  Tick     DoY    hits
     301  98.63970   1
    1071  98.75640   1
    4270  99.24150   1
    4969  99.34750   1
    5835  99.47890   1
   13332 100.61570   1
   13333 100.61580   2
   13335 100.61610   1
   13336 100.61630   3
   13337 100.61640   1
   13339 100.61680   2
   13343 100.61740   1
   13344 100.61750   1
   13346 100.61780   1
   13349 100.61830   1
   17874 101.30440   1
   17966 101.31840   1
   18827 101.44900   1
   20029 101.63120   1
   20120 101.64500   1
   20547 101.70980   1
   22228 101.96470   1
   23574 102.16880   1
   24423 102.29750   1
   26925 102.67690   1
   28211 102.87190   1
   28455 102.90890   1
   31689 103.39930   1
   32413 103.50910   1
   34259 103.78900   1
   34332 103.80010   1
   35541 103.98350   1
   35866 104.03270   1
   37350 104.25780   1
   38666 104.45730   1
   39922 104.64780   1
   39955 104.65280   1
   40242 104.69630   1
   40270 104.70060   1
   41663 104.91180   1
   41667 104.91240   1
   45944 105.56100   1
   46573 105.65630   1
   47265 105.76130   1
   48409 105.93470   1
   49894 106.15990   1
   50091 106.18980   1
   51101 106.34300   1
   52083 106.49190   1
   52515 106.55740   1
   52742 106.59180   1
   52939 106.62170   1
   53048 106.63820   1
   53502 106.70700   1
   54273 106.82400   1
   56806 107.20810   1
   60635 107.78870   1
   60710 107.80010   1
   60939 107.83480   1
   61491 107.91850   1
   61507 107.92090   1
   62354 108.04940   1
   63507 108.22420   1
   65667 108.55170   1
   66692 108.70720   1
   66693 108.70730   1
   66694 108.70750   7
   66695 108.70760   6
   66696 108.70780   6
   66697 108.70790  10
   66698 108.70810  10
   66699 108.70820   2
   66700 108.70840   5
   66701 108.70850   4
   66702 108.70870   2
   66703 108.70880   1
   66705 108.70910   2
   66706 108.70930   3
   66707 108.70940   6
   66709 108.70970   3
   66711 108.71000   1
   67092 108.76780   1
   68456 108.97470   1
   68486 108.97920   1
   68840 109.03290   1
   69244 109.09410   1
   70182 109.23640   1
   71302 109.40620   1
   71518 109.43900   1
   73290 109.70770   1
   73568 109.74980   1
   73775 109.78120   1
   74813 109.93860   1
   76421 110.18250   1
   77256 110.30910   1
   77267 110.31080   1
   77682 110.37370   1
   77759 110.38540   1
   78010 110.42340   1
   78134 110.44220   1
   78749 110.53550   1
   79083 110.58610   1
   79166 110.59870   1
   79410 110.63570   1
   79857 110.70350   1
   80657 110.82480   1
   82422 111.09250   1
   83474 111.25200   1
   84243 111.36860   1
   84354 111.38540   1
   84531 111.41230   1
   84756 111.44640   1
   84950 111.47580   1
   85219 111.51660   1
   86919 111.77440   1
   86943 111.77800   1
   87952 111.93100   1
   88629 112.03370   1
   89116 112.10750   1
   89430 112.15510   1
   89943 112.23290   1
   89967 112.23660   1
   91118 112.41110   1
   91585 112.48190   1
   92274 112.58640   1
   92895 112.68060   1
   93422 112.76050   1
   93655 112.79580   1
   93888 112.83110   1
   94386 112.90670   1
   94454 112.91700   1
   94686 112.95220   1
   95064 113.00950   1
   95842 113.12750   1
   95951 113.14400   1
   96414 113.21420   1
   96463 113.22160   1
   96683 113.25500   1
   96893 113.28680   1
   97948 113.44680   1
   97988 113.45290   1
   98114 113.47200   1
   98201 113.48520   1
   99610 113.69880   1
   99986 113.75580   1
  101156 113.93330   1
  101204 113.94050   1
  102188 114.08980   1
  102564 114.14680   1
  103291 114.25700   1
  103328 114.26260   1
  103593 114.30280   1
  103625 114.30770   1
  103789 114.33250   1
  104265 114.40470   1
  104593 114.45450   1
  104841 114.49210   1
  105948 114.65990  30
  105949 114.66010   3
  105950 114.66020   1
  105952 114.66050   3
  105953 114.66070   1
  105954 114.66080   2
  105955 114.66100   5
  105957 114.66130   2
  105960 114.66170   2
  105961 114.66190   2
  105968 114.66300   1
  105981 114.66490   1
  105987 114.66580   1
  105988 114.66600   2
  105989 114.66610   1
  105991 114.66640   2
  105992 114.66660   2
  105993 114.66670   1
  105994 114.66690   1
  105995 114.66700   2
  105996 114.66720   1
  105997 114.66740   3
  105998 114.66750  10
  105999 114.66770   9
  106000 114.66780   2
  106002 114.66810   1
  107161 114.84390   1
  107529 114.89970   1
  107729 114.93000   1
  114029 115.88530   1
  115125 116.05150   1
  116093 116.19830   1
  116556 116.26850   1
  116708 116.29160   1
  117048 116.34310   1
  117158 116.35980   1
  117393 116.39540   1
  117431 116.40120   1
  120061 116.80000   1
  120068 116.80110   1
  120414 116.85350   1
  121314 116.99000   1
  121687 117.04660   1
  121847 117.07080   1
  123267 117.28620   1
  123957 117.39080   1
  124556 117.48160   1
  125672 117.65090   1
  125800 117.67030   1
  126808 117.82310   1
  127392 117.91170   1
  128025 118.00770   1
  128867 118.13530   1
  128901 118.14050   1
  129409 118.21750   1
  129490 118.22980   1
  130875 118.43980   1
  132341 118.66210   1
  132748 118.72390   1
  133637 118.85870   1
  133732 118.87310   1
  134211 118.94570   1
  134214 118.94620   1
  134980 119.06230   1
  135343 119.11740   1
  135625 119.16010   1
  136048 119.22430   1
  136164 119.24190   1
  136415 119.27990   1
  136644 119.31460   1
  137468 119.43960   1
  137731 119.47950   1
  138337 119.57140   1
  139461 119.74180   1
  139471 119.74330   1
  139655 119.77120   1
  139848 119.80050   1
  140113 119.84070   1
  141629 120.07060   1
  142236 120.16260   1
  142593 120.21670   1
  143580 120.36640   1
  145330 120.63180   1
  146933 120.87490   1
  147869 121.01680   1
  148001 121.03680   1
  149281 121.23090   1
  149838 121.31540   1
  150059 121.34890   1
  151417 121.55480   1
  152100 121.65840   1
  153418 121.85820   1
  153890 121.92980   1
  154273 121.98790   1
  155162 122.12270   1
  155169 122.12380   1
  155645 122.19590   1
  155817 122.22200   1
  156423 122.31390   1
  156934 122.39140   1
  157099 122.41640   1
  157603 122.49290   1
  159668 122.80600   1
  160981 123.00510   1
  166147 123.78850   1
  169138 124.24200   1
  169162 124.24570   1
  170655 124.47200   1
  171401 124.58520   1
  173628 124.92290   1
  173937 124.96970   1
  175005 125.13170   1
  176448 125.35050   1
  176450 125.35080   1
  176894 125.41810   1
  177160 125.45850   1
  181706 126.14780   1
  182258 126.23150   1
  183074 126.35530   1
  183842 126.47170   1
  184177 126.52250   1
  186865 126.93010   1
  187656 127.05010   1
  190470 127.47680   1
  191098 127.57200   1
  196271 128.35640   1
  197131 128.48680   1
  200156 128.94560   1
  202157 129.24900   1
  203162 129.40140   1
  203677 129.47950   1
  205327 129.72970   1
  207511 130.06090   1
  207935 130.12520   1
  209374 130.34340   1
  211362 130.64480   1
  220437 132.02100   1
  228426 133.23240   1
  231612 133.71550   1
  233234 133.96150   1
  234523 134.15700   1
  236253 134.41930   1
  236686 134.48490   1
  237542 134.61470   1
  237970 134.67970   1
  238400 134.74490   1
  239264 134.87590   1
  240552 135.07120   1
  240984 135.13670   1
  241413 135.20180   1
  241840 135.26650   1
  241843 135.26700   1
  242705 135.39770   1
  243247 135.47990   1
  243566 135.52820   1
  244553 135.67790   1
  245289 135.78950   1
  249588 136.44140   1
  250009 136.50520   1
  250620 136.59790   1
  251314 136.70310   1
  251749 136.76910   1
  253463 137.02900   1
  255181 137.28950   1
  257486 137.63900   1
  259064 137.87830   1
  259478 137.94110   1
  261643 138.26940   1
  263777 138.59300   1
  263780 138.59350   1
  264212 138.65900   1
  264228 138.66140   1
  264804 138.74870   1
  266143 138.95180   1
  267226 139.11600   1
  269380 139.44260   1
  271958 139.83360   1
  273843 140.11940   1
  274127 140.16250   1
  274976 140.29120   1
  275388 140.35370   1
  279020 140.90440   1
  279707 141.00860   1
  281049 141.21210   1
  281861 141.33530   1
  282650 141.45490   1
  283130 141.52770   1
  285305 141.85750   1
  294343 143.22800   1
  294981 143.32480   1
  299949 144.07810   1
  303252 144.57900   1
  304025 144.69620   1
  305958 144.98930   1
  306135 145.01610   1
  308283 145.34190   1
  309253 145.48900   1
  309407 145.51230   1
  312673 146.00760   1
  314326 146.25820   1
  317152 146.68680   1
  319092 146.98090   1
  321231 147.30530   1
  321892 147.40550   1
  324765 147.84120   1
  325116 147.89440   1
  325703 147.98340   1
  325975 148.02470   1
  326572 148.11520   1
  329633 148.57940   1
  330298 148.68020   1
  331372 148.84310   1
  332607 149.03030   1
  334008 149.24280   1
  335533 149.47400   1
  335630 149.48880   1
  335659 149.49310   1
  336385 149.60320   1
  336532 149.62550   1
  337760 149.81170   1
  338911 149.98630   1
  339407 150.06150   1
  339455 150.06880   1
  339858 150.12990   1
  340080 150.16350   1
  340348 150.20420   1
  340818 150.27550   1
  341015 150.30530   1
  341208 150.33460   1
  341648 150.40130   1
  342446 150.52230   1
  343734 150.71760   1
  343951 150.75050   1
  344093 150.77210   1
  344514 150.83590   1
  344826 150.88320   1
  344873 150.89040   1
  345604 151.00120   1
  345659 151.00950   1
  347257 151.25190   1
  349754 151.63050   1
  350026 151.67180   1
  350715 151.77620   1
  351485 151.89300   1
  351967 151.96610   1
  352232 152.00630   1
  352558 152.05570   1
  352692 152.07600   1
  353718 152.23160   1
  353738 152.23460   1
  354101 152.28970   1
  354281 152.31700   1
  354350 152.32740   1
  354483 152.34760   1
  355613 152.51900   1
  357104 152.74510   1
  359942 153.17540   1
  366024 154.09770   1
  366048 154.10130   1
  366422 154.15800   1
  366905 154.23130   1
  366918 154.23320   1
  367760 154.36090   1
  368050 154.40490   1
  369053 154.55700   1
  370055 154.70890   1
  370728 154.81100   1
  370802 154.82220   1
  371814 154.97570   1
  372345 155.05620   1
  372729 155.11440   1
  372835 155.13050   2
  372837 155.13080   1
  373074 155.16670   1
  373626 155.25040   1
  374518 155.38570   1
  374573 155.39400   1
  374686 155.41120   1
  375985 155.60820   1
  376104 155.62620   1
  376470 155.68170   1
  376723 155.72010   1
  376954 155.75510   1
  377496 155.83730   1
  378263 155.95360   1
  378268 155.95430   1
  379555 156.14950   1
  379741 156.17770   1
  380058 156.22580   1
  380092 156.23090   1
  380254 156.25550   1
  380281 156.25960   1
  380507 156.29390   1
  381421 156.43250   1
  382653 156.61930   1
  382996 156.67130   1
  383478 156.74440   1
  383877 156.80490   1
  384614 156.91670   1
  384664 156.92420   1
  385234 157.01070   1
  385388 157.03400   1
  385487 157.04900   1
  385501 157.05120   1
  385802 157.09680   1
  386307 157.17340   1
  386966 157.27330   1
  387973 157.42600   1
  388259 157.46940   1
  388408 157.49200   1
  388873 157.56250   1
  389331 157.63190   1
  389642 157.67910   1
  390192 157.76250   1
  390347 157.78600   1
  390620 157.82740   1
  391827 158.01040   1
  392203 158.06740   1
  393039 158.19420   1
  393126 158.20740   1
  393206 158.21950   1
  394058 158.34870   1
  394884 158.47400   1
  396343 158.69520   1
  397408 158.85670   1
  397630 158.89040   1
  397872 158.92710   1
  398314 158.99410   1
  398712 159.05450   1
  398933 159.08800   1
  399637 159.19470   1
  399667 159.19930   1
  400504 159.32620   1
  400659 159.34970   1
  400671 159.35150   1
  402454 159.62190   1
  402537 159.63450   1
  402672 159.65500   1
  403095 159.71910   1
  403394 159.76440   1
  403450 159.77290   1
  403890 159.83960   1
  403979 159.85310   1
  405241 160.04450   1
  405762 160.12350   1
  406934 160.30120   1
  407018 160.31400   1
  407868 160.44290   1
  407894 160.44680   1
  408086 160.47590   1
  408244 160.49990   1
  408750 160.57660   1
  408956 160.60790   1
  409033 160.61950   1
  409539 160.69630   1
  409670 160.71610   1
  409898 160.75070   1
  410118 160.78410   1
  410801 160.88760   1
  411409 160.97980   1
  411733 161.02900   1
  412080 161.08160   1
  412509 161.14660   1
  412939 161.21180   1
  412976 161.21750   1
  413039 161.22700   1
  413315 161.26890   1
  413396 161.28110   1
  413454 161.28990   1
  413895 161.35680   1
  414794 161.49310   1
  415069 161.53480   1
  415509 161.60150   1
  415530 161.60470   1
  415628 161.61960   1
  416800 161.79730   1
  416907 161.81350   1
  416916 161.81490   1
  417335 161.87840   1
  417750 161.94140   1
  418455 162.04830   1
  418642 162.07660   1
  418652 162.07820   1
  419180 162.15820   1
  419232 162.16610   1
  419233 162.16630   1
  419474 162.20280   1
  420183 162.31030   1
  420772 162.39960   1
  421046 162.44120   1
  421653 162.53320   1
  421699 162.54020   1
  421980 162.58280   1
  422085 162.59870   2
  422095 162.60030   1
  423374 162.79420   1
  423830 162.86330   1
  425409 163.10280   1
  425547 163.12370   1
  425791 163.16070   1
  426215 163.22500   1
  426246 163.22970   1
  426831 163.31840   1
  426861 163.32300   1
  427751 163.45790   1
  428538 163.57730   1
  430408 163.86080   1
  430482 163.87200   1
  430490 163.87330   1
  430986 163.94850   1
  431171 163.97650   1
  431183 163.97830   2
  431831 164.07660   1
  432018 164.10500   1
  432446 164.16990   1
  433936 164.39580   1
  434115 164.42300   1
  434442 164.47250   1
  434694 164.51080   1
  434971 164.55270   1
  435819 164.68140   1
  435940 164.69970   1
  436322 164.75760   1
  436534 164.78980   1
  436728 164.81920   1
  437571 164.94700   1
  437606 164.95230   1
  437607 164.95250   1
  437730 164.97110   1
  438517 165.09050   1
  439327 165.21330   1
  439387 165.22240   1
  439782 165.28230   1
  439796 165.28440   1
  440180 165.34270   1
  440198 165.34540   1
  440591 165.40500   1
  440682 165.41880   1
  441336 165.51790   1
  441494 165.54190   1
  443170 165.79610   1
  443205 165.80130   1
  443597 165.86080   1
  443774 165.88760   1
  443925 165.91050   1
  444101 165.93720   1
  444809 166.04460   1
  446506 166.30190   1
  447083 166.38940   1
  447207 166.40820   1
  447914 166.51540   1
  447927 166.51740   1
  447953 166.52130   1
  447978 166.52510   1
  447988 166.52660   1
  448206 166.55970   1
  448858 166.65860   1
  449676 166.78260   1
  450091 166.84550   1
  450772 166.94880   1
  451824 167.10830   1
  453592 167.37640   1
  455306 167.63630   1
  455540 167.67180   1
  457035 167.89850   1
  457350 167.94630   1
  457883 168.02710   1
  457889 168.02800   1
  459088 168.20980   1
  461321 168.54840   1
  462415 168.71430   1
  463276 168.84490   1
  463488 168.87710   1
  463528 168.88310   1
  463692 168.90800   1
  463731 168.91390   1
  463853 168.93240   1
  464786 169.07390   1
  465015 169.10860   1
  465639 169.20320   1
  465873 169.23870   1
  466923 169.39790   1
  466971 169.40520   1
  467982 169.55850   1
  468829 169.68700   1
  470386 169.92310   1
  470613 169.95750   1
  471410 170.07830   1
  471890 170.15110   1
  473407 170.38120   1
  474256 170.50990   1
  475373 170.67930   1
  475737 170.73450   1
  477167 170.95130   1
  477295 170.97070   1
  477607 171.01810   1
  480679 171.48390   1
  480943 171.52390   1
  481127 171.55180   1
  482843 171.81200   1
  483707 171.94310   1
  485052 172.14700   1
  485906 172.27650   1
  486370 172.34690   1
  487627 172.53750   1
  490990 173.04740   1
  491665 173.14980   1
  493373 173.40880   1
  493426 173.41680   1
  494071 173.51460   1
  494553 173.58770   1
  497485 174.03230   1
  501343 174.61740   1
  502153 174.74020   1
  503074 174.87990   1
  503715 174.97710   1
  503974 175.01630   1
  509620 175.87250   1
  510822 176.05470   1
  512123 176.25200   1
  512630 176.32890   1
  513262 176.42480   1
  513806 176.50720   1
  515170 176.71410   1
  516245 176.87710   1
  516641 176.93710   1
  519437 177.36110   1
  522979 177.89820   1
  523170 177.92720   1
  523171 177.92740   4
  523172 177.92750   4
  523173 177.92760   1
  523174 177.92780   5
  523175 177.92790   2
  523176 177.92810   4
  523177 177.92830   2
  523178 177.92840   1
  523187 177.92980   1
  523191 177.93040   1
  523195 177.93100   2
  523196 177.93110   3
  523197 177.93130   3
  523198 177.93140   4
  523199 177.93160   8
  523200 177.93170   6
  523201 177.93190   2
  524220 178.08640   1
  524641 178.15030   1
  525067 178.21490   1
  525454 178.27350   1
  526638 178.45310   1
  531166 179.13970   1
  532054 179.27440   1
  533799 179.53900   1
  538935 180.31780   1
  539354 180.38130   1
  540618 180.57300   1
  541055 180.63930   1
  543983 181.08330   1
  545174 181.26390   1
  549617 181.93760   1
  555725 182.86380   1
  565120 184.28850   1
  566819 184.54610   1
  571172 185.20620   1
  572091 185.34560   1
  575875 185.91930   1
  577205 186.12100   1
  579616 186.48660   1
  581045 186.70330   1
  583261 187.03940   1
  583577 187.08730   1
  584078 187.16320   1
  584501 187.22740   1
  584544 187.23390   1
  585129 187.32260   1
  585452 187.37160   1
  586511 187.53220   1
  588436 187.82410   1
  590952 188.20560   1
  592318 188.41280   1
  594000 188.66780   1
  595756 188.93410   1
  603513 190.11040   1
  607832 190.76530   1
  607843 190.76700   1
  608209 190.82240   1
  609075 190.95380   1
  609086 190.95540   1
  609470 191.01370   1
  610599 191.18490   1
  610811 191.21700   1
  613612 191.64180   1
  614223 191.73440   1
  616434 192.06970   1
  618851 192.43620   1
  619106 192.47490   1
  621204 192.79300   1
  622462 192.98380   1
  622706 193.02080   1
  622909 193.05150   1
  624836 193.34380   1
  626740 193.63250   1
  627412 193.73440   1
  627576 193.75920   1
  630024 194.13050   1
  631040 194.28450   1
  631456 194.34760   1
  631881 194.41210   1
  633565 194.66740   1
  634968 194.88020   1
  637049 195.19570   1
  637443 195.25550   1
  638233 195.37530   1
  638607 195.43200   1
  639298 195.53680   1
  641399 195.85540   1
  641418 195.85820   1
  641659 195.89480   1
  643085 196.11100   1
  643331 196.14830   1
  643514 196.17610   1
  644439 196.31630   1
  644809 196.37250   1
  645082 196.41380   1
  645248 196.43900   1
  646088 196.56640   1
  647391 196.76400   1
  649552 197.09170   1
  649595 197.09820   1
  650289 197.20340   1
  652147 197.48520   1
  652960 197.60850   1
  653880 197.74800   1
  654265 197.80640   1
  654699 197.87220   1
  654731 197.87700   1
  655576 198.00520   1
  656006 198.07040   1
  656388 198.12830   1
  656440 198.13620   1
  656490 198.14380   1
  656491 198.14390   1
  657286 198.26450   1
  658138 198.39370   1
  658699 198.47870   1
  659024 198.52800   1
  660308 198.72274   1
  660740 198.78824   1
  662882 199.11304   1
  662909 199.11714   1
  663454 199.19984   1
  663524 199.21044   1
  664888 199.41724   1
  665755 199.54874   1
  666780 199.70414   1
  666783 199.70464   1
  669080 200.05294   1
  669341 200.09254   1
  669961 200.18654   1
  670186 200.22064   1
  670276 200.23434   1
  670925 200.33274   1
  671084 200.35684   1
  671534 200.42504   1
  671976 200.49204   1
  672010 200.49724   1
  672251 200.53374   1
  672379 200.55314   1
  672539 200.57744   1
  672838 200.62284   1
  673740 200.75954   1
  674078 200.81084   1
  674095 200.81344   1
  674109 200.81554   1
  674300 200.84454   1
  674532 200.87964   1
  675613 201.04354   1
  675835 201.07724   1
  675847 201.07904   1
  675854 201.08014   1
  675906 201.08804   1
  676498 201.17774   1
  678209 201.43724   1
  678840 201.53294   1
  679062 201.56664   1
  679263 201.59704   1
  679969 201.70414   1
  680491 201.78324   1
  680774 201.82624   1
  681267 201.90094   1
  681413 201.92314   1
  681698 201.96634   1
  682124 202.03094   1
  682661 202.11234   1
  682721 202.12144   1
  684465 202.38594   1
  684710 202.42304   1
  685106 202.48314   1
  685297 202.51204   1
  685310 202.51404   1
  685688 202.57134   1
  686174 202.64504   1
  686597 202.70924   1
  686627 202.71374   1
  687469 202.84144   1
  687690 202.87494   1
  688368 202.97774   1
  689050 203.08114   1
  689602 203.16484   1
  690057 203.23384   1
  690081 203.23754   1
  691125 203.39584   1
  691329 203.42674   1
  691795 203.49744   1
  692258 203.56764   1
  693092 203.69414   1
  693409 203.74214   1
  695188 204.01194   1
  695246 204.02074   1
  695262 204.02314   1
  695268 204.02404   1
  696577 204.22254   1
  696926 204.27544   1
  696968 204.28184   1
  697478 204.35914   1
  697843 204.41454   1
  697853 204.41604   1
  698588 204.52754   1
  698702 204.54484   1
  698859 204.56864   1
  699074 204.60124   1
  699105 204.60594   1
  699128 204.60934   1
  699134 204.61034   1
  699532 204.67064   1
  699536 204.67124   1
  699950 204.73404   1
  700867 204.87304   1
  701706 205.00034   1
  702163 205.06964   1
  703814 205.31994   1
  705489 205.57394   1
  705985 205.64914   1
  706414 205.71424   1
  706444 205.71884   1
  706857 205.78144   1
  707275 205.84484   1
  707309 205.84994   1
  707332 205.85344   1
  707569 205.88934   1
  707672 205.90504   1
  708185 205.98274   1
  708590 206.04424   1
  708623 206.04924   1
  708685 206.05864   1
  709457 206.17564   1
  711451 206.47804   1
  711520 206.48854   1
  712201 206.59174   1
  712403 206.62244   1
  712501 206.63724   1
  713795 206.83354   1
  714284 206.90764   1
  715916 207.15514   1
  716013 207.16984   1
  716706 207.27494   1
  716836 207.29464   1
  717355 207.37334   1
  717559 207.40424   1
  718089 207.48464   1
  719387 207.68144   1
  719778 207.74074   1
  720597 207.86494   1
  722370 208.13384   1
  722450 208.14594   1
  722584 208.16624   1
  722810 208.20054   1
  723222 208.26304   1
  723264 208.26934   1
  723273 208.27074   1
  723637 208.32594   1
  723677 208.33194   1
  724100 208.39614   1
  724109 208.39754   1
  724971 208.52824   1
  725485 208.60614  37
  725486 208.60634   9
  725487 208.60644   8
  725488 208.60664   4
  725489 208.60674   4
  725490 208.60694   2
  725491 208.60704   1
  725492 208.60724   1
  725493 208.60734   1
  725499 208.60824   1
  725520 208.61144   1
  725523 208.61194   1
  725538 208.61424   1
  725543 208.61494   2
  725544 208.61514   1
  725545 208.61524   2
  725546 208.61544   1
  725548 208.61574   3
  725549 208.61584   2
  725550 208.61604   5
  725551 208.61614   5
  725552 208.61634   6
  725553 208.61644  15
  725554 208.61664  20
  725555 208.61674   1
  726270 208.72514   1
  726681 208.78754   1
  726696 208.78974   1
  727109 208.85244   1
  727142 208.85744   1
  727595 208.92614   1
  727980 208.98454   1
  728436 209.05364   1
  728848 209.11614   1
  728872 209.11974   1
  729508 209.21624   1
  731389 209.50144   1
  731455 209.51144   1
  732292 209.63834   1
  732326 209.64354   1
  732695 209.69944   1
  732706 209.70114   1
  732709 209.70164   1
  733122 209.76424   1
  733566 209.83154   1
  733569 209.83204   2
  734040 209.90344   1
  734436 209.96344   1
  734870 210.02934   2
  734872 210.02954   1
  735305 210.09524   1
  735727 210.15924   1
  735743 210.16164   1
  735745 210.16194   1
  735765 210.16504   1
  736145 210.22264   1
  736188 210.22914   1
  736979 210.34914   1
  737012 210.35404   1
  737038 210.35804   1
  737840 210.47964   1
  737887 210.48674   1
  738759 210.61904   1
  739170 210.68134   1
  739184 210.68344   1
  739602 210.74684   1
  739850 210.78444   1
  740864 210.93824   1
  741290 211.00284   1
  742623 211.20494   1
  743039 211.26804   1
  743483 211.33534   1
  743487 211.33594   1
  743932 211.40344   1
  744786 211.53294   1
  745198 211.59544   1
  745215 211.59804   1
  745237 211.60134   1
  745460 211.63514   1
  745641 211.66264   1
  745818 211.68944   1
  746051 211.72474   1
  746062 211.72644   1
  746931 211.85824   1
  746991 211.86734   1
  747330 211.91874   1
  747392 211.92814   1
  747419 211.93224   1
  748218 212.05334   1
  748222 212.05394   1
  748278 212.06244   1
  748643 212.11784   1
  748667 212.12144   1
  749073 212.18304   1
  749075 212.18334   1
  749077 212.18364   1
  749517 212.25034   2
  750126 212.34274   1
  750368 212.37934   1
  750605 212.41534   1
  750810 212.44644   1
  751070 212.48584   1
  751235 212.51084   1
  751855 212.60484   1
  752091 212.64064   1
  752110 212.64354   1
  752955 212.77164   1
  753695 212.88394   1
  753809 212.90114   1
  755119 213.09984   1
  755764 213.19764   1
  755979 213.23024   1
  756827 213.35884   1
  758124 213.55554   1
  758571 213.62324   1
  758957 213.68184   1
  758980 213.68534   1
  759381 213.74614   1
  759812 213.81144   1
  759886 213.82274   1
  760708 213.94734   1
  760774 213.95734   1
  761592 214.08134   1
  762858 214.27334   1
  763494 214.36984   1
  764842 214.57424   1
  765072 214.60914   1
  765523 214.67744   1
  767570 214.98794   1
  768883 215.18704   1
  771057 215.51664   1
  771236 215.54384   1
  771302 215.55384   1
  771899 215.64434   1
  771915 215.64674   1
  772151 215.68254   1
  772693 215.76474   1
  772741 215.77204   1
  772769 215.77624   1
  773190 215.84014   1
  773201 215.84174   1
  773645 215.90914   1
  775150 216.13734   1
  775374 216.17124   1
  776458 216.33564   1
  776624 216.36084   1
  777171 216.44374   1
  777318 216.46604   1
  777739 216.52994   1
  778177 216.59634   1
  778576 216.65684   1
  778784 216.68834   1
  779671 216.82284   1
  782666 217.27704   1
  782940 217.31854   1
  783108 217.34404   1
  784397 217.53954   1
  784637 217.57594   1
  785274 217.67254   1
  785655 217.73034   1
  785964 217.77714   1
  786105 217.79854   1
  786516 217.86084   1
  786562 217.86784   1
  787836 218.06104   1
  788147 218.10814   1
  790862 218.51984   1
  792551 218.77604   1
  794598 219.08644   1
  795154 219.17074   1
  795233 219.18264   1
  795410 219.20954   1
  795610 219.23984   1
  795948 219.29114   1
  795953 219.29184   1
  795964 219.29354   1
  796022 219.30234   1
  796063 219.30854   1
  796115 219.31644   1
  796328 219.34874   1
  796496 219.37424   1
  797695 219.55604   1
  797751 219.56454   1
  797754 219.56494   1
  798051 219.61004   1
  798447 219.67004   1
  798930 219.74334   1
  798958 219.74754   1
  798960 219.74784   1
  799042 219.76024   1
  799392 219.81334   1
  801630 220.15274   1
  802416 220.27194   1
  802460 220.27854   1
  803770 220.47724   1
  804210 220.54394   1
  804503 220.58834   1
  804508 220.58914   2
  804939 220.65454   1
  805371 220.72004   1
  805473 220.73544   1
  805803 220.78554   1
  805813 220.78704   1
  806796 220.93614   1
  808053 221.12674   1
  808146 221.14084   1
  808518 221.19724   1
  809267 221.31084   1
  809675 221.37264   1
  809679 221.37324   1
  810223 221.45574   1
  812273 221.76664   1
  812311 221.77244   1
  812376 221.78224   1
  812377 221.78244   1
  813185 221.90494   1
  814008 222.02974   1
  814445 222.09594   1
  814914 222.16714   1
  814964 222.17474   1
  816251 222.36984   1
  817113 222.50054   1
  819473 222.85844   1
  820582 223.02664   1
  820940 223.08084   1
  820980 223.08694   1
  821030 223.09454   1
  821452 223.15854   1
  821875 223.22264   1
  822352 223.29504   1
  822999 223.39314   1
  823060 223.40234   1
  823461 223.46314   1
  823541 223.47534   1
  823577 223.48074   1
  824015 223.54714   1
  824768 223.66134   1
  826175 223.87474   1
  826477 223.92054   1
  826490 223.92244   1
  827146 224.02194   1
  827438 224.06624   1
  827483 224.07304   1
  828344 224.20364   1
  830931 224.59594   1
  832191 224.78694   1
  833065 224.91954   1
  833935 225.05144   1
  835519 225.29164   1
  835527 225.29284   1
  836388 225.42344   1
  836828 225.49014   1
  836954 225.50924   1
  838217 225.70074   1
  838244 225.70484   1
  839537 225.90094   1
  840829 226.09684   1
  841125 226.14174   1
  841248 226.16034   1
  841669 226.22424   1
  842027 226.27854   1
  842530 226.35474   1
  842550 226.35784   1
  842948 226.41814   1
  845579 226.81714   1
  845971 226.87654   1
  846395 226.94084   1
  847264 227.07264   1
  847285 227.07584   1
  849407 227.39764   1
  849430 227.40104   1
  851523 227.71844   1
  853319 227.99084   1
  854889 228.22894   1
  855349 228.29864   1
  855889 228.38054   1
  856073 228.40844   1
  857591 228.63864   1
  858492 228.77524   1
  858716 228.80924   2
  858891 228.83574   1
  859337 228.90334   1
  863287 229.50234   1
  863629 229.55424   1
  864232 229.64564   1
  866684 230.01744   1
  872128 230.84304   1
  873081 230.98754   1
  874042 231.13324   1
  874846 231.25514   1
  874850 231.25574   1
  875137 231.29924   1
  877365 231.63714   1
  877860 231.71224   1
  878140 231.75464   1
  878751 231.84734   1
  879436 231.95114   1
  879452 231.95364   1
  884296 232.68814   1
  884527 232.72314   1
  884771 232.76014   1
  886880 233.07994   1
  890820 233.67744   1
  891218 233.73784   1
  892085 233.86924   1
  895359 234.36574   1
  895928 234.45204   1
  898350 234.81924   1
  900688 235.17384   1
  901129 235.24064   1
  902963 235.51884   1
  903275 235.56614   1
  904164 235.70094   1
  905835 235.95434   1
  907846 236.25924   1
  911009 236.73884   1
  913136 237.06144   1
  914377 237.24964   1
  920441 238.16914   1
  921351 238.30714   1
  922634 238.50174   1
  926937 239.15424   1
  926945 239.15544   1
  932922 240.06174   1
  936426 240.59314   1
  939010 240.98494   1
  940474 241.20694   1
  940604 241.22664   1
  942569 241.52464   1
  944679 241.84454   1
  944994 241.89234   1
  945377 241.95044   1
  945507 241.97014   1
  946236 242.08064   1
  946759 242.16004   1
  947915 242.33534   1
  951774 242.92044   1
  953538 243.18794   1
  953960 243.25194   1
  955477 243.48194   1
  955675 243.51204   1
  956755 243.67584   1
  957195 243.74254   1
  957520 243.79174   1
  960379 244.22534   1
  960805 244.28994   1
  961603 244.41094   1
  961662 244.41984   1
  964453 244.84314   1
  964660 244.87454   1
  964925 244.91464   1
  967122 245.24784   1
  967426 245.29394   1
  967467 245.30014   1
  967574 245.31634   1
  968653 245.47994   1
  969169 245.55824   1
  970631 245.77994   1
  970708 245.79164   1
  971607 245.92794   1
  972428 246.05244   1
  973297 246.18424   1
  973431 246.20454   1
  973920 246.27864   1
  974161 246.31524   1
  974345 246.34314   1
  974595 246.38104   1
  976236 246.62984   1
  976289 246.63794   1
  977833 246.87204   1
  978406 246.95894   1
  978660 246.99744   1
  979102 247.06444   1
  979486 247.12274   1
  979810 247.17184   1
  980600 247.29164   1
  982925 247.64414   1
  986653 248.20954   1
  986806 248.23274   1
  988680 248.51684   1
  988733 248.52494   1
  990175 248.74354   1
  990228 248.75164   1
  992436 249.08644   1
  992976 249.16834   1
  993134 249.19224   1
  993185 249.20004   1
  993974 249.31964   1
  994226 249.35784   1
  994994 249.47434   1
  995329 249.52514   1
  995855 249.60484   1
  995881 249.60884   1
  996822 249.75154   1
  997899 249.91484   1
  999604 250.17334   1
  999922 250.22164   1
 1000594 250.32354   1
 1001041 250.39134   1
 1001443 250.45224   1
 1003604 250.77994   1
 1003713 250.79644   1
 1005714 251.09994   1
 1006221 251.17674   1
 1007086 251.30794   1
 1007219 251.32814   1
 1009623 251.69264   1
 1010630 251.84534   1
 1011060 251.91054   1
 1013955 252.34954   1
 1014903 252.49334   1
 1015284 252.55104   1
 1015741 252.62034   1
 1016099 252.67464   1
 1016394 252.71944   1
 1016607 252.75174   1
 1017528 252.89134   1
 1018679 253.06594   1
 1019535 253.19574   1
 1020984 253.41544   1
 1021128 253.43724   1
 1022238 253.60554   1
 1022894 253.70504   1
 1025259 254.06364   1
 1026436 254.24214   1
 1028731 254.59014   2
 1028732 254.59034   2
 1028733 254.59044   3
 1028735 254.59074   3
 1028736 254.59094   1
 1028737 254.59104   6
 1028738 254.59124   3
 1028739 254.59144   2
 1028740 254.59154   1
 1028741 254.59174   2
 1028742 254.59184   2
 1028743 254.59194   1
 1028744 254.59214   1
 1028745 254.59234   1
 1028790 254.59914   1
 1028793 254.59954   1
 1028794 254.59974   1
 1028795 254.59984   2
 1028796 254.60004   3
 1028797 254.60014   7
 1028798 254.60034   7
 1028799 254.60044   9
 1028800 254.60064   5
 1028801 254.60084   7
 1028802 254.60094   4
 1029898 254.76714   1
 1031635 255.03054   1
 1031927 255.07484   1
 1032139 255.10694   1
 1034147 255.41144   1
 1038939 256.13814   1
 1040347 256.35164   1
 1040500 256.37484   1
 1046689 257.31334   1
 1046784 257.32774   1
 1047040 257.36654   1
 1047699 257.46644   2
 1047700 257.46664   1
 1047701 257.46674   1
 1047702 257.46694   1
 1047703 257.46704   1
 1047704 257.46724   2
 1047707 257.46774   1
 1047710 257.46814   1
 1051005 257.96774   1
 1055580 258.66154   1
 1056024 258.72884   1
 1059261 259.21974   1
 1061175 259.50994   1
 1061611 259.57604   1
 1062055 259.64344   1
 1064004 259.93894   1
 1066590 260.33114   1
 1066591 260.33124   1
 1068109 260.56144   1
 1068721 260.65424   1
 1069014 260.69864   1
 1069466 260.76724   1
 1071548 261.08294   1
 1071964 261.14604   1
 1071995 261.15074   1
 1074555 261.53884   1
 1075595 261.69664   1
 1082081 262.68014   1
 1086566 263.36024   1
 1087724 263.53584   1
 1087728 263.53644   1
 1089161 263.75374   1
 1093282 264.37864   1
 1093352 264.38924   1
 1093627 264.43094   1
 1095024 264.64284   1
 1096256 264.82964   1
 1099242 265.28244   1
 1103983 266.00134   1
 1105088 266.16894   1
 1107462 266.52894   1
 1107529 266.53904   1
 1109258 266.80124   1
 1109688 266.86644   1
 1110099 266.92874   1
 1110119 266.93184   1
 1111842 267.19304   1
 1112272 267.25824   2
 1113996 267.51974   1
 1114854 267.64984   1
 1114856 267.65014   1
 1115714 267.78024   1
 1115717 267.78064   1
 1117603 268.06664   1
 1117869 268.10704   1
 1117875 268.10794   1
 1118299 268.17224   2
 1118300 268.17234   1
 1118693 268.23194   1
 1118729 268.23744   1
 1118732 268.23784   1
 1118735 268.23834   1
 1118737 268.23864   1
 1118739 268.23894   1
 1119160 268.30274   1
 1119596 268.36884   1
 1120473 268.50184   1
 1121745 268.69474   2
 1122174 268.75984   1
 1122624 268.82804   1
 1123037 268.89064   1
 1125193 269.21764   1
 1126370 269.39614   1
 1126413 269.40264   1
 1126912 269.47824   1
 1126922 269.47984   1
 1127345 269.54394   1
 1130784 270.06544   1
 1130788 270.06604   1
 1134932 270.69404  17
 1135534 270.78574   1
 1137189 271.03674   1
 1138037 271.16524   1
 1138993 271.31024   1
 1139834 271.43774   1
 1141990 271.76464   1
 1142861 271.89674   1
 1142901 271.90284   1
 1147584 272.61294   1
 1148770 272.79284   1
 1153520 273.51314   1
 1153593 273.52414   1
 1158437 274.25874   1
 1161892 274.78264   1
 1165596 275.34434   1
 1166390 275.46474   1
 1170696 276.11764   1
 1172312 276.36274   1
 1172437 276.38164   1
 1174330 276.66874   1
 1177310 277.12064   1
 1187622 278.68434   1
 1191858 279.32664   1
 1191862 279.32724   1
 1196122 279.97324   1
 1196991 280.10504   1
 1208305 281.82064   1
 1212538 282.46254   1
 1213788 282.65214   1
 1214353 282.73774   1
 1215116 282.85344   1
 1215972 282.98324   1
 1216908 283.12524   1
 1218577 283.37834   1
 1222401 283.95814   1
 1227624 284.75024   1
 1229782 285.07744   1
 1230288 285.15414   1
 1230587 285.19954   1
 1231542 285.34434   1
 1233145 285.58734   1
 1233200 285.59574   1
 1233261 285.60494   1
 1239526 286.55504   1
 1240063 286.63644   1
 1244819 287.35764   1
 1250805 288.26534   1
 1253452 288.66674   1
 1253526 288.67794   1
 1258132 289.37634   1
 1262040 289.96904   1
 1263294 290.15914   1
 1264454 290.33504   1
 1269228 291.05904   1
 1272708 291.58664   1
 1277574 292.32454   1
 1283169 293.17294   1
 1286073 293.61334   1
 1287358 293.80824   1
 1287874 293.88644   1
 1288162 293.93014   1
 1289056 294.06564   1
 1290828 294.33444   1
 1291340 294.41204   1
 1293004 294.66434   1
 1294266 294.85574   1
 1294380 294.87304   1
 1296043 295.12524   1
 1296167 295.14404   1
 1297771 295.38724   1
 1298113 295.43914   1
 1298124 295.44074   1
 1299833 295.69994   1
 1302918 296.16774   1
 1303794 296.30054   1
 1304794 296.45214   1
 1305423 296.54754   1
 1306427 296.69984   1
 1307352 296.84014   1
 1307585 296.87544   1
 1308437 297.00464   1
 1308664 297.03904   1
 1308722 297.04784   1
 1309013 297.09194   1
 1311142 297.41484   1
 1312716 297.65344   1
 1312992 297.69534   1
 1313152 297.71954   1
 1313221 297.73004   1
 1314462 297.91824   2
 1315541 298.08184   1
 1318333 298.50524   1
 1318742 298.56724   1
 1319179 298.63354   1
 1319628 298.70164   1
 1320047 298.76514   1
 1320498 298.83354   1
 1324886 299.49894   1
 1326941 299.81054   1
 1332548 300.66074   1
 1334738 300.99284   1
 1344731 302.50824   1
 1353105 303.77804   1
 1358359 304.57474   1
 1360058 304.83234   1
 1361789 305.09484   1
 1367899 306.02144   1
 1374555 307.03074   1
 1375700 307.20434   1
 1382995 308.31054   1
 1387060 308.92694   1
 1393235 309.86334   1
 1393267 309.86814   1
 1401880 311.17424   1
 1402891 311.32754   1
 1407208 311.98214   1
 1408536 312.18354   1
 1417169 313.49264   1
 1423763 314.49254   1
 1428786 315.25424   1
 1432859 315.87194   1
 1436611 316.44084   1
 1444178 317.58834   2
 1444193 317.59054   1
 1444194 317.59074   1
 1444202 317.59194   1
 1454290 319.12164   1
 1455132 319.24934   1
 1455630 319.32484   1
 1456486 319.45464   1
 1457785 319.65164   1
 1462534 320.37174   1
 1462963 320.43684   1
 1465897 320.88174   1
 1467292 321.09324   1
 1467909 321.18684   1
 1478315 322.76484   1
 1482071 323.33434   1
 1482645 323.42144   1
 1491116 324.70594   1
 1492532 324.92064   1
 1492657 324.93964   1
 1496854 325.57604   1
 1498332 325.80014   1
 1504530 326.74004   1
 1521196 329.26724   1
 1528696 330.40454   1
 1529065 330.46044   1
 1529124 330.46944   1
 1531284 330.79694   1
 1541710 332.37794   1
 1555789 334.51294   1
 1566648 336.15954   1
 1571284 336.86254   1
 1580307 338.23084   1
 1586013 339.09604   1
 1587074 339.25694   1
 1592351 340.05714   1
 1597983 340.91114   1
 1599227 341.09984   3
 1599228 341.09994   4
 1599229 341.10014   1
 1599230 341.10034   1
 1599245 341.10254   1
 1599256 341.10424   1
 1600142 341.23854   1
 1600174 341.24344   1
 1600177 341.24384   1
 1600638 341.31384   1
 1600639 341.31394   3
 1600641 341.31424   2
 1600642 341.31444   2
 1600644 341.31474   1
 1603493 341.74674   1
 1611255 342.92374   1
 1612013 343.03864   1
 1614338 343.39124   1
 1616066 343.65324   1
 1618506 344.02324   1
 1618951 344.09074   1
 1620756 344.36444   1
 1628473 345.53464   1
 1631903 346.05474   1
 1637728 346.93804   1
 1639336 347.18194   1
 1639349 347.18394   1
 1644927 348.02974   1
 1650424 348.86334   1
 1652002 349.10254   1
 1652149 349.12484   1
 1654055 349.41384  29
 1654056 349.41404  20
 1654057 349.41424  18
 1654058 349.41434  14
 1654059 349.41454  10
 1654060 349.41464   6
 1654061 349.41484   2
 1654062 349.41494   4
 1654063 349.41514   3
 1654064 349.41524   2
 1654079 349.41754   1
 1654082 349.41804   2
 1654086 349.41864   2
 1654088 349.41894   2
 1654089 349.41904   2
 1654090 349.41924   2
 1654091 349.41934   8
 1654092 349.41954  10
 1654093 349.41964  10
 1654094 349.41984  10
 1654095 349.41994   3
 1655285 349.60044   1
 1656978 349.85714   1
 1660545 350.39804   1
 1670961 351.97754   1
 1671098 351.99834   1
 1676493 352.81634   1
 1680025 353.35194   1
 1686447 354.32584   1
 1686666 354.35904   1
 1687297 354.45474   1
 1687611 354.50234   1
 1688413 354.62394   1
 1688842 354.68894   1
 1688914 354.69994   1
 1692300 355.21334   1
 1694012 355.47294   1
 1694690 355.57574   1
 1695282 355.66554   1
 1697087 355.93924   1
 1707799 357.56364   1
 1711657 358.14864   1
 1714664 358.60464   1
 1742568 362.83594   1
 1744345 363.10544  12
 1744346 363.10554  14
 1744347 363.10574   5
 1744348 363.10584   3
 1744349 363.10604   2
 1744350 363.10614   3
 1744372 363.10954   1
 1744380 363.11074   1
 1744385 363.11154   2
 1744386 363.11164   1
 1744387 363.11184   2
 1744388 363.11194   3
 1744389 363.11214   8
 1744390 363.11224   5
 1744391 363.11244   1
 1744774 363.17044   1
 1765015 366.23984   1
 1769922 366.98394   1
 1788817 369.84914   1
 1792663 370.43234   1
 1804550 372.23484   1
 1809371 372.96594   1
 1815724 373.92934   1
 1815725 373.92944   1
 1815726 373.92954   1
 1815730 373.93014   1
 1816150 373.99384   1
 1816155 373.99464   3
 1816156 373.99484   3
 1816163 373.99584   1
 1816581 374.05924   1
 1816586 374.06004   1
 1817013 374.12474   1
 1817014 374.12484   2
 1817016 374.12524   2
 1817019 374.12564   1
 1817022 374.12614   1
 1817444 374.19014   1
 1817447 374.19054   1
 1817448 374.19074   1
 1817877 374.25574   1
 1817880 374.25624   1
 1818301 374.32004   1
 1818304 374.32054   1
 1818736 374.38604   1
 1818740 374.38664   1
 1819596 374.51644   1
 1819600 374.51704   1
 1819601 374.51724   1
 1820292 374.62194   1
 1821754 374.84364   1
 1822178 374.90794   1
 1822180 374.90824   1
 1823904 375.16964   1
 1824325 375.23354   1
 1824333 375.23474   1
 1824762 375.29984   1
 1825186 375.36404   1
 1826478 375.56004   1
 1833365 376.60434   1
 1840248 377.64804   1
 1846506 378.59704   1
 1847564 378.75744   1
 1853383 379.63984   1
 1854677 379.83614   1
 1861944 380.93804   1
 1863456 381.16734   1
 1865832 381.52764   1
 1867977 381.85284   1
 1884489 384.35674   1
 1886931 384.72704   1
 1886938 384.72814   1
 1887397 384.79774   1
 1896431 386.16764   1
 1901166 386.88564   1
 1905150 387.48974   1
 1910166 388.25044   1
 1917722 389.39614   1
 1921179 389.92044   1
 1925711 390.60764   1
 1926278 390.69364   1
 1927003 390.80354   1
 1928264 390.99484   1
 1935654 392.11544   1
 1936513 392.24564   1
 1936514 392.24584   1
 1937341 392.37124   1
 1937761 392.43484   1
 1938743 392.58384   1
 1939084 392.63554   1
 1945111 393.54944   1
 1948107 394.00374   1
 1948540 394.06944   1
 1952058 394.60284   1
 1954573 394.98424   1
 1957696 395.45784   1
 1960895 395.94294   1
 1969486 397.24564   1
 1970327 397.37314   1
 1971974 397.62294   1
 1973069 397.78894   1
 1994422 401.02694   1
 1998868 401.70114   1
 1999305 401.76744   1
 2005766 402.74714   1
 2012620 403.78644   1
 2015737 404.25914   1
 2016938 404.44124   1
 2019949 404.89784   1
 2020649 405.00394   1
 2021240 405.09364   1
 2022977 405.35704   1
 2031569 406.65994   1
 2032606 406.81714   1
 2033038 406.88264   1
 2033039 406.88284   1
 2033040 406.88294   1
 2033460 406.94664   1
 2033550 406.96024   1
 2033899 407.01324   1
 2041246 408.12734   1
 2041513 408.16784   1
 2054482 410.13444   1
 2062309 411.32124   1
 2064962 411.72354   1
 2081574 414.24264   1
 2095347 416.33114   1
 2101468 417.25934   1
 2110018 418.55584   1
 2125998 420.97904   1
 2133344 422.09294   1
 2135375 422.40094   1
 2137145 422.66934   1
 2150523 424.69794   1
 2155235 425.41254   1
 2166561 427.12994   1
 2171344 427.85524   1
 2176319 428.60964   1
 2180381 429.22564   1
 2183196 429.65254   1
 2185076 429.93754   1
 2188879 430.51424   1
 2191746 430.94904   1
 2191777 430.95374   1
 2192095 431.00194   1
 2194276 431.33264   1
 2195130 431.46214   1
 2198171 431.92324   1
 2200360 432.25524   1
 2200446 432.26824   1
 2204190 432.83604   1
 2204391 432.86654   1
 2205248 432.99644   1
 2205482 433.03194   1
 2206129 433.13004   1
 2207194 433.29154   1
 2215285 434.51844   1
 2219048 435.08914   1
 2220341 435.28514   1
 2223257 435.72734   1
 2223664 435.78904   1
 2223925 435.82864   1
 2225371 436.04794   1
 2228002 436.44684   1
 2230509 436.82704   1
 2234301 437.40204   1
 2234554 437.44044   1
 2234847 437.48484   1
 2235710 437.61574   1
 2238788 438.08244   1
 2242190 438.59834   1
 2242202 438.60014   1
 2249496 439.70614   1
 2250045 439.78944   1
 2250796 439.90334   1
 2260322 441.34784   1
 2260911 441.43714   1
 2261243 441.48754   1
 2261879 441.58394   1
 2263578 441.84154   1
 2264216 441.93834   1
 2264491 441.98004   1
 2267006 442.36144   1
 2268296 442.55704   1
 2268742 442.62464   1
 2269859 442.79404   1
 2270057 442.82404   1
 2271421 443.03094   1
 2271916 443.10594   1
 2272799 443.23984   1
 2276069 443.73574   1
 2276252 443.76344   1
 2276936 443.86714   1
 2277481 443.94984   1
 2277801 443.99834   1
 2280957 444.47694   1
