NAME_GRC	Clone ID	RawIntensity1	RawIntensity2	QualCheck1	QualCheck2
GRID-   1-R1C1	200863	14664.07	18954.75	1	1
GRID-   1-R2C1	140197	9621.10	12064.46	1	1
GRID-   1-R3C1	305606	60544.10	61975.32	1	1
GRID-   1-R4C1	789147	18287.19	22026.90	1	1
GRID-   1-R5C1	783849	12361.68	13232.83	1	1
GRID-   1-R6C1	382693	103592.63	129512.80	1	1
GRID-   1-R7C1	50043	17324.11	19357.22	1	1
GRID-   1-R8C1	72869	5451.79	5563.60	1	1
GRID-   1-R9C1	134322	4173.36	4779.99	1	1
GRID-   1-R10C1	469954	7038.90	9145.64	1	1
GRID-   1-R11C1	283954	5893.81	9550.37	1	1
GRID-   1-R12C1	292996	14987.87	18215.26	1	1
GRID-   1-R1C2	447568	7893.28	8003.91	1	1
GRID-   1-R2C2	359661	7599.23	8985.79	1	1
GRID-   1-R3C2	154790	12194.75	12425.84	1	1
GRID-   1-R4C2	51373	10033.68	10630.35	1	1
GRID-   1-R5C2	289857	17039.78	16434.75	1	1
GRID-   1-R6C2	781233	11399.04	12016.81	1	1
GRID-   1-R7C2	564621	9016.72	9449.95	1	1
GRID-   1-R8C2	43207	8588.09	10032.19	1	1
GRID-   1-R9C2	359395	7180.04	8125.65	1	1
GRID-   1-R10C2	27787	8731.30	9703.90	1	1
GRID-   1-R11C2	26021	19820.36	22883.14	1	1
GRID-   1-R12C2	563598	8287.26	10104.47	1	1
GRID-   1-R1C3	784257	12842.51	12690.00	1	1
GRID-   1-R2C3	504791	21345.96	21962.32	1	1
GRID-   1-R3C3	235938	8753.86	8383.40	1	1
GRID-   1-R4C3	51320	19249.74	21741.48	1	1
GRID-   1-R5C3	251936	13510.56	13952.92	1	1
GRID-   1-R6C3	969854	12533.51	12516.41	1	1
GRID-   1-R7C3	787857	173311.38	158889.71	1	1
GRID-   1-R8C3	840511	9603.17	9327.63	1	1
GRID-   1-R9C3	43826	11948.21	10342.71	1	1
GRID-   1-R10C3	668851	27396.48	31726.12	1	1
GRID-   1-R11C3	231355	5455.62	7295.97	1	1
GRID-   1-R12C3	24884	6318.46	8860.01	1	1
GRID-   1-R1C4	878280	13978.72	15329.37	1	1
GRID-   1-R2C4	345063	12234.88	13786.91	1	1
GRID-   1-R3C4	384015	9446.21	10546.56	1	1
GRID-   1-R4C4	288663	11161.76	11387.09	1	1
GRID-   1-R5C4	362409	11078.97	12936.66	1	1
GRID-   1-R6C4	166245	10467.61	10818.62	1	1
GRID-   1-R7C4	49630	17243.20	16795.03	1	1
GRID-   1-R8C4	713660	29241.71	15452.39	1	1
GRID-   1-R9C4	75415	104359.90	39694.65	1	1
GRID-   1-R10C4	843248	8329.53	9205.54	1	1
GRID-   1-R11C4	815501	6362.37	8315.37	1	1
GRID-   1-R12C4	28422	6314.69	7553.23	1	1
GRID-   1-R1C5	135752	11256.64	11124.89	1	1
GRID-   1-R2C5	52096	8241.69	7780.97	1	1
GRID-   1-R3C5	243546	8263.98	9252.88	1	1
GRID-   1-R4C5	129446	13709.66	14445.61	1	1
GRID-   1-R5C5	123425	9380.79	10289.48	1	1
GRID-   1-R6C5	203132	10016.30	11379.24	1	1
GRID-   1-R7C5	809981	8518.99	8520.57	1	1
GRID-   1-R8C5	753923	11602.76	11879.39	1	1
GRID-   1-R9C5	71622	12587.56	6963.38	1	1
GRID-   1-R10C5	342543	5120.00	5839.13	1	1
GRID-   1-R11C5	153006	4954.54	6150.99	1	1
GRID-   1-R12C5	345839	27064.86	30814.62	1	1
GRID-   1-R1C6	156437	37406.03	43986.04	1	1
GRID-   1-R2C6	502161	9303.13	9066.08	1	1
GRID-   1-R3C6	757222	11018.70	12436.03	1	1
GRID-   1-R4C6	415554	14035.53	14342.39	1	1
GRID-   1-R5C6	78353	13460.50	14019.22	1	1
GRID-   1-R6C6	68049	19073.05	20022.24	1	1
GRID-   1-R7C6	753215	9726.20	9760.58	1	1
GRID-   1-R8C6	112629	22266.07	25836.01	1	1
GRID-   1-R9C6	365060	7593.37	8477.31	1	1
GRID-   1-R10C6	129146	7771.65	9569.01	1	1
GRID-   1-R11C6	212198	11520.50	12987.95	1	1
GRID-   1-R12C6	356665	8985.67	9669.50	1	1
GRID-   1-R1C7	755923	21176.28	21773.74	1	1
GRID-   1-R2C7	789383	28920.93	28678.60	1	1
GRID-   1-R3C7	744417	17083.37	17060.25	1	1
GRID-   1-R4C7	415817	139118.21	147525.81	1	1
GRID-   1-R5C7	769579	20734.82	21329.55	1	1
GRID-   1-R6C7	39722	8967.29	9624.18	1	1
GRID-   1-R7C7	840865	12750.89	14307.99	1	1
GRID-   1-R8C7	382654	5172.58	5713.78	4	4
GRID-   1-R9C7	609663	5694.67	5754.23	1	1
GRID-   1-R10C7	784593	14141.71	15233.74	1	1
GRID-   1-R11C7	24415	32560.17	35897.30	1	1
GRID-   1-R12C7	704992	7065.99	7391.10	1	1
GRID-   1-R1C8	82556	678228.62	677162.69	1	1
GRID-   1-R2C8	884480	599217.04	618311.10	1	1
GRID-   1-R3C8	79808	19062.60	18850.37	1	1
GRID-   1-R4C8	773673	10177.01	10406.33	1	1
GRID-   1-R5C8	742818	87750.36	86098.42	1	1
GRID-   1-R6C8	837908	13805.18	12561.30	1	1
GRID-   1-R7C8	786675	10298.71	11016.84	1	1
GRID-   1-R8C8	773724	7434.98	8081.30	1	1
GRID-   1-R9C8	784360	5855.97	5943.90	1	1
GRID-   1-R10C8	788574	5063.35	5865.93	1	1
GRID-   1-R11C8	81315	5568.09	6267.23	1	1
GRID-   1-R12C8	842806	6921.24	7327.40	1	1
GRID-   1-R1C9	609332	20020.13	20455.53	1	1
GRID-   1-R2C9	950445	16637.69	17456.70	1	1
GRID-   1-R3C9	773301	16009.25	17037.57	1	1
GRID-   1-R4C9	40751	9127.72	8975.87	1	1
GRID-   1-R5C9	774754	45449.03	47392.40	1	1
GRID-   1-R6C9	839991	12709.82	13382.54	1	1
GRID-   1-R7C9	130541	42953.49	46683.79	1	1
GRID-   1-R8C9	293157	9994.75	11360.16	1	1
GRID-   1-R9C9	150221	8745.98	9913.85	1	1
GRID-   1-R10C9	47559	6442.03	8133.97	1	1
GRID-   1-R11C9	149910	7719.13	9919.69	1	1
GRID-   1-R12C9	179334	9003.99	9354.07	1	1
GRID-   1-R1C10	469969	17617.11	16710.70	1	1
GRID-   1-R2C10	130201	11465.85	12819.52	1	1
GRID-   1-R3C10	525926	21326.93	20442.22	1	1
GRID-   1-R4C10	322961	16099.35	16045.74	1	1
GRID-   1-R5C10	277138	6480.46	7358.77	1	1
GRID-   1-R6C10	323777	20474.47	20040.93	1	1
GRID-   1-R7C10	120881	8093.67	9729.90	1	1
GRID-   1-R8C10	823876	10005.45	13652.82	1	1
GRID-   1-R9C10	40699	7685.19	10577.94	1	1
GRID-   1-R10C10	166934	6314.55	7308.61	1	1
GRID-   1-R11C10	280666	8677.43	9077.43	1	1
GRID-   1-R12C10	250667	10640.05	11124.29	1	1
GRID-   1-R1C11	271568	10305.28	12493.64	1	1
GRID-   1-R2C11	590615	15894.95	16764.15	1	1
GRID-   1-R3C11	739155	7476.39	7176.89	1	1
GRID-   1-R4C11	243882	7358.36	8198.72	1	1
GRID-   1-R5C11	487429	14272.74	14526.10	1	1
GRID-   1-R6C11	884783	10279.23	11491.82	1	1
GRID-   1-R7C11	26617	12393.89	14048.56	1	1
GRID-   1-R8C11	154608	9045.40	10826.03	1	1
GRID-   1-R9C11	251685	6113.64	6938.66	1	1
GRID-   1-R10C11	143523	6443.88	6807.43	1	1
GRID-   1-R11C11	809901	11694.34	13747.02	1	1
GRID-   1-R12C11	823859	7804.70	8843.25	1	1
GRID-   1-R1C12	502585	27412.56	27544.57	1	1
GRID-   1-R2C12	877646	8747.64	8884.95	1	1
GRID-   1-R3C12	770685	8207.14	8182.61	1	1
GRID-   1-R4C12	505579	6351.64	6602.40	1	1
GRID-   1-R5C12	342158	6150.38	7001.00	1	1
GRID-   1-R6C12	511909	9952.89	9824.53	1	1
GRID-   1-R7C12	825323	109557.37	116496.11	1	1
GRID-   1-R8C12	824527	8583.89	10372.58	1	1
GRID-   1-R9C12	825585	11648.26	12354.24	1	1
GRID-   1-R10C12	773332	13270.36	12774.94	1	1
GRID-   1-R11C12	756666	23299.18	23310.76	1	1
GRID-   1-R12C12	898096	8834.98	10420.62	1	1
GRID-   2-R1C1	431296	15657.31	16840.37	1	1
GRID-   2-R2C1	969877	3384.83	3092.39	3	3
GRID-   2-R3C1	139840	3055.04	3672.64	3	3
GRID-   2-R4C1	435330	1422.45	1764.18	3	3
GRID-   2-R5C1	289428	3174.04	3416.92	1	1
GRID-   2-R6C1	324751	4236.28	5408.49	1	1
GRID-   2-R7C1	145001	2206.47	2326.90	1	1
GRID-   2-R8C1	360168	6943.68	6056.60	1	1
GRID-   2-R9C1	26314	2898.63	3928.28	1	1
GRID-   2-R10C1	173674	5279.15	7926.64	1	1
GRID-   2-R11C1	122428	6640.43	8886.22	1	1
GRID-   2-R12C1	200814	4233.29	4098.57	1	1
GRID-   2-R1C2	725533	5626.24	6876.12	1	1
GRID-   2-R2C2	743229	10884.24	11213.09	1	1
GRID-   2-R3C2	362279	6367.45	6602.39	1	1
GRID-   2-R4C2	878833	14164.49	16530.19	1	1
GRID-   2-R5C2	859807	6200.84	4778.81	1	1
GRID-   2-R6C2	161998	24056.50	24799.44	1	1
GRID-   2-R7C2	813678	5048.88	5653.13	1	1
GRID-   2-R8C2	753467	4243.83	4377.65	1	1
GRID-   2-R9C2	35185	4180.44	3592.61	1	1
GRID-   2-R10C2	381812	4283.08	4284.77	1	1
GRID-   2-R11C2	136235	2603.43	3262.64	1	1
GRID-   2-R12C2	243741	6259.97	8291.62	1	1
GRID-   2-R1C3	810999	14999.70	18332.40	1	1
GRID-   2-R2C3	40773	28286.34	38706.04	2	2
GRID-   2-R3C3	192271	3932.17	4431.92	1	1
GRID-   2-R4C3	460403	5482.59	5576.63	1	1
GRID-   2-R5C3	215000	4171.82	4125.88	1	1
GRID-   2-R6C3	773381	11958.58	16682.06	1	1
GRID-   2-R7C3	33045	2471.06	2811.50	1	1
GRID-   2-R8C3	258790	4211.66	3341.03	1	1
GRID-   2-R9C3	789253	5426.37	6948.96	1	1
GRID-   2-R10C3	363569	2792.83	2726.10	1	1
GRID-   2-R11C3	108815	2730.19	3672.64	1	1
GRID-   2-R12C3	610012	4224.52	3671.94	1	1
GRID-   2-R1C4	69279	6768.27	9217.70	1	1
GRID-   2-R2C4	769911	9731.35	14589.10	1	1
GRID-   2-R3C4	28510	10273.68	10445.79	1	1
GRID-   2-R4C4	342181	4400.63	4144.65	1	1
GRID-   2-R5C4	252663	8002.60	8355.67	1	1
GRID-   2-R6C4	26295	5690.58	7469.65	1	1
GRID-   2-R7C4	782488	4642.62	5200.32	1	1
GRID-   2-R8C4	40580	3401.47	3516.58	1	1
GRID-   2-R9C4	739993	10310.38	9382.74	1	1
GRID-   2-R10C4	144777	5455.59	4650.72	1	1
GRID-   2-R11C4	774036	3481.26	4457.95	2	2
GRID-   2-R12C4	841620	11149.14	12035.37	1	1
GRID-   2-R1C5	83444	115904.09	149268.29	1	1
GRID-   2-R2C5	205239	6118.59	7181.60	1	1
GRID-   2-R3C5	845477	5737.00	7258.43	1	1
GRID-   2-R4C5	773567	5973.36	8436.96	1	1
GRID-   2-R5C5	809727	3222.05	4402.74	1	1
GRID-   2-R6C5	324712	43765.89	39603.72	1	1
GRID-   2-R7C5	130280	4376.94	4771.11	1	1
GRID-   2-R8C5	30170	3088.65	3458.85	1	1
GRID-   2-R9C5	665658	5143.25	4938.87	1	1
GRID-   2-R10C5	183194	5189.73	7019.32	1	1
GRID-   2-R11C5	120106	4171.94	5529.62	1	1
GRID-   2-R12C5	233721	14171.35	14130.15	1	1
GRID-   2-R1C6	745116	6390.60	7013.66	1	1
GRID-   2-R2C6	745360	3538.79	3749.08	1	1
GRID-   2-R3C6	854576	5655.80	4799.52	1	1
GRID-   2-R4C6	884993	58132.60	57611.37	1	1
GRID-   2-R5C6	266106	16817.61	21939.88	1	1
GRID-   2-R6C6	45578	5571.16	5075.24	1	1
GRID-   2-R7C6	222181	4703.70	4791.59	1	1
GRID-   2-R8C6	240249	4529.06	4357.04	1	1
GRID-   2-R9C6	682528	4664.87	5235.11	1	1
GRID-   2-R10C6	28475	3569.89	3893.11	1	1
GRID-   2-R11C6	33826	8332.79	8343.42	1	1
GRID-   2-R12C6	137017	5647.07	7165.04	1	1
GRID-   2-R1C7	74511	5716.41	7208.17	1	1
GRID-   2-R2C7	276237	6664.30	5833.11	1	1
GRID-   2-R3C7	725188	7179.04	6210.16	1	1
GRID-   2-R4C7	971372	3941.53	3476.86	1	1
GRID-   2-R5C7	179603	5286.77	6585.37	1	1
GRID-   2-R6C7	266312	7300.64	6968.38	1	1
GRID-   2-R7C7	774036	11190.02	13030.27	1	1
GRID-   2-R8C7	897983	4589.45	4144.18	1	1
GRID-   2-R9C7	80910	2360.67	2074.11	1	1
GRID-   2-R10C7	824041	8760.75	7994.82	1	1
GRID-   2-R11C7	245330	40597.04	41801.21	1	1
GRID-   2-R12C7	726147	17297.70	17575.95	1	1
GRID-   2-R1C8	221828	9383.74	8384.39	1	1
GRID-   2-R2C8	768007	8296.73	11011.12	1	1
GRID-   2-R3C8	361456	8507.73	9079.16	1	1
GRID-   2-R4C8	43745	4627.40	6700.22	1	1
GRID-   2-R5C8	752824	5103.49	6845.51	1	1
GRID-   2-R6C8	785847	8600.77	14289.64	1	1
GRID-   2-R7C8	838568	5552.84	6288.62	1	1
GRID-   2-R8C8	739901	19024.81	17054.62	1	1
GRID-   2-R9C8	40017	4396.48	3489.90	1	1
GRID-   2-R10C8	51666	4551.54	4701.72	1	1
GRID-   2-R11C8	815564	4351.14	4962.51	1	1
GRID-   2-R12C8	815507	5034.91	6980.90	1	1
GRID-   2-R1C9	428928	4531.84	5565.95	1	1
GRID-   2-R2C9	194161	5709.82	5405.72	1	1
GRID-   2-R3C9	308989	6490.02	7704.61	1	1
GRID-   2-R4C9	294310	4206.59	5272.24	1	1
GRID-   2-R5C9	137209	2578.73	3845.21	1	1
GRID-   2-R6C9	214858	4977.21	6604.56	1	1
GRID-   2-R7C9	811096	5317.26	5988.93	1	1
GRID-   2-R8C9	154015	6659.06	8672.73	1	1
GRID-   2-R9C9	342721	8514.55	7214.17	1	1
GRID-   2-R10C9	754080	6982.91	7431.54	1	1
GRID-   2-R11C9	589115	5784.17	4796.72	1	1
GRID-   2-R12C9	770027	14399.42	13461.35	1	1
GRID-   2-R1C10	177772	5166.11	6745.95	1	1
GRID-   2-R2C10	50930	7593.03	9928.06	1	1
GRID-   2-R3C10	472186	6970.03	7928.32	1	1
GRID-   2-R4C10	487988	5677.51	6812.59	1	1
GRID-   2-R5C10	362795	3942.39	4559.25	1	1
GRID-   2-R6C10	377671	4873.33	6571.98	1	1
GRID-   2-R7C10	234011	5020.49	5312.80	1	1
GRID-   2-R8C10	23185	4052.88	4558.05	1	1
GRID-   2-R9C10	811842	3108.38	3456.50	1	1
GRID-   2-R10C10	43743	4000.99	5529.24	1	1
GRID-   2-R11C10	206994	7654.82	7366.63	1	1
GRID-   2-R12C10	31093	4180.22	4363.55	1	1
GRID-   2-R1C11	235135	5944.73	5344.26	1	1
GRID-   2-R2C11	484874	15257.23	17337.17	1	1
GRID-   2-R3C11	179603	7760.70	7099.26	4	4
GRID-   2-R4C11	743190	7870.12	8399.43	1	1
GRID-   2-R5C11	897164	4538.98	4111.17	1	1
GRID-   2-R6C11	251591	3164.59	3080.84	1	1
GRID-   2-R7C11	79520	4018.37	4989.37	1	1
GRID-   2-R8C11	898148	4251.80	4560.84	1	1
GRID-   2-R9C11	795241	3839.32	4618.82	1	1
GRID-   2-R10C11	210717	6470.30	9813.85	1	1
GRID-   2-R11C11	612274	13276.59	16317.20	1	1
GRID-   2-R12C11	366511	2369.67	2561.41	1	1
GRID-   2-R1C12	811775	3260.92	3494.29	1	1
GRID-   2-R2C12	43865	4108.11	5284.93	1	1
GRID-   2-R3C12	754018	3207.12	3527.72	1	1
GRID-   2-R4C12	811927	27603.49	24428.49	1	1
GRID-   2-R5C12	501934	3966.87	4843.26	1	1
GRID-   2-R6C12	744647	4176.59	4611.14	1	1
GRID-   2-R7C12	810632	10596.30	9761.38	1	1
GRID-   2-R8C12	784772	7420.87	9029.34	1	1
GRID-   2-R9C12	897626	8134.80	8783.43	1	1
GRID-   2-R10C12	826459	111522.07	108156.68	1	1
GRID-   2-R11C12	767345	9085.38	9954.70	1	1
GRID-   2-R12C12	46054	6159.45	5914.36	1	1
GRID-   3-R1C1	137794	4679.92	5230.60	1	1
GRID-   3-R2C1	810891	4154.12	4150.57	1	1
GRID-   3-R3C1	813536	14189.41	15260.25	1	1
GRID-   3-R4C1	171936	6147.12	6538.69	1	1
GRID-   3-R5C1	150702	12016.05	13273.41	1	1
GRID-   3-R6C1	360213	9779.28	9715.76	1	1
GRID-   3-R7C1	136821	17495.00	17101.05	1	1
GRID-   3-R8C1	755821	10953.00	11584.69	1	1
GRID-   3-R9C1	666218	7679.62	7073.76	1	1
GRID-   3-R10C1	24085	12702.53	13120.89	1	1
GRID-   3-R11C1	289978	11585.05	12094.33	1	1
GRID-   3-R12C1	122762	14969.32	15989.41	1	1
GRID-   3-R1C2	360478	7315.64	8383.44	1	1
GRID-   3-R2C2	752631	12704.74	14386.92	1	1
GRID-   3-R3C2	260325	6505.51	7163.49	1	1
GRID-   3-R4C2	126368	14436.60	14688.92	1	1
GRID-   3-R5C2	197888	30972.74	36800.36	1	1
GRID-   3-R6C2	51362	12872.45	15084.49	1	1
GRID-   3-R7C2	223483	9797.23	9469.22	1	1
GRID-   3-R8C2	136188	31002.51	34657.80	1	1
GRID-   3-R9C2	300103	10023.38	10704.50	1	1
GRID-   3-R10C2	34773	9709.67	10134.47	1	1
GRID-   3-R11C2	204897	11454.44	11563.10	1	1
GRID-   3-R12C2	713685	27221.72	30865.79	1	1
GRID-   3-R1C3	783729	10416.68	11494.13	1	1
GRID-   3-R2C3	815526	11260.89	11991.67	1	1
GRID-   3-R3C3	77133	7149.27	8106.45	1	1
GRID-   3-R4C3	51448	7568.28	8112.02	1	1
GRID-   3-R5C3	811942	11149.02	11884.71	1	1
GRID-   3-R6C3	194384	12171.14	12987.83	1	1
GRID-   3-R7C3	380245	9988.04	11608.21	1	1
GRID-   3-R8C3	146123	8957.37	9375.03	1	1
GRID-   3-R9C3	811088	16231.19	17553.98	1	1
GRID-   3-R10C3	187147	9398.68	10296.89	1	1
GRID-   3-R11C3	823590	10577.05	11469.08	4	4
GRID-   3-R12C3	120015	14801.26	14438.07	1	1
GRID-   3-R1C4	774502	6983.28	7762.67	1	1
GRID-   3-R2C4	785148	12246.01	11934.09	1	1
GRID-   3-R3C4	704905	11071.60	11066.04	1	1
GRID-   3-R4C4	827132	10252.34	9956.36	1	1
GRID-   3-R5C4	840691	7652.24	8353.88	1	1
GRID-   3-R6C4	785574	11719.69	12725.99	1	1
GRID-   3-R7C4	741815	82193.94	81186.21	1	1
GRID-   3-R8C4	768205	10704.43	11184.51	1	1
GRID-   3-R9C4	810506	8712.57	9266.35	1	1
GRID-   3-R10C4	210522	5208.45	5159.62	1	1
GRID-   3-R11C4	229579	11818.09	12578.09	1	1
GRID-   3-R12C4	755975	13038.73	13231.75	1	1
GRID-   3-R1C5	347687	7613.86	9029.04	1	1
GRID-   3-R2C5	123087	9715.53	10421.00	1	1
GRID-   3-R3C5	306412	14710.78	14491.91	1	1
GRID-   3-R4C5	296072	4891.02	4943.13	1	1
GRID-   3-R5C5	207087	13525.38	13430.83	1	1
GRID-   3-R6C5	280882	4453.55	4460.96	1	1
GRID-   3-R7C5	795288	20890.22	19822.88	1	1
GRID-   3-R8C5	703964	29991.21	30571.78	1	1
GRID-   3-R9C5	753620	19458.61	18993.31	1	1
GRID-   3-R10C5	842980	14334.98	14380.48	1	1
GRID-   3-R11C5	897544	19743.97	20147.19	1	1
GRID-   3-R12C5	839594	176331.42	172399.68	1	1
GRID-   3-R1C6	429466	12840.92	14012.85	1	1
GRID-   3-R2C6	172783	80088.01	82402.25	1	1
GRID-   3-R3C6	296162	16205.22	18795.69	1	1
GRID-   3-R4C6	234080	17504.69	17590.45	1	1
GRID-   3-R5C6	327094	10193.81	10036.48	1	1
GRID-   3-R6C6	347615	2132.79	1655.52	1	1
GRID-   3-R7C6	40562	11224.18	10824.45	1	1
GRID-   3-R8C6	180298	19204.42	22035.71	1	1
GRID-   3-R9C6	839682	20626.64	21052.36	1	1
GRID-   3-R10C6	726236	14425.69	14791.85	1	1
GRID-   3-R11C6	77728	9769.38	11317.31	1	1
GRID-   3-R12C6	788832	17439.92	17581.85	1	1
GRID-   3-R1C7	309893	18442.60	18991.71	1	1
GRID-   3-R2C7	298134	13210.67	13942.90	1	1
GRID-   3-R3C7	810890	207581.81	216369.84	1	1
GRID-   3-R4C7	771272	6391.27	10333.92	1	1
GRID-   3-R5C7	357892	9998.23	10575.67	1	1
GRID-   3-R6C7	256895	3413.30	3994.25	1	1
GRID-   3-R7C7	840600	4218.98	4507.84	1	1
GRID-   3-R8C7	567414	9555.61	9264.14	1	1
GRID-   3-R9C7	824922	13860.53	12979.08	1	1
GRID-   3-R10C7	753700	14203.81	13962.35	1	1
GRID-   3-R11C7	814508	16109.21	16654.30	1	1
GRID-   3-R12C7	824068	14254.42	14829.95	1	1
GRID-   3-R1C8	230882	20309.16	21808.04	1	1
GRID-   3-R2C8	855800	12722.90	14098.77	1	1
GRID-   3-R3C8	361323	10549.98	13332.48	1	1
GRID-   3-R4C8	756595	13346.27	13154.13	3	3
GRID-   3-R5C8	562729	20715.23	20417.48	3	3
GRID-   3-R6C8	971399	2130.66	2790.96	3	3
GRID-   3-R7C8	258589	8683.96	10184.56	1	1
GRID-   3-R8C8	725454	59459.07	54907.03	1	1
GRID-   3-R9C8	795840	15526.41	16076.03	1	1
GRID-   3-R10C8	45641	14427.56	14212.95	1	1
GRID-   3-R11C8	196444	9467.54	10081.95	1	1
GRID-   3-R12C8	231675	3576.73	3746.50	1	1
GRID-   3-R1C9	324655	8505.07	9264.73	1	1
GRID-   3-R2C9	108377	8802.64	9835.45	1	1
GRID-   3-R3C9	86160	6432.84	7195.74	1	1
GRID-   3-R4C9	796134	4895.72	5892.45	1	1
GRID-   3-R5C9	46055	11556.71	12863.93	1	1
GRID-   3-R6C9	46862	8045.07	8597.56	1	1
GRID-   3-R7C9	146868	121154.95	118456.89	1	1
GRID-   3-R8C9	250069	13361.85	12497.96	1	1
GRID-   3-R9C9	46938	10252.07	10573.07	1	1
GRID-   3-R10C9	744800	44385.84	39740.76	1	1
GRID-   3-R11C9	856135	12886.78	13447.33	1	1
GRID-   3-R12C9	175536	10918.73	11584.71	1	1
GRID-   3-R1C10	796932	8011.93	8632.10	1	1
GRID-   3-R2C10	502351	5945.04	6099.90	1	1
GRID-   3-R3C10	838701	9473.82	8964.24	1	1
GRID-   3-R4C10	782559	9614.30	9286.02	1	1
GRID-   3-R5C10	256477	10467.38	11563.65	1	1
GRID-   3-R6C10	591994	7584.29	8653.76	1	1
GRID-   3-R7C10	745007	7192.89	6846.49	1	1
GRID-   3-R8C10	845453	70088.39	60376.31	1	1
GRID-   3-R9C10	342647	10835.19	11450.28	1	1
GRID-   3-R10C10	769571	21769.52	19346.92	1	1
GRID-   3-R11C10	50519	13252.02	13953.16	1	1
GRID-   3-R12C10	262251	16506.55	16640.54	1	1
GRID-   3-R1C11	731270	7600.49	7124.09	1	1
GRID-   3-R2C11	302996	8021.90	7240.36	1	1
GRID-   3-R3C11	279308	5637.15	5203.48	1	1
GRID-   3-R4C11	345330	6383.66	6226.02	1	1
GRID-   3-R5C11	627417	5726.92	5616.85	1	1
GRID-   3-R6C11	897761	5040.39	4801.04	1	1
GRID-   3-R7C11	428412	9920.41	9707.27	1	1
GRID-   3-R8C11	361807	7554.76	7855.81	1	1
GRID-   3-R9C11	796278	9807.80	11282.48	1	1
GRID-   3-R10C11	739109	12479.69	13062.79	1	1
GRID-   3-R11C11	773568	15340.39	16398.40	1	1
GRID-   3-R12C11	223128	13532.35	15063.14	1	1
GRID-   3-R1C12	768997	4145.10	4114.82	1	1
GRID-   3-R2C12	53039	7709.32	7072.42	1	1
GRID-   3-R3C12	768464	6814.29	6506.37	1	1
GRID-   3-R4C12	796475	5653.58	5541.99	1	1
GRID-   3-R5C12	34837	4747.21	4935.13	1	1
GRID-   3-R6C12	768552	5873.62	5078.34	1	1
GRID-   3-R7C12	448193	7187.62	7430.82	1	1
GRID-   3-R8C12	797048	9261.89	9730.24	1	1
GRID-   3-R9C12	486113	5561.31	6600.16	1	1
GRID-   3-R10C12	854401	10840.62	12701.01	1	1
GRID-   3-R11C12	264640	18345.76	16325.91	1	1
GRID-   3-R12C12	343987	8972.23	9608.15	1	1
GRID-   4-R1C1	323506	2536.59	2640.45	1	1
GRID-   4-R2C1	742101	4720.04	5391.03	1	1
GRID-   4-R3C1	302591	6373.38	5569.01	1	1
GRID-   4-R4C1	363144	1813.84	1825.31	1	1
GRID-   4-R5C1	813158	1685.67	1706.24	1	1
GRID-   4-R6C1	72050	4463.84	5434.53	1	1
GRID-   4-R7C1	134544	140488.61	109156.18	1	1
GRID-   4-R8C1	359184	5794.66	5215.45	1	1
GRID-   4-R9C1	137531	2820.35	3239.56	1	1
GRID-   4-R10C1	810802	4945.51	6062.33	1	1
GRID-   4-R11C1	666829	5973.67	6422.67	1	1
GRID-   4-R12C1	754085	5579.18	5689.42	1	1
GRID-   4-R1C2	261519	2918.50	3718.28	1	1
GRID-   4-R2C2	301976	4521.31	5255.90	1	1
GRID-   4-R3C2	564050	2144.95	2231.79	1	1
GRID-   4-R4C2	510679	7164.47	10687.47	1	1
GRID-   4-R5C2	809939	7474.40	9363.27	1	1
GRID-   4-R6C2	823943	11193.33	11085.91	1	1
GRID-   4-R7C2	180864	9452.52	10506.50	1	1
GRID-   4-R8C2	288896	8586.54	7116.12	1	1
GRID-   4-R9C2	276091	8738.46	9358.60	1	1
GRID-   4-R10C2	148379	5015.64	5003.04	1	1
GRID-   4-R11C2	50182	3162.68	3851.61	1	1
GRID-   4-R12C2	160723	4439.07	3460.32	1	1
GRID-   4-R1C3	712641	4516.22	5493.95	4	4
GRID-   4-R2C3	843159	11600.64	15603.84	1	1
GRID-   4-R3C3	841149	64449.25	51502.92	1	1
GRID-   4-R4C3	898262	10049.46	11685.49	1	1
GRID-   4-R5C3	898138	7151.97	9189.83	1	1
GRID-   4-R6C3	841292	3110.90	4080.65	1	1
GRID-   4-R7C3	753285	3513.70	3758.47	1	1
GRID-   4-R8C3	204148	3370.07	3187.34	1	1
GRID-   4-R9C3	550355	5830.85	4340.21	1	1
GRID-   4-R10C3	40844	4741.57	6085.04	1	1
GRID-   4-R11C3	812968	5930.43	7161.91	1	1
GRID-   4-R12C3	28823	4719.48	4146.39	1	1
GRID-   4-R1C4	194182	3541.58	4470.24	1	1
GRID-   4-R2C4	740457	4065.05	5614.25	1	1
GRID-   4-R3C4	701481	5381.82	7286.56	1	1
GRID-   4-R4C4	839623	7187.13	8295.05	1	1
GRID-   4-R5C4	788136	5079.99	7444.10	1	1
GRID-   4-R6C4	712378	6030.60	5210.65	1	1
GRID-   4-R7C4	33478	10569.20	12164.12	1	1
GRID-   4-R8C4	129865	8818.33	9102.87	1	1
GRID-   4-R9C4	131653	96794.27	86894.99	1	1
GRID-   4-R10C4	727792	7855.91	9027.92	1	1
GRID-   4-R11C4	364329	6444.06	9181.16	1	1
GRID-   4-R12C4	361097	5264.63	5198.03	1	1
GRID-   4-R1C5	213577	7395.08	6449.42	1	1
GRID-   4-R2C5	325160	10640.22	10102.56	1	1
GRID-   4-R3C5	135941	4830.74	4623.52	1	1
GRID-   4-R4C5	245769	3129.94	3438.37	1	1
GRID-   4-R5C5	112906	6485.49	9526.44	1	1
GRID-   4-R6C5	50765	4922.35	5260.74	1	1
GRID-   4-R7C5	796757	6390.37	8810.57	1	1
GRID-   4-R8C5	504877	5112.04	7213.70	1	1
GRID-   4-R9C5	825442	10018.29	11352.55	1	1
GRID-   4-R10C5	51746	6071.43	8611.33	1	1
GRID-   4-R11C5	1031744	4190.69	4976.20	1	1
GRID-   4-R12C5	77391	7891.81	10850.63	1	1
GRID-   4-R1C6	417251	3194.53	3017.11	1	1
GRID-   4-R2C6	810038	8230.14	8505.82	1	1
GRID-   4-R3C6	795229	14574.42	13708.79	1	1
GRID-   4-R4C6	773304	6286.28	6257.71	1	1
GRID-   4-R5C6	491121	3062.76	3970.21	1	1
GRID-   4-R6C6	810088	1395.55	1564.40	1	1
GRID-   4-R7C6	772261	5049.48	7410.72	1	1
GRID-   4-R8C6	841332	5613.71	8376.67	1	1
GRID-   4-R9C6	704532	4668.52	8138.70	1	1
GRID-   4-R10C6	898317	4285.99	5515.52	1	1
GRID-   4-R11C6	789382	8953.32	9108.76	1	1
GRID-   4-R12C6	321386	7107.83	8231.18	1	1
GRID-   4-R1C7	196543	4186.95	4331.3	3	3
GRID-   4-R2C7	840708	3041.3	3307.98	3	3
GRID-   4-R3C7	454440	2654.52	2990.42	3	3
GRID-   4-R4C7	868212	1603.58	1608.71	3	3
GRID-   4-R5C7	852520	5546.44	4424.84	3	3
GRID-   4-R6C7	840944	5716.32	6739.52	3	3
GRID-   4-R7C7	840889	5197.96	5894.88	1	1
GRID-   4-R8C7	809464	5719.56	6952.69	4	4
GRID-   4-R9C7	139009	3178.52	3903.56	4	4
GRID-   4-R10C7	814526	4193.00	5572.68	1	1
GRID-   4-R11C7	711961	3741.37	3736.21	1	1
GRID-   4-R12C7	812126	4703.40	4487.90	1	1
GRID-   4-R1C8	296448	7884.59	8551.06	1	1
GRID-   4-R2C8	310406	6393.97	6466.96	1	1
GRID-   4-R3C8	471642	7815.91	9462.43	1	1
GRID-   4-R4C8	769716	11557.36	15017.50	1	1
GRID-   4-R5C8	257523	262605.45	250149.93	1	1
GRID-   4-R6C8	289447	62019.33	81089.70	1	1
GRID-   4-R7C8	52629	4120.47	5360.31	1	1
GRID-   4-R8C8	146577	17609.50	21245.72	1	1
GRID-   4-R9C8	843121	6024.69	5885.93	1	1
GRID-   4-R10C8	712840	3115.22	3107.84	1	1
GRID-   4-R11C8	712641	5968.84	5424.08	1	1
GRID-   4-R12C8	267634	6238.15	6654.83	1	1
GRID-   4-R1C9	743114	5820.62	9088.86	1	1
GRID-   4-R2C9	592818	6388.46	7701.45	1	1
GRID-   4-R3C9	593183	4939.55	6244.39	1	1
GRID-   4-R4C9	52076	4450.48	7078.46	1	1
GRID-   4-R5C9	611075	6063.18	6091.59	1	1
GRID-   4-R6C9	869538	16368.36	14448.66	1	1
GRID-   4-R7C9	433573	4960.87	6406.64	1	1
GRID-   4-R8C9	770059	13510.95	16826.02	1	1
GRID-   4-R9C9	260336	5421.73	4816.15	1	1
GRID-   4-R10C9	261580	4962.43	8291.86	1	1
GRID-   4-R11C9	280154	4187.03	5347.47	1	1
GRID-   4-R12C9	472095	5386.75	7210.84	1	1
GRID-   4-R1C10	258966	4151.77	4280.30	1	1
GRID-   4-R2C10	839888	5787.56	7751.30	1	1
GRID-   4-R3C10	810801	13122.84	15207.33	1	1
GRID-   4-R4C10	266347	1932.44	2022.68	1	1
GRID-   4-R5C10	595078	2669.03	3420.82	1	1
GRID-   4-R6C10	796986	1737.11	1924.19	1	1
GRID-   4-R7C10	268946	7363.77	8339.72	1	1
GRID-   4-R8C10	41358	5181.47	6083.42	1	1
GRID-   4-R9C10	853809	5367.67	9099.14	1	1
GRID-   4-R10C10	382457	49765.29	64733.41	1	1
GRID-   4-R11C10	590774	6853.59	8068.43	1	1
GRID-   4-R12C10	562811	1670.27	1895.41	1	1
GRID-   4-R1C11	768260	12351.17	14993.28	1	1
GRID-   4-R2C11	328745	3024.09	3471.31	1	1
GRID-   4-R3C11	285779	6149.07	6335.41	1	1
GRID-   4-R4C11	950678	7025.15	8693.18	1	1
GRID-   4-R5C11	126455	41638.24	48100.18	1	1
GRID-   4-R6C11	897727	3509.38	4296.34	1	1
GRID-   4-R7C11	487797	3365.54	3366.70	1	1
GRID-   4-R8C11	809828	4988.15	5523.73	1	1
GRID-   4-R9C11	884867	12592.85	13582.47	1	1
GRID-   4-R10C11	502367	8038.09	6407.01	1	1
GRID-   4-R11C11	724932	6565.25	8801.50	1	1
GRID-   4-R12C11	33643	15251.70	19120.23	1	1
GRID-   4-R1C12	813756	2652.38	2738.95	1	1
GRID-   4-R2C12	29430	3938.89	3500.32	1	1
GRID-   4-R3C12	813514	2399.61	2695.54	1	1
GRID-   4-R4C12	813825	1436.80	1303.90	1	1
GRID-   4-R5C12	752701	7126.51	7720.33	1	1
GRID-   4-R6C12	42035	3753.80	3618.12	1	1
GRID-   4-R7C12	61502	4674.79	4280.58	1	1
GRID-   4-R8C12	757268	8923.33	13954.80	1	1
GRID-   4-R9C12	148469	8380.97	9461.32	1	1
GRID-   4-R10C12	742547	4813.03	5735.59	1	1
GRID-   4-R11C12	51950	11283.58	11687.36	1	1
GRID-   4-R12C12	450464	9516.82	11706.04	1	1
GRID-   5-R1C1	303196	1889.68	2102.42	1	1
GRID-   5-R2C1	358531	7381.09	10076.43	1	1
GRID-   5-R3C1	701231	6075.69	7843.53	1	1
GRID-   5-R4C1	376875	3594.38	3493.16	1	1
GRID-   5-R5C1	28218	4960.46	5900.56	1	1
GRID-   5-R6C1	221826	4922.10	6998.90	1	1
GRID-   5-R7C1	365755	4713.16	5409.06	1	1
GRID-   5-R8C1	128159	6368.64	10321.96	1	1
GRID-   5-R9C1	40643	56668.64	78023.06	1	1
GRID-   5-R10C1	813742	15605.12	15227.13	1	1
GRID-   5-R11C1	812276	4845.26	5595.32	1	1
GRID-   5-R12C1	782789	3263.36	3625.50	1	1
GRID-   5-R1C2	586839	5274.42	7172.30	1	1
GRID-   5-R2C2	462953	5712.69	5850.41	1	1
GRID-   5-R3C2	773330	4367.77	5182.25	1	1
GRID-   5-R4C2	811015	3648.48	4135.86	4	4
GRID-   5-R5C2	897177	20145.45	19216.33	1	1
GRID-   5-R6C2	284001	4551.65	4570.42	1	1
GRID-   5-R7C2	127193	5385.61	6072.59	1	1
GRID-   5-R8C2	366154	8589.65	8930.21	1	1
GRID-   5-R9C2	232933	13649.38	18084.41	1	1
GRID-   5-R10C2	137254	166693.29	176344.73	1	1
GRID-   5-R11C2	209137	5060.36	5046.85	2	2
GRID-   5-R12C2	34671	6089.60	6385.53	1	1
GRID-   5-R1C3	345626	8177.40	10177.26	1	1
GRID-   5-R2C3	178792	22533.65	21284.82	1	1
GRID-   5-R3C3	773617	9239.74	11304.60	1	1
GRID-   5-R4C3	525799	56291.72	60575.70	1	1
GRID-   5-R5C3	345525	7945.26	8427.34	1	1
GRID-   5-R6C3	470279	8748.08	10428.94	1	1
GRID-   5-R7C3	208161	25239.34	30805.76	1	1
GRID-   5-R8C3	23804	3550.77	3613.94	1	1
GRID-   5-R9C3	166199	5916.66	6556.25	1	1
GRID-   5-R10C3	44692	7985.98	11177.71	1	1
GRID-   5-R11C3	589362	3712.72	4479.54	2	2
GRID-   5-R12C3	220096	4510.67	5217.77	1	1
GRID-   5-R1C4	757873	8123.75	10234.34	1	1
GRID-   5-R2C4	755228	9965.66	11749.95	1	1
GRID-   5-R3C4	781017	6045.92	6454.90	1	1
GRID-   5-R4C4	855586	11186.47	11855.97	1	1
GRID-   5-R5C4	49987	3582.05	3426.72	1	1
GRID-   5-R6C4	878838	2782.95	2864.78	1	1
GRID-   5-R7C4	51463	4614.00	5128.09	1	1
GRID-   5-R8C4	380851	8647.38	10250.82	1	1
GRID-   5-R9C4	39593	10312.02	10650.64	1	1
GRID-   5-R10C4	757961	6113.68	5960.70	1	1
GRID-   5-R11C4	51974	3563.40	4488.68	1	1
GRID-   5-R12C4	784876	10164.52	11265.07	1	1
GRID-   5-R1C5	324510	6851.24	7510.24	1	1
GRID-   5-R2C5	768344	4152.49	4104.49	1	1
GRID-   5-R3C5	210688	9199.66	9987.64	1	1
GRID-   5-R4C5	112158	8122.36	7539.30	1	1
GRID-   5-R5C5	136303	5468.40	5118.81	1	1
GRID-   5-R6C5	193913	5651.70	6420.39	1	1
GRID-   5-R7C5	812048	4310.32	4250.57	1	1
GRID-   5-R8C5	167032	3025.26	3323.76	1	1
GRID-   5-R9C5	167280	5739.83	6264.10	1	1
GRID-   5-R10C5	159118	4858.84	5480.75	1	1
GRID-   5-R11C5	810873	8602.51	9014.10	1	1
GRID-   5-R12C5	44477	1607.94	1431.10	1	1
GRID-   5-R1C6	773478	5426.33	5734.65	1	1
GRID-   5-R2C6	241481	5106.56	5017.68	1	1
GRID-   5-R3C6	323500	5607.88	5451.57	1	1
GRID-   5-R4C6	433256	6334.58	6124.77	1	1
GRID-   5-R5C6	866702	7507.62	8866.11	1	1
GRID-   5-R6C6	969748	10465.13	10046.70	1	1
GRID-   5-R7C6	563444	26484.88	27153.36	1	1
GRID-   5-R8C6	177621	6046.65	5204.97	1	1
GRID-   5-R9C6	212640	5447.35	5855.99	1	1
GRID-   5-R10C6	37234	5834.22	5925.81	1	1
GRID-   5-R11C6	767765	3703.13	3764.45	1	1
GRID-   5-R12C6	40946	9348.89	9300.09	1	1
GRID-   5-R1C7	154472	8174.30	10200.53	1	1
GRID-   5-R2C7	949971	6847.37	6944.25	1	1
GRID-   5-R3C7	46166	16672.82	17442.78	1	1
GRID-   5-R4C7	128753	5484.99	7296.46	1	1
GRID-   5-R5C7	271006	6175.71	7158.85	1	1
GRID-   5-R6C7	470261	4069.13	4516.48	1	1
GRID-   5-R7C7	789357	6994.71	7377.89	1	1
GRID-   5-R8C7	897669	4784.88	5087.15	1	1
GRID-   5-R9C7	841384	4377.08	4207.88	1	1
GRID-   5-R10C7	841340	16382.25	15936.15	1	1
GRID-   5-R11C7	271985	8214.16	7899.81	1	1
GRID-   5-R12C7	813712	5639.02	5569.57	1	1
GRID-   5-R1C8	75644	7525.86	6825.15	1	1
GRID-   5-R2C8	298965	17947.53	17842.26	1	1
GRID-   5-R3C8	782791	6824.20	6368.52	1	1
GRID-   5-R4C8	625424	7703.06	8326.45	2	2
GRID-   5-R5C8	611324	11611.30	13474.49	1	1
GRID-   5-R6C8	773571	6621.96	6875.20	1	1
GRID-   5-R7C8	810942	4168.92	4267.23	1	1
GRID-   5-R8C8	727390	8217.80	9082.38	1	1
GRID-   5-R9C8	380737	3629.42	3314.32	1	1
GRID-   5-R10C8	72778	7527.98	6155.03	1	1
GRID-   5-R11C8	841679	4213.13	3580.66	1	1
GRID-   5-R12C8	705110	10063.09	6827.21	1	1
GRID-   5-R1C9	773305	5277.91	4802.58	1	1
GRID-   5-R2C9	713145	4640.97	4547.97	1	1
GRID-   5-R3C9	69672	3874.40	3820.50	2	2
GRID-   5-R4C9	841059	2228.74	1998.75	2	2
GRID-   5-R5C9	825335	7965.01	9292.61	1	1
GRID-   5-R6C9	284882	4976.69	6285.14	1	1
GRID-   5-R7C9	132911	3400.79	3982.16	1	1
GRID-   5-R8C9	321661	7171.78	8590.44	1	1
GRID-   5-R9C9	230205	6840.99	6530.62	1	1
GRID-   5-R10C9	186132	3753.19	4093.22	1	1
GRID-   5-R11C9	191603	14000.85	14928.85	1	1
GRID-   5-R12C9	755145	236180.77	205595.51	1	1
GRID-   5-R1C10	145112	26387.53	22888.37	1	1
GRID-   5-R2C10	364510	8135.6	8739.14	3	3
GRID-   5-R3C10	415406	8738.13	10232.43	1	1
GRID-   5-R4C10	491113	10855.74	10100.03	1	1
GRID-   5-R5C10	490615	8875.85	8630.93	1	1
GRID-   5-R6C10	810353	6055.62	7163.62	1	1
GRID-   5-R7C10	754601	3259.71	3551.61	1	1
GRID-   5-R8C10	770080	12102.46	11790.08	1	1
GRID-   5-R9C10	771236	15067.70	15503.97	1	1
GRID-   5-R10C10	813533	3430.78	3519.72	1	1
GRID-   5-R11C10	809892	9563.80	9190.14	1	1
GRID-   5-R12C10	811108	8365.93	10033.53	1	1
GRID-   5-R1C11	773286	140221.59	150093.79	1	1
GRID-   5-R2C11	249606	13528.65	11163.16	1	1
GRID-   5-R3C11	586725	11220.35	12005.91	1	1
GRID-   5-R4C11	51064	5864.46	7114.85	1	1
GRID-   5-R5C11	266318	4908.64	4808.64	1	1
GRID-   5-R6C11	745138	7080.05	7238.53	1	1
GRID-   5-R7C11	122159	5854.52	6312.88	1	1
GRID-   5-R8C11	813552	5384.68	4815.73	1	1
GRID-   5-R9C11	229692	4297.83	4431.36	1	1
GRID-   5-R10C11	134783	5425.36	5095.15	1	1
GRID-   5-R11C11	214990	7427.98	6206.29	1	1
GRID-   5-R12C11	251019	5515.58	6750.38	1	1
GRID-   5-R1C12	565939	6601.57	6950.25	1	1
GRID-   5-R2C12	124605	48201.39	42093.87	1	1
GRID-   5-R3C12	510856	5563.18	4569.63	1	1
GRID-   5-R4C12	248027	5856.01	5973.79	1	1
GRID-   5-R5C12	287125	4064.06	3917.89	1	1
GRID-   5-R6C12	509800	4326.91	4666.80	1	1
GRID-   5-R7C12	724892	7058.26	6546.44	1	1
GRID-   5-R8C12	796268	8863.62	8674.57	1	1
GRID-   5-R9C12	784319	4287.01	3437.35	1	1
GRID-   5-R10C12	150466	13147.64	11422.99	1	1
GRID-   5-R11C12	950445	3976.09	4189.35	1	1
GRID-   5-R12C12	772455	6538.64	7018.94	1	1
GRID-   6-R1C1	250654	3968.03	4827.08	3	3
GRID-   6-R2C1	177967	1578.88	1665.49	3	3
GRID-   6-R3C1	729964	1383.28	1501.06	3	3
GRID-   6-R4C1	784179	5005.39	5935.04	2	2
GRID-   6-R5C1	136676	9815.75	10335.60	1	1
GRID-   6-R6C1	190940	6562.42	6897.44	1	1
GRID-   6-R7C1	234191	4108.11	4027.17	1	1
GRID-   6-R8C1	119530	2879.31	3834.49	1	1
GRID-   6-R9C1	33327	2353.76	2449.65	1	1
GRID-   6-R10C1	770859	3185.05	2652.33	1	1
GRID-   6-R11C1	153025	2984.45	2694.71	1	1
GRID-   6-R12C1	196348	3799.47	4039.90	1	1
GRID-   6-R1C2	855438	4813.61	5332.13	1	1
GRID-   6-R2C2	33096	2794.90	2766.34	1	1
GRID-   6-R3C2	32664	4869.70	4850.94	1	1
GRID-   6-R4C2	204257	3644.76	3822.60	1	1
GRID-   6-R5C2	178825	3083.03	3358.94	1	1
GRID-   6-R6C2	139681	2272.19	2062.53	1	1
GRID-   6-R7C2	66507	2041.57	1887.21	1	1
GRID-   6-R8C2	52228	3529.34	3217.40	1	1
GRID-   6-R9C2	26162	2253.80	2261.48	1	1
GRID-   6-R10C2	137940	4548.29	4022.00	1	1
GRID-   6-R11C2	44563	1378.04	2184.95	1	1
GRID-   6-R12C2	212078	3437.79	3876.15	1	1
GRID-   6-R1C3	530139	3971.39	5302.46	1	1
GRID-   6-R2C3	773290	6935.68	8038.73	2	2
GRID-   6-R3C3	51406	5045.36	5698.09	1	1
GRID-   6-R4C3	30175	5521.24	5558.11	1	1
GRID-   6-R5C3	179163	3198.84	4089.58	1	1
GRID-   6-R6C3	882484	2077.17	2170.81	1	1
GRID-   6-R7C3	81518	2814.09	3229.38	1	1
GRID-   6-R8C3	361974	5281.60	4865.38	1	1
GRID-   6-R9C3	382654	2353.49	2930.74	1	1
GRID-   6-R10C3	22731	3910.84	3812.79	1	1
GRID-   6-R11C3	282501	19116.60	18313.07	1	1
GRID-   6-R12C3	950489	5902.08	6580.04	1	1
GRID-   6-R1C4	773106	7239.19	8210.66	1	1
GRID-   6-R2C4	825312	18982.09	18798.08	1	1
GRID-   6-R3C4	241489	18271.84	18640.11	1	1
GRID-   6-R4C4	40692	3945.65	4215.82	1	1
GRID-   6-R5C4	325182	8089.88	7951.59	1	1
GRID-   6-R6C4	46367	4216.81	5148.87	1	1
GRID-   6-R7C4	840821	3688.05	3985.09	1	1
GRID-   6-R8C4	897987	3223.12	3447.39	1	1
GRID-   6-R9C4	79022	4795.84	4084.08	1	1
GRID-   6-R10C4	784910	5900.40	5375.15	1	1
GRID-   6-R11C4	780937	4736.59	4535.44	1	1
GRID-   6-R12C4	47510	4224.97	4712.68	1	1
GRID-   6-R1C5	811015	4057.68	4677.39	1	1
GRID-   6-R2C5	322160	5730.91	6899.25	1	1
GRID-   6-R3C5	362926	3105.99	4463.61	1	1
GRID-   6-R4C5	971276	3253.38	2725.18	1	1
GRID-   6-R5C5	213660	4024.07	3758.28	1	1
GRID-   6-R6C5	129431	7945.80	7986.22	1	1
GRID-   6-R7C5	510702	2974.51	3085.55	1	1
GRID-   6-R8C5	45542	3753.24	3700.78	1	1
GRID-   6-R9C5	193106	3611.32	3437.80	1	1
GRID-   6-R10C5	668685	3472.02	3685.67	1	1
GRID-   6-R11C5	813179	5095.63	5762.32	1	1
GRID-   6-R12C5	813444	6057.62	6595.51	1	1
GRID-   6-R1C6	298128	2882.61	3975.23	1	1
GRID-   6-R2C6	141495	6755.35	7788.88	1	1
GRID-   6-R3C6	471598	37941.29	35468.99	1	1
GRID-   6-R4C6	725721	4302.69	4284.93	1	1
GRID-   6-R5C6	140574	3919.58	4331.69	1	1
GRID-   6-R6C6	756596	4359.05	4649.75	1	1
GRID-   6-R7C6	262932	4809.51	4926.88	1	1
GRID-   6-R8C6	753610	3155.05	3242.40	1	1
GRID-   6-R9C6	810408	4777.57	5389.14	1	1
GRID-   6-R10C6	160126	8541.17	9586.08	1	1
GRID-   6-R11C6	125722	5039.74	7325.85	1	1
GRID-   6-R12C6	753775	3146.35	3370.36	1	1
GRID-   6-R1C7	530282	6304.21	7422.06	1	1
GRID-   6-R2C7	25922	5937.36	5515.55	1	1
GRID-   6-R3C7	629896	5790.09	5431.64	1	1
GRID-   6-R4C7	68605	4859.10	5111.34	1	1
GRID-   6-R5C7	51716	4942.05	4530.58	1	1
GRID-   6-R6C7	714213	2057.44	2197.39	1	1
GRID-   6-R7C7	898218	2436.71	2637.25	1	1
GRID-   6-R8C7	727229	3911.31	4337.42	1	1
GRID-   6-R9C7	712604	3151.88	3921.20	1	1
GRID-   6-R10C7	79828	7811.40	8710.26	1	1
GRID-   6-R11C7	79712	24034.19	25231.20	1	1
GRID-   6-R12C7	767784	2825.79	3096.20	1	1
GRID-   6-R1C8	1461664	17530.44	16227.00	1	1
GRID-   6-R2C8	787851	4955.92	5556.35	1	1
GRID-   6-R3C8	812088	5046.15	6566.80	1	1
GRID-   6-R4C8	813154	6342.22	6434.21	1	1
GRID-   6-R5C8	788556	4057.80	4380.68	1	1
GRID-   6-R6C8	813654	7610.42	8901.63	1	1
GRID-   6-R7C8	782760	2173.28	2538.36	1	1
GRID-   6-R8C8	83231	2555.08	2922.00	1	1
GRID-   6-R9C8	813830	2742.01	3240.73	1	1
GRID-   6-R10C8	760224	3156.72	3699.50	1	1
GRID-   6-R11C8	23073	3499.21	3257.43	1	1
GRID-   6-R12C8	587847	1248.98	1534.73	1	1
GRID-   6-R1C9	810104	4114.12	4424.26	1	1
GRID-   6-R2C9	150466	8287.44	9148.62	1	1
GRID-   6-R3C9	115111	5899.92	5177.63	1	1
GRID-   6-R4C9	79520	4246.21	3163.51	1	1
GRID-   6-R5C9	192481	3979.36	3841.62	1	1
GRID-   6-R6C9	77577	4285.23	7318.55	1	1
GRID-   6-R7C9	811740	2113.71	3215.63	1	1
GRID-   6-R8C9	343072	3670.97	4999.66	1	1
GRID-   6-R9C9	340644	3088.19	3890.57	1	1
GRID-   6-R10C9	179500	2869.96	3423.20	1	1
GRID-   6-R11C9	769657	2719.27	2921.80	1	1
GRID-   6-R12C9	51916	4282.27	4729.31	1	1
GRID-   6-R1C10	853938	5979.50	5999.39	1	1
GRID-   6-R2C10	855864	13228.38	12536.61	1	1
GRID-   6-R3C10	222457	5348.58	5851.90	1	1
GRID-   6-R4C10	486591	2740.48	3697.88	1	1
GRID-   6-R5C10	755402	5999.28	5891.03	1	1
GRID-   6-R6C10	754406	27718.57	28993.67	1	1
GRID-   6-R7C10	121621	3502.31	3601.51	1	1
GRID-   6-R8C10	138991	16280.80	13971.14	1	1
GRID-   6-R9C10	470930	5014.82	6764.36	1	1
GRID-   6-R10C10	165878	6083.81	7002.55	1	1
GRID-   6-R11C10	296679	3043.79	3402.83	1	1
GRID-   6-R12C10	160793	1972.76	2218.01	1	1
GRID-   6-R1C11	290234	4664.09	4575.78	1	1
GRID-   6-R2C11	285780	4227.52	4350.80	1	1
GRID-   6-R3C11	254010	5302.94	4839.92	1	1
GRID-   6-R4C11	768292	7595.83	7945.60	1	1
GRID-   6-R5C11	491692	4181.40	3849.46	1	1
GRID-   6-R6C11	757489	6007.82	6036.36	1	1
GRID-   6-R7C11	511816	4649.18	4393.10	1	1
GRID-   6-R8C11	525566	5278.08	5251.49	1	1
GRID-   6-R9C11	840636	5423.31	6299.15	1	1
GRID-   6-R10C11	504763	3659.22	4828.75	1	1
GRID-   6-R11C11	49164	1900.01	2055.09	1	1
GRID-   6-R12C11	628357	1646.09	2301.81	1	1
GRID-   6-R1C12	726582	3486.84	4362.07	1	1
GRID-   6-R2C12	39189	6938.05	6498.06	1	1
GRID-   6-R3C12	42906	3886.37	3668.67	1	1
GRID-   6-R4C12	136104	2413.74	2770.92	1	1
GRID-   6-R5C12	757244	5140.29	5942.01	1	1
GRID-   6-R6C12	842896	3051.39	4390.59	1	1
GRID-   6-R7C12	898281	6288.66	7657.06	1	1
GRID-   6-R8C12	591281	9857.88	15172.62	1	1
GRID-   6-R9C12	877613	12583.01	14660.21	1	1
GRID-   6-R10C12	815534	4694.20	6043.36	1	1
GRID-   6-R11C12	627939	3136.99	2911.51	1	1
GRID-   6-R12C12	825433	2793.69	4194.06	1	1
GRID-   7-R1C1	525518	8939.87	10026.46	1	1
GRID-   7-R2C1	40056	5683.77	4868.42	1	1
GRID-   7-R3C1	724112	4941.23	5103.97	1	1
GRID-   7-R4C1	897497	4728.66	4890.48	1	1
GRID-   7-R5C1	321708	16619.44	17594.31	1	1
GRID-   7-R6C1	281978	17750.92	19378.01	1	1
GRID-   7-R7C1	526282	13320.07	13966.02	1	1
GRID-   7-R8C1	713839	113222.86	113052.47	1	1
GRID-   7-R9C1	209655	7318.37	7678.09	1	1
GRID-   7-R10C1	51328	8158.93	11003.24	1	1
GRID-   7-R11C1	180520	6032.49	6068.25	1	1
GRID-   7-R12C1	324901	7204.10	8230.40	1	1
GRID-   7-R1C2	809464	5023.63	6406.98	1	1
GRID-   7-R2C2	139009	4531.77	4132.20	1	1
GRID-   7-R3C2	221092	3865.56	4016.31	1	1
GRID-   7-R4C2	173228	4779.60	4734.22	1	1
GRID-   7-R5C2	681906	7846.65	7425.61	1	1
GRID-   7-R6C2	178779	4484.10	4708.85	1	1
GRID-   7-R7C2	147414	5419.29	5294.33	1	1
GRID-   7-R8C2	36493	9174.52	9767.13	1	1
GRID-   7-R9C2	345430	4171.17	3623.43	1	1
GRID-   7-R10C2	810372	3990.19	4111.59	1	1
GRID-   7-R11C2	123561	5040.33	5313.72	1	1
GRID-   7-R12C2	529861	8552.39	6897.17	1	1
GRID-   7-R1C3	795847	109667.11	100644.83	1	1
GRID-   7-R2C3	417403	5167.39	5865.03	1	1
GRID-   7-R3C3	824074	3836.95	3436.92	1	1
GRID-   7-R4C3	823775	6784.50	7630.86	1	1
GRID-   7-R5C3	768168	10628.66	8227.20	1	1
GRID-   7-R6C3	144786	8813.47	7331.05	1	1
GRID-   7-R7C3	362853	5183.19	5244.99	1	1
GRID-   7-R8C3	342378	13741.89	13865.29	1	1
GRID-   7-R9C3	321529	2998.68	3226.22	1	1
GRID-   7-R10C3	34888	5478.63	5843.88	1	1
GRID-   7-R11C3	292213	7752.26	8398.63	1	1
GRID-   7-R12C3	110281	5031.46	5527.62	1	1
GRID-   7-R1C4	897788	11576.44	10295.19	1	1
GRID-   7-R2C4	703581	10567.42	10154.55	1	1
GRID-   7-R3C4	773319	11015.51	9658.64	1	1
GRID-   7-R4C4	788511	9443.49	9518.34	1	1
GRID-   7-R5C4	897906	9950.87	8532.69	1	1
GRID-   7-R6C4	76362	109532.86	75562.83	1	1
GRID-   7-R7C4	752557	55586.19	59686.00	1	1
GRID-   7-R8C4	23173	11679.03	8894.21	1	1
GRID-   7-R9C4	204335	5803.33	5725.34	1	1
GRID-   7-R10C4	769921	5810.32	6634.29	1	1
GRID-   7-R11C4	46518	6564.22	7287.34	1	1
GRID-   7-R12C4	363597	5728.41	6509.59	1	1
GRID-   7-R1C5	292452	9327.50	8513.94	1	1
GRID-   7-R2C5	786048	11405.67	10381.93	1	1
GRID-   7-R3C5	141589	11902.63	11209.42	1	1
GRID-   7-R4C5	565493	2917.69	2889.48	1	1
GRID-   7-R5C5	201168	6421.28	5315.33	1	1
GRID-   7-R6C5	782339	7095.51	6707.37	1	1
GRID-   7-R7C5	843094	32741.11	36542.56	1	1
GRID-   7-R8C5	427812	13776.63	14523.95	1	1
GRID-   7-R9C5	489079	6522.18	6660.87	1	1
GRID-   7-R10C5	897781	10882.22	11567.47	1	1
GRID-   7-R11C5	774471	10515.79	12545.69	1	1
GRID-   7-R12C5	767202	5764.47	7107.17	1	1
GRID-   7-R1C6	160573	8989.78	7522.99	1	1
GRID-   7-R2C6	161993	10902.61	11229.50	1	1
GRID-   7-R3C6	310034	9788.94	9707.29	1	1
GRID-   7-R4C6	66714	16990.85	20290.50	1	1
GRID-   7-R5C6	842980	2334.09	3111.11	1	1
GRID-   7-R6C6	246722	3509.29	3734.81	1	1
GRID-   7-R7C6	40299	8167.83	8589.72	1	1
GRID-   7-R8C6	79353	12839.59	13372.28	1	1
GRID-   7-R9C6	71545	13956.37	14173.89	1	1
GRID-   7-R10C6	758037	9670.60	10833.65	1	1
GRID-   7-R11C6	786672	10462.60	11979.03	1	1
GRID-   7-R12C6	712023	7935.39	9231.13	1	1
GRID-   7-R1C7	898221	17510.14	14991.57	1	1
GRID-   7-R2C7	375827	184530.22	126599.67	1	1
GRID-   7-R3C7	795382	17447.12	20855.94	1	1
GRID-   7-R4C7	323917	14230.75	15201.67	1	1
GRID-   7-R5C7	323636	4544.78	4153.11	1	1
GRID-   7-R6C7	287843	6450.09	7130.20	1	1
GRID-   7-R7C7	841008	7984.24	7373.57	1	1
GRID-   7-R8C7	826135	51901.35	49033.05	1	1
GRID-   7-R9C7	814765	8895.69	9247.25	1	1
GRID-   7-R10C7	760231	14767.80	14161.35	1	1
GRID-   7-R11C7	782692	9195.04	11355.29	1	1
GRID-   7-R12C7	700792	5379.53	5734.89	1	1
GRID-   7-R1C8	138788	7765.08	8051.65	1	1
GRID-   7-R2C8	383188	14905.58	15515.02	1	1
GRID-   7-R3C8	853151	2572.15	3342.73	3	3
GRID-   7-R4C8	377441	1860.56	2192.25	3	3
GRID-   7-R5C8	590544	2326.98	2581.93	3	3
GRID-   7-R6C8	431805	4642.3	4250.58	3	3
GRID-   7-R7C8	343646	3026.96	3011.45	1	1
GRID-   7-R8C8	357046	8169.61	8614.54	1	1
GRID-   7-R9C8	756211	16111.92	14269.59	1	1
GRID-   7-R10C8	826173	334286.05	327728.89	1	1
GRID-   7-R11C8	786048	10068.58	14389.46	1	1
GRID-   7-R12C8	796198	6844.38	8317.63	1	1
GRID-   7-R1C9	627273	2140.53	2337.18	1	1
GRID-   7-R2C9	277660	3311.58	3781.76	1	1
GRID-   7-R3C9	74677	4530.88	5308.34	1	1
GRID-   7-R4C9	796759	13658.34	13736.51	1	1
GRID-   7-R5C9	49333	3606.48	3708.24	1	1
GRID-   7-R6C9	51022	6264.91	8195.49	1	1
GRID-   7-R7C9	179083	6116.69	6883.84	1	1
GRID-   7-R8C9	460673	7798.28	8118.61	1	1
GRID-   7-R9C9	725308	11004.06	12878.86	1	1
GRID-   7-R10C9	21899	8775.45	10885.12	1	1
GRID-   7-R11C9	244951	8727.82	10625.90	1	1
GRID-   7-R12C9	435953	6974.84	7456.82	1	1
GRID-   7-R1C10	591699	3624.07	4162.63	1	1
GRID-   7-R2C10	138841	14223.92	15013.78	1	1
GRID-   7-R3C10	950997	7456.10	8338.57	1	1
GRID-   7-R4C10	32687	9204.75	10157.75	1	1
GRID-   7-R5C10	784017	1941.93	2389.25	1	1
GRID-   7-R6C10	257773	4306.13	4831.94	1	1
GRID-   7-R7C10	362755	7801.23	8373.38	1	1
GRID-   7-R8C10	261481	8390.49	9057.02	1	1
GRID-   7-R9C10	854581	13181.38	15661.77	1	1
GRID-   7-R10C10	857874	10030.42	13398.06	1	1
GRID-   7-R11C10	487338	5588.56	6457.84	1	1
GRID-   7-R12C10	503579	3322.72	3723.31	1	1
GRID-   7-R1C11	611169	3633.99	3663.11	1	1
GRID-   7-R2C11	323693	2663.44	2903.12	1	1
GRID-   7-R3C11	843385	2805.46	3158.88	1	1
GRID-   7-R4C11	347726	34724.18	34605.35	1	1
GRID-   7-R5C11	283430	4324.51	5637.13	1	1
GRID-   7-R6C11	950568	3932.40	4357.29	1	1
GRID-   7-R7C11	122394	9378.56	9595.17	1	1
GRID-   7-R8C11	429368	11082.21	12245.71	1	1
GRID-   7-R9C11	295857	11098.44	11750.83	1	1
GRID-   7-R10C11	1031076	11945.77	12703.11	1	1
GRID-   7-R11C11	971212	6074.02	6864.81	1	1
GRID-   7-R12C11	773137	3440.90	3837.84	1	1
GRID-   7-R1C12	785930	4868.85	5510.86	1	1
GRID-   7-R2C12	43733	3918.04	4362.85	1	1
GRID-   7-R3C12	767312	3370.18	3890.60	1	1
GRID-   7-R4C12	813738	3451.07	3584.73	1	1
GRID-   7-R5C12	813611	3742.20	3886.28	1	1
GRID-   7-R6C12	26884	2594.50	2919.74	1	1
GRID-   7-R7C12	41208	7511.77	7855.85	1	1
GRID-   7-R8C12	344430	7007.07	6837.95	1	1
GRID-   7-R9C12	854760	2363.49	1989.45	1	1
GRID-   7-R10C12	80221	7744.68	9522.13	1	1
GRID-   7-R11C12	713974	7534.21	7402.92	1	1
GRID-   7-R12C12	361688	5401.08	5845.83	1	1
GRID-   8-R1C1	50506	6080.60	6369.29	1	1
GRID-   8-R2C1	810813	1275.89	1616.73	1	1
GRID-   8-R3C1	210317	4806.05	4933.65	1	1
GRID-   8-R4C1	299154	3898.31	5294.68	1	1
GRID-   8-R5C1	813751	2474.10	2911.11	1	1
GRID-   8-R6C1	812251	2352.84	1965.36	1	1
GRID-   8-R7C1	811012	3021.18	3408.86	1	1
GRID-   8-R8C1	240099	6488.90	9130.18	1	1
GRID-   8-R9C1	340630	2663.20	3119.40	1	1
GRID-   8-R10C1	66731	3948.98	3874.47	1	1
GRID-   8-R11C1	320763	2372.45	3242.70	1	1
GRID-   8-R12C1	724588	4482.96	5203.77	1	1
GRID-   8-R1C2	810899	15372.25	17667.00	1	1
GRID-   8-R2C2	511521	3590.24	4405.17	1	1
GRID-   8-R3C2	245853	1370.07	1457.16	1	1
GRID-   8-R4C2	35828	5406.40	6552.47	1	1
GRID-   8-R5C2	741429	6188.18	6170.27	1	1
GRID-   8-R6C2	143519	8638.01	8983.93	1	1
GRID-   8-R7C2	725680	3221.09	4513.91	1	1
GRID-   8-R8C2	810600	3852.48	4876.84	1	1
GRID-   8-R9C2	180803	4405.08	4724.68	1	1
GRID-   8-R10C2	244355	7209.84	8035.77	1	1
GRID-   8-R11C2	32609	3089.76	3929.98	1	1
GRID-   8-R12C2	122274	13837.86	16841.35	1	1
GRID-   8-R1C3	795330	8768.56	11240.76	1	1
GRID-   8-R2C3	486208	4138.40	4422.77	1	1
GRID-   8-R3C3	840325	4410.64	5540.00	1	1
GRID-   8-R4C3	950356	4847.73	5924.57	1	1
GRID-   8-R5C3	826254	3729.12	4372.26	1	1
GRID-   8-R6C3	897642	3339.42	4061.78	1	1
GRID-   8-R7C3	810282	18571.47	17063.47	1	1
GRID-   8-R8C3	325062	5500.50	5071.82	1	1
GRID-   8-R9C3	563451	3767.82	5171.98	1	1
GRID-   8-R10C3	244801	4444.53	5680.34	1	1
GRID-   8-R11C3	756373	3439.37	4420.56	1	1
GRID-   8-R12C3	296476	2688.92	3496.04	1	1
GRID-   8-R1C4	49710	5401.16	5991.80	1	1
GRID-   8-R2C4	815542	6267.22	7718.54	1	1
GRID-   8-R3C4	774751	9112.81	10909.56	1	1
GRID-   8-R4C4	712683	3744.55	3987.30	1	1
GRID-   8-R5C4	67654	7469.86	8629.79	1	1
GRID-   8-R6C4	759164	2807.74	3754.05	1	1
GRID-   8-R7C4	179534	3835.50	4851.91	1	1
GRID-   8-R8C4	166004	6003.29	7058.53	1	1
GRID-   8-R9C4	33941	10097.63	10136.53	1	1
GRID-   8-R10C4	175123	5457.12	7363.84	1	1
GRID-   8-R11C4	135692	6049.40	6292.16	1	1
GRID-   8-R12C4	155583	3954.76	4487.30	1	1
GRID-   8-R1C5	248485	5978.54	6322.72	1	1
GRID-   8-R2C5	469924	4766.88	6422.64	1	1
GRID-   8-R3C5	248856	5031.61	6041.66	1	1
GRID-   8-R4C5	244147	5428.42	5572.99	1	1
GRID-   8-R5C5	261494	5516.60	7563.42	1	1
GRID-   8-R6C5	299600	11286.85	13206.48	1	1
GRID-   8-R7C5	381287	5870.94	7244.45	1	1
GRID-   8-R8C5	814595	10919.34	12539.63	1	1
GRID-   8-R9C5	843426	7619.55	10160.75	1	1
GRID-   8-R10C5	823590	7082.72	10591.67	1	1
GRID-   8-R11C5	897570	7937.99	9673.26	1	1
GRID-   8-R12C5	80708	10939.53	12244.71	1	1
GRID-   8-R1C6	795856	12971.05	16361.85	1	1
GRID-   8-R2C6	771215	6879.54	6582.61	1	1
GRID-   8-R3C6	259587	5142.36	4775.26	1	1
GRID-   8-R4C6	300137	2835.95	2924.58	1	1
GRID-   8-R5C6	232887	2601.45	3093.95	1	1
GRID-   8-R6C6	770595	8020.77	9041.38	1	1
GRID-   8-R7C6	795738	5209.01	5692.82	1	1
GRID-   8-R8C6	826350	4594.46	4925.08	1	1
GRID-   8-R9C6	841093	3997.69	5551.37	1	1
GRID-   8-R10C6	897806	9789.92	10356.53	1	1
GRID-   8-R11C6	687397	4915.37	6689.47	1	1
GRID-   8-R12C6	795543	5689.47	7482.13	1	1
GRID-   8-R1C7	53092	5889.01	7019.29	3	3
GRID-   8-R2C7	769686	2078.41	2014.12	3	3
GRID-   8-R3C7	754034	5485.46	5454.51	3	3
GRID-   8-R4C7	257445	4903.04	4554.09	3	3
GRID-   8-R5C7	877827	1323.63	1452.8	3	3
GRID-   8-R6C7	190468	3854.72	4453.38	1	1
GRID-   8-R7C7	566887	8798.49	7593.17	1	1
GRID-   8-R8C7	784224	3074.36	3488.41	1	1
GRID-   8-R9C7	789012	5379.43	5432.20	1	1
GRID-   8-R10C7	504774	4949.84	5625.75	1	1
GRID-   8-R11C7	700527	3912.90	5030.04	1	1
GRID-   8-R12C7	788654	6517.16	7697.58	1	1
GRID-   8-R1C8	491763	6146.87	7123.77	1	1
GRID-   8-R2C8	884644	7255.18	8281.90	1	1
GRID-   8-R3C8	362059	6657.74	7652.38	1	1
GRID-   8-R4C8	731648	5241.86	6158.72	1	1
GRID-   8-R5C8	362718	10144.84	12864.07	1	1
GRID-   8-R6C8	756709	3212.91	3572.74	1	1
GRID-   8-R7C8	62277	4479.06	4743.97	1	1
GRID-   8-R8C8	594743	5863.70	6580.98	1	1
GRID-   8-R9C8	172440	2944.54	2887.60	1	1
GRID-   8-R10C8	109179	4342.76	4516.29	1	1
GRID-   8-R11C8	207618	4146.89	4481.09	1	1
GRID-   8-R12C8	322617	3557.97	3942.88	1	1
GRID-   8-R1C9	593537	3429.85	3546.01	1	1
GRID-   8-R2C9	76481	2811.46	3297.31	1	1
GRID-   8-R3C9	342349	4474.80	5497.14	1	1
GRID-   8-R4C9	592802	5696.12	7184.15	1	1
GRID-   8-R5C9	869187	5338.51	7281.41	1	1
GRID-   8-R6C9	77244	7637.79	9659.85	1	1
GRID-   8-R7C9	148028	5957.86	6627.64	1	1
GRID-   8-R8C9	121406	5409.79	4950.73	1	1
GRID-   8-R9C9	220655	7379.56	6848.33	1	1
GRID-   8-R10C9	304908	5840.56	6430.41	1	1
GRID-   8-R11C9	429448	3668.65	4525.11	1	1
GRID-   8-R12C9	531957	3642.81	4673.64	1	1
GRID-   8-R1C10	743739	3430.90	4205.29	1	1
GRID-   8-R2C10	328567	3871.92	4589.97	1	1
GRID-   8-R3C10	143997	3167.67	4541.48	1	1
GRID-   8-R4C10	220293	1399.06	1457.48	1	1
GRID-   8-R5C10	809657	1433.52	1521.09	1	1
GRID-   8-R6C10	843046	5912.67	5934.46	1	1
GRID-   8-R7C10	504673	101038.45	106923.49	1	1
GRID-   8-R8C10	1031552	16923.65	19916.88	1	1
GRID-   8-R9C10	882571	11469.19	12460.35	1	1
GRID-   8-R10C10	239446	22499.16	26680.15	1	1
GRID-   8-R11C10	725395	7649.38	8225.75	1	1
GRID-   8-R12C10	278650	22066.53	23671.73	1	1
GRID-   8-R1C11	262262	2212.47	2030.88	1	1
GRID-   8-R2C11	287705	2211.35	2787.01	1	1
GRID-   8-R3C11	344942	3142.32	3450.10	1	1
GRID-   8-R4C11	592125	5658.29	5814.59	1	1
GRID-   8-R5C11	742806	2455.08	3598.34	1	1
GRID-   8-R6C11	260768	4111.42	4503.37	1	1
GRID-   8-R7C11	897006	9955.17	11465.25	1	1
GRID-   8-R8C11	725321	9543.16	11123.22	1	1
GRID-   8-R9C11	365515	5516.06	5796.55	1	1
GRID-   8-R10C11	255333	16262.65	20257.91	1	1
GRID-   8-R11C11	586888	4765.73	5178.06	1	1
GRID-   8-R12C11	489839	3729.66	4324.27	1	1
GRID-   8-R1C12	752550	1866.24	1848.08	1	1
GRID-   8-R2C12	813689	2022.64	2452.22	1	1
GRID-   8-R3C12	813585	3327.56	4331.15	1	1
GRID-   8-R4C12	811813	20926.61	18445.08	1	1
GRID-   8-R5C12	687972	2234.63	2374.84	1	1
GRID-   8-R6C12	27404	3214.20	3586.46	1	1
GRID-   8-R7C12	51210	8100.07	9190.63	1	1
GRID-   8-R8C12	773479	205384.98	181538.77	1	1
GRID-   8-R9C12	364141	10859.13	11349.44	1	1
GRID-   8-R10C12	52226	5476.04	5037.92	1	1
GRID-   8-R11C12	868304	4045.04	3870.46	1	1
GRID-   8-R12C12	432210	4324.03	5268.36	1	1
