0.000000e+00 -0.260784 0.061869
1.084625e+00 -0.253364 0.079513
2.169249e+00 -0.243728 0.096495
3.253874e+00 -0.231927 0.112659
4.338498e+00 -0.218031 0.127852
5.423123e+00 -0.202128 0.141930
6.507748e+00 -0.184323 0.154761
7.592372e+00 -0.164738 0.166220
8.676997e+00 -0.143513 0.176197
9.761621e+00 -0.120804 0.184594
1.084625e+01 -0.096783 0.191328
1.193087e+01 -0.071636 0.196331
1.301550e+01 -0.045564 0.199551
1.410012e+01 -0.018779 0.200953
1.518474e+01 0.008495 0.200520
1.626937e+01 0.036022 0.198250
1.735399e+01 0.063562 0.194162
1.843862e+01 0.090867 0.188290
1.952324e+01 0.117685 0.180685
2.060787e+01 0.143764 0.171415
2.169249e+01 0.168853 0.160566
2.277712e+01 0.192703 0.148235
2.386174e+01 0.215072 0.134538
2.494637e+01 0.235727 0.119600
2.603099e+01 0.254448 0.103561
2.711561e+01 0.271028 0.086568
2.820024e+01 0.285278 0.068781
2.928486e+01 0.297027 0.050363
3.036949e+01 0.306128 0.031486
3.145411e+01 0.312458 0.012325
3.253874e+01 0.315921 -0.006942
3.362336e+01 0.316447 -0.026137
3.470799e+01 0.313999 -0.045083
3.579261e+01 0.308568 -0.063605
3.687724e+01 0.300178 -0.081534
3.796186e+01 0.288885 -0.098704
3.904649e+01 0.274777 -0.114958
4.013111e+01 0.257972 -0.130149
4.121573e+01 0.238622 -0.144137
4.230036e+01 0.216905 -0.156795
4.338498e+01 0.193028 -0.168010
4.446961e+01 0.167224 -0.177679
4.555423e+01 0.139748 -0.185716
4.663886e+01 0.110876 -0.192048
4.772348e+01 0.080900 -0.196620
4.880811e+01 0.050127 -0.199390
4.989273e+01 0.018873 -0.200336
5.097736e+01 -0.012538 -0.199449
5.206198e+01 -0.043782 -0.196739
5.314661e+01 -0.074535 -0.192233
5.423123e+01 -0.104479 -0.185972
5.531585e+01 -0.133305 -0.178015
5.640048e+01 -0.160715 -0.168436
5.748510e+01 -0.186431 -0.157324
5.856973e+01 -0.210192 -0.144781
5.965435e+01 -0.231760 -0.130925
6.073898e+01 -0.250924 -0.115882
6.182360e+01 -0.267498 -0.099794
6.290823e+01 -0.281329 -0.082809
6.399285e+01 -0.292291 -0.065086
6.507748e+01 -0.300294 -0.046789
6.616210e+01 -0.305278 -0.028089
6.724672e+01 -0.307218 -0.009161
6.833135e+01 -0.306121 0.009817
6.941597e+01 -0.302027 0.028669
7.050060e+01 -0.295007 0.047217
7.158522e+01 -0.285161 0.065287
7.266985e+01 -0.272618 0.082709
7.375447e+01 -0.257535 0.099319
7.483910e+01 -0.240091 0.114961
7.592372e+01 -0.220487 0.129487
7.700835e+01 -0.198944 0.142761
7.809297e+01 -0.175697 0.154658
7.917760e+01 -0.150997 0.165068
8.026222e+01 -0.125103 0.173892
8.134684e+01 -0.098284 0.181049
8.243147e+01 -0.070809 0.186472
8.351609e+01 -0.042954 0.190113
8.460072e+01 -0.014990 0.191940
8.568534e+01 0.012815 0.191937
8.676997e+01 0.040200 0.190108
8.785459e+01 0.066911 0.186472
8.893922e+01 0.092707 0.181066
9.002384e+01 0.117360 0.173945
9.110847e+01 0.140656 0.165177
9.219309e+01 0.162398 0.154849
9.327771e+01 0.182406 0.143060
9.436234e+01 0.200521 0.129921
9.544696e+01 0.216603 0.115558
9.653159e+01 0.230531 0.100107
9.761621e+01 0.242208 0.083712
9.870084e+01 0.251557 0.066526
9.978546e+01 0.258522 0.048709
1.008701e+02 0.263069 0.030425
1.019547e+02 0.265188 0.011843
1.030393e+02 0.264885 -0.006867
1.041240e+02 0.262190 -0.025534
1.052086e+02 0.257151 -0.043989
1.062932e+02 0.249836 -0.062065
1.073778e+02 0.240328 -0.079597
1.084625e+02 0.228731 -0.096428
1.095471e+02 0.215160 -0.112407
1.106317e+02 0.199749 -0.127389
1.117163e+02 0.182640 -0.141238
1.128010e+02 0.163991 -0.153831
1.138856e+02 0.143967 -0.165051
1.149702e+02 0.122745 -0.174797
1.160548e+02 0.100507 -0.182979
1.171395e+02 0.077442 -0.189519
1.182241e+02 0.053743 -0.194356
1.193087e+02 0.029605 -0.197440
1.203933e+02 0.005228 -0.198737
1.214780e+02 -0.019192 -0.198231
1.225626e+02 -0.043456 -0.195917
1.236472e+02 -0.067371 -0.191808
1.247318e+02 -0.090745 -0.185933
1.258165e+02 -0.113393 -0.178336
1.269011e+02 -0.135133 -0.169076
1.279857e+02 -0.155793 -0.158227
1.290703e+02 -0.175208 -0.145879
1.301550e+02 -0.193222 -0.132133
1.312396e+02 -0.209688 -0.117106
1.323242e+02 -0.224472 -0.100928
1.334088e+02 -0.237449 -0.083738
1.344934e+02 -0.248509 -0.065687
1.355781e+02 -0.257553 -0.046935
1.366627e+02 -0.264496 -0.027651
1.377473e+02 -0.269270 -0.008008
1.388319e+02 -0.271818 0.011814
1.399166e+02 -0.272103 0.031631
1.410012e+02 -0.270100 0.051260
1.420858e+02 -0.265803 0.070517
1.431704e+02 -0.259222 0.089218
1.442551e+02 -0.250386 0.107185
1.453397e+02 -0.239340 0.124245
1.464243e+02 -0.226147 0.140234
1.475089e+02 -0.210890 0.154993
1.485936e+02 -0.193667 0.168379
1.496782e+02 -0.174597 0.180257
1.507628e+02 -0.153815 0.190509
1.518474e+02 -0.131473 0.199032
1.529321e+02 -0.107741 0.205738
1.540167e+02 -0.082804 0.210558
1.551013e+02 -0.056863 0.213441
1.561859e+02 -0.030131 0.214356
1.572706e+02 -0.002835 0.213289
1.583552e+02 0.024787 0.210249
1.594398e+02 0.052490 0.205262
1.605244e+02 0.080020 0.198375
1.616091e+02 0.107119 0.189654
1.626937e+02 0.133526 0.179182
1.637783e+02 0.158984 0.167061
1.648629e+02 0.183233 0.153408
1.659476e+02 0.206025 0.138357
1.670322e+02 0.227117 0.122053
1.681168e+02 0.246279 0.104655
1.692014e+02 0.263296 0.086333
1.702861e+02 0.277972 0.067264
1.713707e+02 0.290128 0.047632
1.724553e+02 0.299612 0.027627
1.735399e+02 0.306295 0.007441
1.746246e+02 0.310077 -0.012733
1.757092e+02 0.310888 -0.032701
1.767938e+02 0.308688 -0.052275
1.778784e+02 0.303471 -0.071269
1.789631e+02 0.295262 -0.089506
1.800477e+02 0.284122 -0.106814
1.811323e+02 0.270143 -0.123033
1.822169e+02 0.253452 -0.138014
1.833016e+02 0.234206 -0.151619
1.843862e+02 0.212595 -0.163725
1.854708e+02 0.188834 -0.174225
1.865554e+02 0.163166 -0.183025
1.876401e+02 0.135858 -0.190048
1.887247e+02 0.107195 -0.195236
1.898093e+02 0.077480 -0.198546
1.908939e+02 0.047029 -0.199956
1.919786e+02 0.016168 -0.199458
1.930632e+02 -0.014774 -0.197064
1.941478e+02 -0.045464 -0.192805
1.952324e+02 -0.075574 -0.186726
1.963171e+02 -0.104782 -0.178893
1.974017e+02 -0.132779 -0.169385
1.984863e+02 -0.159269 -0.158297
1.995709e+02 -0.183974 -0.145740
2.006555e+02 -0.206639 -0.131838
2.017402e+02 -0.227034 -0.116728
2.028248e+02 -0.244953 -0.100556
2.039094e+02 -0.260225 -0.083480
2.049940e+02 -0.272705 -0.065665
2.060787e+02 -0.282283 -0.047284
2.071633e+02 -0.288883 -0.028515
2.082479e+02 -0.292462 -0.009539
2.093325e+02 -0.293010 0.009462
2.104172e+02 -0.290553 0.028303
2.115018e+02 -0.285147 0.046805
2.125864e+02 -0.276880 0.064789
2.136710e+02 -0.265872 0.082081
2.147557e+02 -0.252267 0.098517
2.158403e+02 -0.236238 0.113937
2.169249e+02 -0.217978 0.128195
2.180095e+02 -0.197704 0.141154
2.190942e+02 -0.175646 0.152690
2.201788e+02 -0.152053 0.162693
2.212634e+02 -0.127182 0.171068
2.223480e+02 -0.101301 0.177736
2.234327e+02 -0.074682 0.182634
2.245173e+02 -0.047601 0.185717
2.256019e+02 -0.020330 0.186955
2.266865e+02 0.006858 0.186339
2.277712e+02 0.033699 0.183876
2.288558e+02 0.059937 0.179591
2.299404e+02 0.085326 0.173524
2.310250e+02 0.109634 0.165736
2.321097e+02 0.132644 0.156300
2.331943e+02 0.154154 0.145306
2.342789e+02 0.173981 0.132859
2.353635e+02 0.191964 0.119076
2.364482e+02 0.207957 0.104087
2.375328e+02 0.221840 0.088031
2.386174e+02 0.233513 0.071058
2.397020e+02 0.242896 0.053327
2.407867e+02 0.249933 0.035002
2.418713e+02 0.254592 0.016253
2.429559e+02 0.256857 -0.002749
2.440405e+02 0.256740 -0.021826
2.451252e+02 0.254268 -0.040804
2.462098e+02 0.249490 -0.059507
2.472944e+02 0.242475 -0.077762
2.483790e+02 0.233307 -0.095401
2.494637e+02 0.222090 -0.112259
2.505483e+02 0.208940 -0.128179
2.516329e+02 0.193990 -0.143013
2.527175e+02 0.177382 -0.156618
2.538022e+02 0.159273 -0.168864
2.548868e+02 0.139827 -0.179633
2.559714e+02 0.119217 -0.188816
2.570560e+02 0.097622 -0.196321
2.581407e+02 0.075229 -0.202068
2.592253e+02 0.052225 -0.205991
2.603099e+02 0.028800 -0.208041
2.613945e+02 0.005148 -0.208185
2.624792e+02 -0.018541 -0.206406
2.635638e+02 -0.042076 -0.202705
2.646484e+02 -0.065272 -0.197100
2.657330e+02 -0.087944 -0.189625
2.668176e+02 -0.109915 -0.180333
2.679023e+02 -0.131012 -0.169293
2.689869e+02 -0.151071 -0.156593
2.700715e+02 -0.169934 -0.142335
2.711561e+02 -0.187451 -0.126637
2.722408e+02 -0.203484 -0.109635
2.733254e+02 -0.217903 -0.091474
2.744100e+02 -0.230589 -0.072317
2.754946e+02 -0.241434 -0.052335
2.765793e+02 -0.250343 -0.031710
2.776639e+02 -0.257234 -0.010633
2.787485e+02 -0.262035 0.010698
2.798331e+02 -0.264693 0.032082
2.809178e+02 -0.265166 0.053314
2.820024e+02 -0.263427 0.074188
2.830870e+02 -0.259466 0.094500
2.841716e+02 -0.253289 0.114050
2.852563e+02 -0.244919 0.132643
2.863409e+02 -0.234395 0.150092
2.874255e+02 -0.221775 0.166222
2.885101e+02 -0.207134 0.180867
2.895948e+02 -0.190566 0.193878
2.906794e+02 -0.172181 0.205120
2.917640e+02 -0.152111 0.214475
2.928486e+02 -0.130503 0.221847
2.939333e+02 -0.107521 0.227157
2.950179e+02 -0.083348 0.230348
2.961025e+02 -0.058181 0.231385
2.971871e+02 -0.032232 0.230257
2.982718e+02 -0.005727 0.226971
2.993564e+02 0.021097 0.221562
3.004410e+02 0.047993 0.214083
3.015256e+02 0.074708 0.204609
3.026103e+02 0.100982 0.193239
3.036949e+02 0.126553 0.180087
3.047795e+02 0.151160 0.165288
3.058641e+02 0.174546 0.148993
3.069488e+02 0.196458 0.131368
3.080334e+02 0.216656 0.112591
3.091180e+02 0.234910 0.092854
3.102026e+02 0.251008 0.072353
3.112873e+02 0.264756 0.051296
3.123719e+02 0.275982 0.029892
3.134565e+02 0.284539 0.008354
3.145411e+02 0.290307 -0.013106
3.156258e+02 0.293196 -0.034278
3.167104e+02 0.293148 -0.054955
3.177950e+02 0.290136 -0.074939
3.188796e+02 0.284168 -0.094038
3.199643e+02 0.275285 -0.112071
3.210489e+02 0.263565 -0.128870
3.221335e+02 0.249118 -0.144279
3.232181e+02 0.232087 -0.158158
3.243028e+02 0.212647 -0.170382
3.253874e+02 0.191005 -0.180844
3.264720e+02 0.167391 -0.189454
3.275566e+02 0.142063 -0.196142
3.286413e+02 0.115300 -0.200856
3.297259e+02 0.087399 -0.203565
3.308105e+02 0.058669 -0.204255
3.318951e+02 0.029433 -0.202934
3.329797e+02 0.000018 -0.199628
3.340644e+02 -0.029249 -0.194382
3.351490e+02 -0.058039 -0.187261
3.362336e+02 -0.086034 -0.178344
3.373182e+02 -0.112923 -0.167731
3.384029e+02 -0.138412 -0.155534
3.394875e+02 -0.162225 -0.141882
3.405721e+02 -0.184107 -0.126917
3.416567e+02 -0.203828 -0.110792
3.427414e+02 -0.221185 -0.093672
3.438260e+02 -0.236004 -0.075728
3.449106e+02 -0.248145 -0.057141
3.459952e+02 -0.257497 -0.038097
3.470799e+02 -0.263986 -0.018786
3.481645e+02 -0.267569 0.000602
3.492491e+02 -0.268238 0.019875
3.503337e+02 -0.266019 0.038843
3.514184e+02 -0.260970 0.057320
3.525030e+02 -0.253179 0.075124
3.535876e+02 -0.242764 0.092082
3.546722e+02 -0.229872 0.108027
3.557569e+02 -0.214671 0.122805
3.568415e+02 -0.197354 0.136272
3.579261e+02 -0.178135 0.148297
3.590107e+02 -0.157242 0.158764
3.600954e+02 -0.134917 0.167572
3.611800e+02 -0.111414 0.174635
3.622646e+02 -0.086993 0.179886
3.633492e+02 -0.061920 0.183274
3.644339e+02 -0.036461 0.184766
3.655185e+02 -0.010881 0.184349
3.666031e+02 0.014559 0.182027
3.676877e+02 0.039605 0.177820
3.687724e+02 0.064014 0.171770
3.698570e+02 0.087552 0.163932
3.709416e+02 0.110001 0.154382
3.720262e+02 0.131156 0.143208
3.731109e+02 0.150833 0.130517
3.741955e+02 0.168863 0.116425
3.752801e+02 0.185098 0.101067
3.763647e+02 0.199411 0.084584
3.774494e+02 0.211693 0.067131
3.785340e+02 0.221861 0.048870
3.796186e+02 0.229850 0.029973
3.807032e+02 0.235617 0.010614
3.817879e+02 0.239142 -0.009023
3.828725e+02 0.240423 -0.028757
3.839571e+02 0.239480 -0.048400
3.850417e+02 0.236351 -0.067767
3.861264e+02 0.231094 -0.086676
3.872110e+02 0.223781 -0.104943
3.882956e+02 0.214503 -0.122395
3.893802e+02 0.203363 -0.138859
3.904649e+02 0.190480 -0.154174
3.915495e+02 0.175981 -0.168187
3.926341e+02 0.160008 -0.180753
3.937187e+02 0.142709 -0.191740
3.948034e+02 0.124239 -0.201031
3.958880e+02 0.104761 -0.208519
3.969726e+02 0.084441 -0.214116
3.980572e+02 0.063449 -0.217747
3.991419e+02 0.041958 -0.219357
4.002265e+02 0.020139 -0.218906
4.013111e+02 -0.001834 -0.216375
4.023957e+02 -0.023790 -0.211764
4.034803e+02 -0.045560 -0.205090
4.045650e+02 -0.066978 -0.196393
4.056496e+02 -0.087882 -0.185732
4.067342e+02 -0.108115 -0.173185
4.078188e+02 -0.127524 -0.158850
4.089035e+02 -0.145963 -0.142844
4.099881e+02 -0.163293 -0.125302
4.110727e+02 -0.179380 -0.106377
4.121573e+02 -0.194099 -0.086238
4.132420e+02 -0.207333 -0.065067
4.143266e+02 -0.218972 -0.043062
4.154112e+02 -0.228917 -0.020431
4.164958e+02 -0.237079 0.002611
4.175805e+02 -0.243376 0.025838
4.186651e+02 -0.247742 0.049022
4.197497e+02 -0.250119 0.071931
4.208343e+02 -0.250463 0.094334
4.219190e+02 -0.248744 0.116002
4.230036e+02 -0.244945 0.136714
4.240882e+02 -0.239065 0.156253
4.251728e+02 -0.231118 0.174416
4.262575e+02 -0.221137 0.191010
4.273421e+02 -0.209169 0.205861
4.284267e+02 -0.195282 0.218808
4.295113e+02 -0.179561 0.229714
4.305960e+02 -0.162110 0.238461
4.316806e+02 -0.143051 0.244953
4.327652e+02 -0.122526 0.249121
4.338498e+02 -0.100696 0.250918
4.349345e+02 -0.077738 0.250323
4.360191e+02 -0.053846 0.247344
4.371037e+02 -0.029232 0.242010
4.381883e+02 -0.004119 0.234380
4.392730e+02 0.021256 0.224534
4.403576e+02 0.046648 0.212579
4.414422e+02 0.071801 0.198642
4.425268e+02 0.096458 0.182871
4.436115e+02 0.120358 0.165435
4.446961e+02 0.143243 0.146520
4.457807e+02 0.164857 0.126323
4.468653e+02 0.184955 0.105058
4.479500e+02 0.203301 0.082948
4.490346e+02 0.219677 0.060221
4.501192e+02 0.233880 0.037111
4.512038e+02 0.245732 0.013857
4.522885e+02 0.255076 -0.009308
4.533731e+02 0.261785 -0.032148
4.544577e+02 0.265760 -0.054438
4.555423e+02 0.266934 -0.075958
4.566270e+02 0.265274 -0.096497
4.577116e+02 0.260780 -0.115859
4.587962e+02 0.253487 -0.133860
4.598808e+02 0.243465 -0.150333
4.609655e+02 0.230820 -0.165127
4.620501e+02 0.215689 -0.178111
4.631347e+02 0.198241 -0.189172
4.642193e+02 0.178677 -0.198218
4.653040e+02 0.157223 -0.205180
4.663886e+02 0.134130 -0.210008
4.674732e+02 0.109670 -0.212674
4.685578e+02 0.084133 -0.213172
4.696424e+02 0.057820 -0.211519
4.707271e+02 0.031045 -0.207751
4.718117e+02 0.004122 -0.201925
4.728963e+02 -0.022629 -0.194118
4.739809e+02 -0.048897 -0.184425
4.750656e+02 -0.074374 -0.172961
4.761502e+02 -0.098768 -0.159853
4.772348e+02 -0.121801 -0.145247
4.783194e+02 -0.143213 -0.129301
4.794041e+02 -0.162769 -0.112184
4.804887e+02 -0.180259 -0.094077
4.815733e+02 -0.195500 -0.075169
4.826579e+02 -0.208338 -0.055654
4.837426e+02 -0.218651 -0.035733
4.848272e+02 -0.226351 -0.015608
4.859118e+02 -0.231381 0.004518
4.869964e+02 -0.233716 0.024440
4.880811e+02 -0.233365 0.043961
4.891657e+02 -0.230368 0.062885
4.902503e+02 -0.224797 0.081024
4.913349e+02 -0.216750 0.098198
4.924196e+02 -0.206353 0.114238
4.935042e+02 -0.193759 0.128985
4.945888e+02 -0.179139 0.142296
4.956734e+02 -0.162686 0.154038
4.967581e+02 -0.144608 0.164097
4.978427e+02 -0.125130 0.172375
4.989273e+02 -0.104483 0.178791
5.000119e+02 -0.082908 0.183282
5.010966e+02 -0.060651 0.185803
5.021812e+02 -0.037958 0.186329
5.032658e+02 -0.015075 0.184854
5.043504e+02 0.007757 0.181391
5.054351e+02 0.030302 0.175971
5.065197e+02 0.052335 0.168645
5.076043e+02 0.073640 0.159481
5.086889e+02 0.094016 0.148565
5.097736e+02 0.113274 0.135997
5.108582e+02 0.131245 0.121897
5.119428e+02 0.147774 0.106395
5.130274e+02 0.162727 0.089637
5.141121e+02 0.175986 0.071781
5.151967e+02 0.187454 0.052994
5.162813e+02 0.197056 0.033453
5.173659e+02 0.204733 0.013345
5.184506e+02 0.210447 -0.007141
5.195352e+02 0.214180 -0.027807
5.206198e+02 0.215931 -0.048456
5.217044e+02 0.215717 -0.068887
5.227891e+02 0.213572 -0.088900
5.238737e+02 0.209546 -0.108296
5.249583e+02 0.203703 -0.126882
5.260429e+02 0.196119 -0.144468
5.271276e+02 0.186884 -0.160872
5.282122e+02 0.176098 -0.175921
5.292968e+02 0.163870 -0.189452
5.303814e+02 0.150316 -0.201313
5.314661e+02 0.135560 -0.211368
5.325507e+02 0.119732 -0.219492
5.336353e+02 0.102963 -0.225581
5.347199e+02 0.085392 -0.229545
5.358045e+02 0.067156 -0.231316
5.368892e+02 0.048395 -0.230842
5.379738e+02 0.029250 -0.228098
5.390584e+02 0.009860 -0.223075
5.401430e+02 -0.009635 -0.215790
5.412277e+02 -0.029096 -0.206282
5.423123e+02 -0.048388 -0.194614
5.433969e+02 -0.067375 -0.180869
5.444815e+02 -0.085924 -0.165157
5.455662e+02 -0.103907 -0.147607
5.466508e+02 -0.121195 -0.128370
5.477354e+02 -0.137665 -0.107620
5.488200e+02 -0.153193 -0.085545
5.499047e+02 -0.167664 -0.062355
5.509893e+02 -0.180962 -0.038272
5.520739e+02 -0.192978 -0.013532
5.531585e+02 -0.203607 0.011618
5.542432e+02 -0.212750 0.036923
5.553278e+02 -0.220314 0.062123
5.564124e+02 -0.226214 0.086956
5.574970e+02 -0.230373 0.111162
5.585817e+02 -0.232723 0.134481
5.596663e+02 -0.233210 0.156664
5.607509e+02 -0.231788 0.177470
5.618355e+02 -0.228428 0.196673
5.629202e+02 -0.223113 0.214062
5.640048e+02 -0.215844 0.229443
5.650894e+02 -0.206640 0.242647
5.661740e+02 -0.195538 0.253525
5.672587e+02 -0.182594 0.261956
5.683433e+02 -0.167886 0.267844
5.694279e+02 -0.151510 0.271124
5.705125e+02 -0.133585 0.271758
5.715972e+02 -0.114252 0.269738
5.726818e+02 -0.093669 0.265088
5.737664e+02 -0.072018 0.257858
5.748510e+02 -0.049495 0.248131
5.759357e+02 -0.026316 0.236014
5.770203e+02 -0.002710 0.221644
5.781049e+02 0.021081 0.205179
5.791895e+02 0.044806 0.186802
5.802742e+02 0.068207 0.166717
5.813588e+02 0.091023 0.145143
5.824434e+02 0.112992 0.122316
5.835280e+02 0.133858 0.098483
5.846127e+02 0.153372 0.073900
5.856973e+02 0.171296 0.048831
5.867819e+02 0.187407 0.023539
5.878665e+02 0.201503 -0.001710
5.889512e+02 0.213401 -0.026655
5.900358e+02 0.222946 -0.051040
5.911204e+02 0.230011 -0.074619
5.922050e+02 0.234498 -0.097156
5.932897e+02 0.236343 -0.118430
5.943743e+02 0.235516 -0.138236
5.954589e+02 0.232020 -0.156387
5.965435e+02 0.225894 -0.172716
5.976282e+02 0.217215 -0.187076
5.987128e+02 0.206089 -0.199342
5.997974e+02 0.192657 -0.209415
6.008820e+02 0.177092 -0.217217
6.019666e+02 0.159594 -0.222696
6.030513e+02 0.140389 -0.225823
6.041359e+02 0.119723 -0.226594
6.052205e+02 0.097863 -0.225029
6.063051e+02 0.075089 -0.221171
6.073898e+02 0.051693 -0.215086
6.084744e+02 0.027971 -0.206861
6.095590e+02 0.004223 -0.196602
6.106436e+02 -0.019256 -0.184438
6.117283e+02 -0.042176 -0.170512
6.128129e+02 -0.064259 -0.154984
6.138975e+02 -0.085240 -0.138029
6.149821e+02 -0.104873 -0.119833
6.160668e+02 -0.122932 -0.100594
6.171514e+02 -0.139218 -0.080518
6.182360e+02 -0.153555 -0.059816
6.193206e+02 -0.165795 -0.038706
6.204053e+02 -0.175822 -0.017406
6.214899e+02 -0.183549 0.003864
6.225745e+02 -0.188919 0.024888
6.236591e+02 -0.191906 0.045451
6.247438e+02 -0.192515 0.065346
6.258284e+02 -0.190781 0.084372
6.269130e+02 -0.186764 0.102341
6.279976e+02 -0.180554 0.119072
6.290823e+02 -0.172262 0.134399
6.301669e+02 -0.162024 0.148170
6.312515e+02 -0.149994 0.160250
6.323361e+02 -0.136344 0.170520
6.334208e+02 -0.121259 0.178877
6.345054e+02 -0.104936 0.185239
6.355900e+02 -0.087583 0.189543
6.366746e+02 -0.069409 0.191745
6.377593e+02 -0.050631 0.191824
6.388439e+02 -0.031462 0.189775
6.399285e+02 -0.012117 0.185617
6.410131e+02 0.007198 0.179387
6.420978e+02 0.026282 0.171142
6.431824e+02 0.044942 0.160960
6.442670e+02 0.062996 0.148935
6.453516e+02 0.080277 0.135179
6.464363e+02 0.096629 0.119823
6.475209e+02 0.111912 0.103011
6.486055e+02 0.126000 0.084903
6.496901e+02 0.138785 0.065670
6.507748e+02 0.150176 0.045497
6.518594e+02 0.160095 0.024577
6.529440e+02 0.168485 0.003114
6.540286e+02 0.175303 -0.018683
6.551133e+02 0.180521 -0.040600
6.561979e+02 0.184126 -0.062418
6.572825e+02 0.186121 -0.083918
6.583671e+02 0.186521 -0.104880
6.594518e+02 0.185353 -0.125087
6.605364e+02 0.182654 -0.144326
6.616210e+02 0.178474 -0.162390
6.627056e+02 0.172867 -0.179080
6.637903e+02 0.165899 -0.194207
6.648749e+02 0.157641 -0.207595
6.659595e+02 0.148167 -0.219081
6.670441e+02 0.137560 -0.228517
6.681287e+02 0.125903 -0.235775
6.692134e+02 0.113283 -0.240743
6.702980e+02 0.099790 -0.243334
6.713826e+02 0.085515 -0.243481
6.724672e+02 0.070551 -0.241140
6.735519e+02 0.054993 -0.236294
6.746365e+02 0.038935 -0.228951
6.757211e+02 0.022476 -0.219144
6.768057e+02 0.005713 -0.206936
6.778904e+02 -0.011253 -0.192413
6.789750e+02 -0.028319 -0.175691
6.800596e+02 -0.045381 -0.156910
6.811442e+02 -0.062332 -0.136236
6.822289e+02 -0.079060 -0.113859
6.833135e+02 -0.095454 -0.089991
6.843981e+02 -0.111398 -0.064865
6.854827e+02 -0.126772 -0.038730
6.865674e+02 -0.141455 -0.011855
6.876520e+02 -0.155324 0.015483
6.887366e+02 -0.168256 0.042995
6.898212e+02 -0.180124 0.070387
6.909059e+02 -0.190806 0.097361
6.919905e+02 -0.200181 0.123621
6.930751e+02 -0.208130 0.148876
6.941597e+02 -0.214542 0.172842
6.952444e+02 -0.219314 0.195248
6.963290e+02 -0.222350 0.215838
6.974136e+02 -0.223569 0.234377
6.984982e+02 -0.222902 0.250649
6.995829e+02 -0.220297 0.264467
7.006675e+02 -0.215720 0.275668
7.017521e+02 -0.209157 0.284122
7.028367e+02 -0.200617 0.289728
7.039214e+02 -0.190131 0.292421
7.050060e+02 -0.177754 0.292168
7.060906e+02 -0.163567 0.288972
7.071752e+02 -0.147676 0.282868
7.082599e+02 -0.130212 0.273928
7.093445e+02 -0.111331 0.262255
7.104291e+02 -0.091211 0.247985
7.115137e+02 -0.070053 0.231283
7.125984e+02 -0.048079 0.212339
7.136830e+02 -0.025524 0.191373
7.147676e+02 -0.002640 0.168623
7.158522e+02 0.020309 0.144345
7.169369e+02 0.043056 0.118815
7.180215e+02 0.065328 0.092317
7.191061e+02 0.086854 0.065143
7.201907e+02 0.107367 0.037593
7.212754e+02 0.126613 0.009965
7.223600e+02 0.144349 -0.017445
7.234446e+02 0.160350 -0.044345
7.245292e+02 0.174413 -0.070455
7.256139e+02 0.186361 -0.095506
7.266985e+02 0.196045 -0.119245
7.277831e+02 0.203345 -0.141435
7.288677e+02 0.208175 -0.161861
7.299524e+02 0.210485 -0.180330
7.310370e+02 0.210258 -0.196673
7.321216e+02 0.207513 -0.210745
7.332062e+02 0.202305 -0.222428
7.342908e+02 0.194724 -0.231632
7.353755e+02 0.184891 -0.238294
7.364601e+02 0.172960 -0.242377
7.375447e+02 0.159110 -0.243875
7.386293e+02 0.143549 -0.242805
7.397140e+02 0.126504 -0.239213
7.407986e+02 0.108221 -0.233169
7.418832e+02 0.088959 -0.224769
7.429678e+02 0.068988 -0.214130
7.440525e+02 0.048583 -0.201389
7.451371e+02 0.028019 -0.186706
7.462217e+02 0.007571 -0.170256
7.473063e+02 -0.012497 -0.152231
7.483910e+02 -0.031929 -0.132835
7.494756e+02 -0.050483 -0.112284
7.505602e+02 -0.067937 -0.090804
7.516448e+02 -0.084088 -0.068627
7.527295e+02 -0.098755 -0.045990
7.538141e+02 -0.111782 -0.023131
7.548987e+02 -0.123039 -0.000290
7.559833e+02 -0.132425 0.022298
7.570680e+02 -0.139863 0.044399
7.581526e+02 -0.145307 0.065788
7.592372e+02 -0.148737 0.086249
7.603218e+02 -0.150159 0.105575
7.614065e+02 -0.149605 0.123572
7.624911e+02 -0.147131 0.140060
7.635757e+02 -0.142814 0.154875
7.646603e+02 -0.136754 0.167870
7.657450e+02 -0.129066 0.178917
7.668296e+02 -0.119882 0.187905
7.679142e+02 -0.109345 0.194745
7.689988e+02 -0.097613 0.199371
7.700835e+02 -0.084846 0.201733
7.711681e+02 -0.071215 0.201809
7.722527e+02 -0.056890 0.199595
7.733373e+02 -0.042045 0.195109
7.744220e+02 -0.026848 0.188394
7.755066e+02 -0.011468 0.179511
7.765912e+02 0.003934 0.168544
7.776758e+02 0.019203 0.155596
7.787605e+02 0.034193 0.140789
7.798451e+02 0.048768 0.124265
7.809297e+02 0.062802 0.106183
7.820143e+02 0.076181 0.086715
7.830990e+02 0.088801 0.066052
7.841836e+02 0.100572 0.044395
7.852682e+02 0.111416 0.021957
7.863528e+02 0.121265 -0.001038
7.874375e+02 0.130065 -0.024360
7.885221e+02 0.137769 -0.047771
7.896067e+02 0.144344 -0.071029
7.906913e+02 0.149765 -0.093893
7.917760e+02 0.154015 -0.116118
7.928606e+02 0.157085 -0.137464
7.939452e+02 0.158972 -0.157694
7.950298e+02 0.159681 -0.176581
7.961145e+02 0.159220 -0.193904
7.971991e+02 0.157600 -0.209454
7.982837e+02 0.154837 -0.223038
7.993683e+02 0.150949 -0.234478
8.004529e+02 0.145956 -0.243614
8.015376e+02 0.139882 -0.250308
8.026222e+02 0.132751 -0.254444
8.037068e+02 0.124588 -0.255931
8.047914e+02 0.115423 -0.254704
8.058761e+02 0.105287 -0.250727
8.069607e+02 0.094215 -0.243992
8.080453e+02 0.082246 -0.234522
8.091299e+02 0.069424 -0.222371
8.102146e+02 0.055798 -0.207623
8.112992e+02 0.041426 -0.190395
8.123838e+02 0.026372 -0.170833
8.134684e+02 0.010710 -0.149114
8.145531e+02 -0.005478 -0.125441
8.156377e+02 -0.022097 -0.100047
8.167223e+02 -0.039044 -0.073187
8.178069e+02 -0.056202 -0.045139
8.188916e+02 -0.073445 -0.016199
8.199762e+02 -0.090635 0.013320
8.210608e+02 -0.107623 0.043094
8.221454e+02 -0.124253 0.072791
8.232301e+02 -0.140359 0.102074
8.243147e+02 -0.155770 0.130608
8.253993e+02 -0.170310 0.158063
8.264839e+02 -0.183800 0.184115
8.275686e+02 -0.196065 0.208458
8.286532e+02 -0.206931 0.230800
8.297378e+02 -0.216232 0.250873
8.308224e+02 -0.223811 0.268434
8.319071e+02 -0.229526 0.283269
8.329917e+02 -0.233249 0.295196
8.340763e+02 -0.234874 0.304068
8.351609e+02 -0.234317 0.309774
8.362456e+02 -0.231517 0.312243
8.373302e+02 -0.226444 0.311441
8.384148e+02 -0.219096 0.307377
8.394994e+02 -0.209500 0.300098
8.405841e+02 -0.197719 0.289689
8.416687e+02 -0.183843 0.276275
8.427533e+02 -0.167998 0.260017
8.438379e+02 -0.150339 0.241107
8.449226e+02 -0.131051 0.219772
8.460072e+02 -0.110344 0.196262
8.470918e+02 -0.088455 0.170856
8.481764e+02 -0.065641 0.143851
8.492611e+02 -0.042176 0.115560
8.503457e+02 -0.018347 0.086310
8.514303e+02 0.005549 0.056434
8.525149e+02 0.029213 0.026270
8.535996e+02 0.052347 -0.003844
8.546842e+02 0.074657 -0.033576
8.557688e+02 0.095863 -0.062603
8.568534e+02 0.115697 -0.090613
8.579381e+02 0.133913 -0.117312
8.590227e+02 0.150290 -0.142423
8.601073e+02 0.164631 -0.165693
8.611919e+02 0.176774 -0.186892
8.622766e+02 0.186586 -0.205817
8.633612e+02 0.193973 -0.222296
8.644458e+02 0.198875 -0.236183
8.655304e+02 0.201269 -0.247365
8.666150e+02 0.201169 -0.255761
8.676997e+02 0.198625 -0.261319
8.687843e+02 0.193723 -0.264022
8.698689e+02 0.186578 -0.263881
8.709535e+02 0.177338 -0.260939
8.720382e+02 0.166177 -0.255266
8.731228e+02 0.153292 -0.246961
8.742074e+02 0.138902 -0.236149
8.752920e+02 0.123238 -0.222980
8.763767e+02 0.106546 -0.207625
8.774613e+02 0.089079 -0.190275
8.785459e+02 0.071091 -0.171138
8.796305e+02 0.052838 -0.150441
8.807152e+02 0.034569 -0.128419
8.817998e+02 0.016527 -0.105320
8.828844e+02 -0.001058 -0.081401
8.839690e+02 -0.017971 -0.056920
8.850537e+02 -0.034013 -0.032142
8.861383e+02 -0.049007 -0.007330
8.872229e+02 -0.062794 0.017257
8.883075e+02 -0.075241 0.041362
8.893922e+02 -0.086234 0.064735
8.904768e+02 -0.095687 0.087140
8.915614e+02 -0.103536 0.108346
8.926460e+02 -0.109740 0.128141
8.937307e+02 -0.114282 0.146326
8.948153e+02 -0.117165 0.162718
8.958999e+02 -0.118413 0.177156
8.969845e+02 -0.118070 0.189494
8.980692e+02 -0.116193 0.199612
8.991538e+02 -0.112859 0.207409
9.002384e+02 -0.108152 0.212808
9.013230e+02 -0.102172 0.215755
9.024077e+02 -0.095025 0.216219
9.034923e+02 -0.086824 0.214196
9.045769e+02 -0.077685 0.209702
9.056615e+02 -0.067730 0.202781
9.067462e+02 -0.057080 0.193497
9.078308e+02 -0.045855 0.181939
9.089154e+02 -0.034173 0.168218
9.100000e+02 -0.022151 0.152467
9.110847e+02 -0.009898 0.134838
9.121693e+02 0.002478 0.115504
9.132539e+02 0.014878 0.094655
9.143385e+02 0.027207 0.072498
9.154232e+02 0.039375 0.049254
9.165078e+02 0.051301 0.025158
9.175924e+02 0.062906 0.000457
9.186770e+02 0.074120 -0.024594
9.197617e+02 0.084875 -0.049732
9.208463e+02 0.095107 -0.074690
9.219309e+02 0.104757 -0.099197
9.230155e+02 0.113767 -0.122983
9.241002e+02 0.122083 -0.145781
9.251848e+02 0.129650 -0.167327
9.262694e+02 0.136413 -0.187366
9.273540e+02 0.142321 -0.205655
9.284387e+02 0.147318 -0.221962
9.295233e+02 0.151350 -0.236072
9.306079e+02 0.154362 -0.247790
9.316925e+02 0.156299 -0.256942
9.327771e+02 0.157105 -0.263377
9.338618e+02 0.156727 -0.266972
9.349464e+02 0.155111 -0.267632
9.360310e+02 0.152210 -0.265294
9.371156e+02 0.147977 -0.259927
9.382003e+02 0.142373 -0.251534
9.392849e+02 0.135369 -0.240153
9.403695e+02 0.126943 -0.225858
9.414541e+02 0.117084 -0.208759
9.425388e+02 0.105796 -0.189001
9.436234e+02 0.093099 -0.166765
9.447080e+02 0.079028 -0.142265
9.457926e+02 0.063640 -0.115747
9.468773e+02 0.047007 -0.087487
9.479619e+02 0.029227 -0.057787
9.490465e+02 0.010417 -0.026971
9.501311e+02 -0.009285 0.004613
9.512158e+02 -0.029717 0.036606
9.523004e+02 -0.050697 0.068636
9.533850e+02 -0.072025 0.100324
9.544696e+02 -0.093483 0.131293
9.555543e+02 -0.114836 0.161165
9.566389e+02 -0.135838 0.189576
9.577235e+02 -0.156234 0.216174
9.588081e+02 -0.175763 0.240625
9.598928e+02 -0.194165 0.262621
9.609774e+02 -0.211179 0.281884
9.620620e+02 -0.226556 0.298165
9.631466e+02 -0.240057 0.311254
9.642313e+02 -0.251461 0.320980
9.653159e+02 -0.260567 0.327215
9.664005e+02 -0.267202 0.329874
9.674851e+02 -0.271222 0.328917
9.685698e+02 -0.272515 0.324351
9.696544e+02 -0.271007 0.316230
9.707390e+02 -0.266662 0.304651
9.718236e+02 -0.259484 0.289755
9.729083e+02 -0.249519 0.271724
9.739929e+02 -0.236854 0.250782
9.750775e+02 -0.221617 0.227184
9.761621e+02 -0.203974 0.201220
9.772468e+02 -0.184131 0.173206
9.783314e+02 -0.162326 0.143481
9.794160e+02 -0.138827 0.112403
9.805006e+02 -0.113930 0.080342
9.815853e+02 -0.087952 0.047678
9.826699e+02 -0.061225 0.014792
9.837545e+02 -0.034093 -0.017935
9.848391e+02 -0.006905 -0.050130
9.859238e+02 0.019992 -0.081431
9.870084e+02 0.046256 -0.111492
9.880930e+02 0.071559 -0.139986
9.891776e+02 0.095589 -0.166610
9.902623e+02 0.118057 -0.191088
9.913469e+02 0.138701 -0.213173
9.924315e+02 0.157290 -0.232651
9.935161e+02 0.173625 -0.249339
9.946008e+02 0.187547 -0.263092
9.956854e+02 0.198931 -0.273798
9.967700e+02 0.207694 -0.281383
9.978546e+02 0.213793 -0.285811
9.989392e+02 0.217223 -0.287077
1.000024e+03 0.218017 -0.285216
1.001108e+03 0.216244 -0.280293
1.002193e+03 0.212007 -0.272407
1.003278e+03 0.205442 -0.261687
1.004362e+03 0.196711 -0.248292
1.005447e+03 0.185999 -0.232403
1.006532e+03 0.173514 -0.214228
1.007616e+03 0.159478 -0.193994
1.008701e+03 0.144127 -0.171948
1.009785e+03 0.127701 -0.148348
1.010870e+03 0.110449 -0.123469
1.011955e+03 0.092615 -0.097592
1.013039e+03 0.074444 -0.071005
1.014124e+03 0.056169 -0.044000
1.015209e+03 0.038018 -0.016870
1.016293e+03 0.020202 0.010096
1.017378e+03 0.002920 0.036613
1.018462e+03 -0.013648 0.062404
1.019547e+03 -0.029338 0.087202
1.020632e+03 -0.044006 0.110753
1.021716e+03 -0.057528 0.132818
1.022801e+03 -0.069800 0.153173
1.023886e+03 -0.080735 0.171613
1.024970e+03 -0.090270 0.187956
1.026055e+03 -0.098355 0.202039
1.027139e+03 -0.104963 0.213722
1.028224e+03 -0.110078 0.222891
1.029309e+03 -0.113702 0.229456
1.030393e+03 -0.115851 0.233353
1.031478e+03 -0.116550 0.234543
1.032563e+03 -0.115838 0.233016
1.033647e+03 -0.113759 0.228785
1.034732e+03 -0.110369 0.221893
1.035816e+03 -0.105728 0.212407
1.036901e+03 -0.099900 0.200420
1.037986e+03 -0.092955 0.186050
1.039070e+03 -0.084965 0.169440
1.040155e+03 -0.076005 0.150754
1.041240e+03 -0.066151 0.130179
1.042324e+03 -0.055482 0.107923
1.043409e+03 -0.044078 0.084212
1.044493e+03 -0.032018 0.059288
1.045578e+03 -0.019387 0.033410
1.046663e+03 -0.006268 0.006849
1.047747e+03 0.007252 -0.020112
1.048832e+03 0.021082 -0.047183
1.049917e+03 0.035129 -0.074066
1.051001e+03 0.049296 -0.100462
1.052086e+03 0.063480 -0.126070
1.053170e+03 0.077574 -0.150592
1.054255e+03 0.091464 -0.173736
1.055340e+03 0.105031 -0.195217
1.056424e+03 0.118151 -0.214765
1.057509e+03 0.130691 -0.232123
1.058594e+03 0.142517 -0.247052
1.059678e+03 0.153487 -0.259337
1.060763e+03 0.163457 -0.268786
1.061847e+03 0.172279 -0.275235
1.062932e+03 0.179806 -0.278552
1.064017e+03 0.185892 -0.278638
1.065101e+03 0.190394 -0.275428
1.066186e+03 0.193176 -0.268898
1.067271e+03 0.194110 -0.259061
1.068355e+03 0.193081 -0.245970
1.069440e+03 0.189988 -0.229720
1.070524e+03 0.184749 -0.210448
1.071609e+03 0.177302 -0.188330
1.072694e+03 0.167611 -0.163582
1.073778e+03 0.155664 -0.136460
1.074863e+03 0.141481 -0.107251
1.075948e+03 0.125112 -0.076280
1.077032e+03 0.106641 -0.043896
1.078117e+03 0.086184 -0.010476
1.079201e+03 0.063894 0.023582
1.080286e+03 0.039956 0.057869
1.081371e+03 0.014591 0.091961
1.082455e+03 -0.011951 0.125434
1.083540e+03 -0.039388 0.157864
1.084625e+03 -0.067415 0.188835
1.085709e+03 -0.095702 0.217945
1.086794e+03 -0.123902 0.244813
1.087878e+03 -0.151656 0.269083
1.088963e+03 -0.178595 0.290430
1.090048e+03 -0.204353 0.308565
1.091132e+03 -0.228566 0.323242
1.092217e+03 -0.250881 0.334255
1.093302e+03 -0.270964 0.341451
1.094386e+03 -0.288504 0.344723
1.095471e+03 -0.303220 0.344019
1.096555e+03 -0.314866 0.339337
1.097640e+03 -0.323237 0.330730
1.098725e+03 -0.328173 0.318303
1.099809e+03 -0.329561 0.302210
1.100894e+03 -0.327339 0.282653
1.101979e+03 -0.321498 0.259881
1.103063e+03 -0.312083 0.234183
1.104148e+03 -0.299191 0.205883
1.105232e+03 -0.282972 0.175339
1.106317e+03 -0.263625 0.142935
1.107402e+03 -0.241396 0.109075
1.108486e+03 -0.216571 0.074178
1.109571e+03 -0.189478 0.038674
1.110656e+03 -0.160472 0.002994
1.111740e+03 -0.129937 -0.032434
1.112825e+03 -0.098276 -0.067190
1.113909e+03 -0.065903 -0.100867
1.114994e+03 -0.033238 -0.133079
1.116079e+03 -0.000701 -0.163463
1.117163e+03 0.031298 -0.191683
1.118248e+03 0.062362 -0.217437
1.119333e+03 0.092118 -0.240457
1.120417e+03 0.120214 -0.260510
1.121502e+03 0.146335 -0.277407
1.122586e+03 0.170198 -0.290996
1.123671e+03 0.191559 -0.301168
1.124756e+03 0.210217 -0.307857
1.125840e+03 0.226012 -0.311037
1.126925e+03 0.238830 -0.310724
1.128010e+03 0.248601 -0.306973
1.129094e+03 0.255297 -0.299876
1.130179e+03 0.258935 -0.289564
1.131263e+03 0.259568 -0.276198
1.132348e+03 0.257291 -0.259972
1.133433e+03 0.252231 -0.241107
1.134517e+03 0.244544 -0.219850
1.135602e+03 0.234416 -0.196469
1.136687e+03 0.222055 -0.171248
1.137771e+03 0.207686 -0.144490
1.138856e+03 0.191550 -0.116507
1.139940e+03 0.173899 -0.087619
1.141025e+03 0.154989 -0.058151
1.142110e+03 0.135081 -0.028429
1.143194e+03 0.114434 0.001222
1.144279e+03 0.093301 0.030485
1.145364e+03 0.071931 0.059047
1.146448e+03 0.050562 0.086609
1.147533e+03 0.029420 0.112884
1.148617e+03 0.008719 0.137602
1.149702e+03 -0.011344 0.160512
1.150787e+03 -0.030585 0.181382
1.151871e+03 -0.048838 0.200002
1.152956e+03 -0.065955 0.216188
1.154041e+03 -0.081800 0.229780
1.155125e+03 -0.096258 0.240645
1.156210e+03 -0.109229 0.248678
1.157294e+03 -0.120628 0.253801
1.158379e+03 -0.130384 0.255967
1.159464e+03 -0.138441 0.255157
1.160548e+03 -0.144757 0.251382
1.161633e+03 -0.149302 0.244681
1.162718e+03 -0.152058 0.235125
1.163802e+03 -0.153017 0.222810
1.164887e+03 -0.152183 0.207862
1.165971e+03 -0.149570 0.190434
1.167056e+03 -0.145200 0.170702
1.168141e+03 -0.139109 0.148871
1.169225e+03 -0.131337 0.125164
1.170310e+03 -0.121938 0.099830
1.171395e+03 -0.110974 0.073134
1.172479e+03 -0.098518 0.045360
1.173564e+03 -0.084655 0.016807
1.174648e+03 -0.069478 -0.012215
1.175733e+03 -0.053096 -0.041384
1.176818e+03 -0.035628 -0.070371
1.177902e+03 -0.017206 -0.098846
1.178987e+03 0.002022 -0.126473
1.180072e+03 0.021897 -0.152923
1.181156e+03 0.042245 -0.177872
1.182241e+03 0.062876 -0.201005
1.183325e+03 0.083591 -0.222019
1.184410e+03 0.104175 -0.240632
1.185495e+03 0.124401 -0.256579
1.186579e+03 0.144034 -0.269624
1.187664e+03 0.162829 -0.279555
1.188749e+03 0.180536 -0.286194
1.189833e+03 0.196903 -0.289400
1.190918e+03 0.211674 -0.289067
1.192002e+03 0.224601 -0.285132
1.193087e+03 0.235441 -0.277575
1.194172e+03 0.243963 -0.266420
1.195256e+03 0.249951 -0.251738
1.196341e+03 0.253212 -0.233646
1.197426e+03 0.253575 -0.212309
1.198510e+03 0.250901 -0.187937
1.199595e+03 0.245083 -0.160784
1.200679e+03 0.236051 -0.131148
1.201764e+03 0.223780 -0.099365
1.202849e+03 0.208285 -0.065807
1.203933e+03 0.189630 -0.030878
1.205018e+03 0.167927 0.004993
1.206103e+03 0.143337 0.041354
1.207187e+03 0.116070 0.077740
1.208272e+03 0.086386 0.113678
1.209356e+03 0.054588 0.148693
1.210441e+03 0.021024 0.182316
1.211526e+03 -0.013919 0.214089
1.212610e+03 -0.049819 0.243577
1.213695e+03 -0.086229 0.270369
1.214780e+03 -0.122676 0.294087
1.215864e+03 -0.158674 0.314394
1.216949e+03 -0.193732 0.330996
1.218033e+03 -0.227357 0.343649
1.219118e+03 -0.259069 0.352163
1.220203e+03 -0.288403 0.356405
1.221287e+03 -0.314923 0.356298
1.222372e+03 -0.338226 0.351830
1.223457e+03 -0.357951 0.343045
1.224541e+03 -0.373786 0.330051
1.225626e+03 -0.385473 0.313011
1.226710e+03 -0.392814 0.292146
1.227795e+03 -0.395675 0.267727
1.228880e+03 -0.393985 0.240076
1.229964e+03 -0.387744 0.209554
1.231049e+03 -0.377018 0.176561
1.232134e+03 -0.361941 0.141529
1.233218e+03 -0.342710 0.104913
1.234303e+03 -0.319583 0.067185
1.235387e+03 -0.292876 0.028829
1.236472e+03 -0.262952 -0.009670
1.237557e+03 -0.230223 -0.047829
1.238641e+03 -0.195134 -0.085174
1.239726e+03 -0.158160 -0.121252
1.240811e+03 -0.119799 -0.155629
1.241895e+03 -0.080558 -0.187900
1.242980e+03 -0.040951 -0.217694
1.244064e+03 -0.001487 -0.244677
1.245149e+03 0.037337 -0.268557
1.246234e+03 0.075045 -0.289084
1.247318e+03 0.111185 -0.306055
1.248403e+03 0.145339 -0.319316
1.249488e+03 0.177127 -0.328760
1.250572e+03 0.206213 -0.334327
1.251657e+03 0.232305 -0.336008
1.252741e+03 0.255160 -0.333838
1.253826e+03 0.274588 -0.327899
1.254911e+03 0.290448 -0.318315
1.255995e+03 0.302649 -0.305249
1.257080e+03 0.311154 -0.288902
1.258165e+03 0.315970 -0.269510
1.259249e+03 0.317154 -0.247337
1.260334e+03 0.314802 -0.222674
1.261418e+03 0.309052 -0.195836
1.262503e+03 0.300076 -0.167155
1.263588e+03 0.288078 -0.136976
1.264672e+03 0.273289 -0.105656
1.265757e+03 0.255963 -0.073560
1.266842e+03 0.236370 -0.041051
1.267926e+03 0.214797 -0.008494
1.269011e+03 0.191539 0.023753
1.270095e+03 0.166895 0.055339
1.271180e+03 0.141170 0.085925
1.272265e+03 0.114666 0.115189
1.273349e+03 0.087679 0.142823
1.274434e+03 0.060503 0.168544
1.275519e+03 0.033417 0.192089
1.276603e+03 0.006695 0.213218
1.277688e+03 -0.019406 0.231722
1.278772e+03 -0.044642 0.247418
1.279857e+03 -0.068781 0.260152
1.280942e+03 -0.091611 0.269801
1.282026e+03 -0.112932 0.276276
1.283111e+03 -0.132564 0.279518
1.284196e+03 -0.150341 0.279500
1.285280e+03 -0.166116 0.276230
1.286365e+03 -0.179758 0.269747
1.287449e+03 -0.191154 0.260122
1.288534e+03 -0.200206 0.247459
1.289619e+03 -0.206835 0.231892
1.290703e+03 -0.210979 0.213585
1.291788e+03 -0.212593 0.192732
1.292873e+03 -0.211650 0.169553
1.293957e+03 -0.208142 0.144294
1.295042e+03 -0.202080 0.117225
1.296126e+03 -0.193492 0.088638
1.297211e+03 -0.182429 0.058843
1.298296e+03 -0.168961 0.028171
1.299380e+03 -0.153180 -0.003039
1.300465e+03 -0.135201 -0.034430
1.301550e+03 -0.115160 -0.065642
1.302634e+03 -0.093218 -0.096308
1.303719e+03 -0.069560 -0.126060
1.304803e+03 -0.044393 -0.154533
1.305888e+03 -0.017951 -0.181370
1.306973e+03 0.009512 -0.206223
1.308057e+03 0.037717 -0.228760
1.309142e+03 0.066365 -0.248669
1.310227e+03 0.095137 -0.265662
1.311311e+03 0.123697 -0.279477
1.312396e+03 0.151693 -0.289886
1.313480e+03 0.178765 -0.296699
1.314565e+03 0.204544 -0.299763
1.315650e+03 0.228659 -0.298970
1.316734e+03 0.250740 -0.294259
1.317819e+03 0.270426 -0.285618
1.318904e+03 0.287371 -0.273085
1.319988e+03 0.301244 -0.256751
1.321073e+03 0.311745 -0.236761
1.322157e+03 0.318603 -0.213310
1.323242e+03 0.321584 -0.186647
1.324327e+03 0.320501 -0.157070
1.325411e+03 0.315215 -0.124924
1.326496e+03 0.305639 -0.090596
1.327581e+03 0.291749 -0.054513
1.328665e+03 0.273579 -0.017136
1.329750e+03 0.251230 0.021048
1.330834e+03 0.224868 0.059531
1.331919e+03 0.194724 0.097790
1.333004e+03 0.161095 0.135298
1.334088e+03 0.124340 0.171530
1.335173e+03 0.084878 0.205971
1.336257e+03 0.043179 0.238124
1.337342e+03 -0.000236 0.267520
1.338427e+03 -0.044807 0.293722
1.339511e+03 -0.089942 0.316338
1.340596e+03 -0.135026 0.335023
1.341681e+03 -0.179430 0.349484
1.342765e+03 -0.222524 0.359492
1.343850e+03 -0.263686 0.364877
1.344934e+03 -0.302310 0.365538
1.346019e+03 -0.337824 0.361443
1.347104e+03 -0.369692 0.352627
1.348188e+03 -0.397430 0.339196
1.349273e+03 -0.420612 0.321321
1.350358e+03 -0.438876 0.299240
1.351442e+03 -0.451934 0.273249
1.352527e+03 -0.459576 0.243700
1.353611e+03 -0.461675 0.210997
1.354696e+03 -0.458184 0.175585
1.355781e+03 -0.449143 0.137946
1.356865e+03 -0.434676 0.098591
1.357950e+03 -0.414987 0.058050
1.359035e+03 -0.390357 0.016865
1.360119e+03 -0.361138 -0.024416
1.361204e+03 -0.327750 -0.065251
1.362288e+03 -0.290665 -0.105111
1.363373e+03 -0.250410 -0.143486
1.364458e+03 -0.207545 -0.179893
1.365542e+03 -0.162665 -0.213883
1.366627e+03 -0.116381 -0.245044
1.367712e+03 -0.069314 -0.273012
1.368796e+03 -0.022085 -0.297467
1.369881e+03 0.024697 -0.318144
1.370965e+03 0.070442 -0.334829
1.372050e+03 0.114587 -0.347365
1.373135e+03 0.156607 -0.355651
1.374219e+03 0.196018 -0.359641
1.375304e+03 0.232386 -0.359346
1.376389e+03 0.265328 -0.354827
1.377473e+03 0.294519 -0.346198
1.378558e+03 0.319693 -0.333622
1.379642e+03 0.340643 -0.317305
1.380727e+03 0.357223 -0.297494
1.381812e+03 0.369348 -0.274473
1.382896e+03 0.376992 -0.248560
1.383981e+03 0.380182 -0.220097
1.385066e+03 0.379000 -0.189451
1.386150e+03 0.373579 -0.157008
1.387235e+03 0.364093 -0.123164
1.388319e+03 0.350760 -0.088327
1.389404e+03 0.333834 -0.052906
1.390489e+03 0.313600 -0.017311
1.391573e+03 0.290367 0.018054
1.392658e+03 0.264470 0.052794
1.393743e+03 0.236257 0.086527
1.394827e+03 0.206090 0.118888
1.395912e+03 0.174340 0.149531
1.396996e+03 0.141382 0.178134
1.398081e+03 0.107589 0.204400
1.399166e+03 0.073335 0.228059
1.400250e+03 0.038984 0.248873
1.401335e+03 0.004896 0.266635
1.402420e+03 -0.028584 0.281172
1.403504e+03 -0.061122 0.292343
1.404589e+03 -0.092400 0.300047
1.405673e+03 -0.122115 0.304215
1.406758e+03 -0.149984 0.304816
1.407843e+03 -0.175741 0.301857
1.408927e+03 -0.199143 0.295378
1.410012e+03 -0.219965 0.285457
1.411097e+03 -0.238008 0.272208
1.412181e+03 -0.253093 0.255778
1.413266e+03 -0.265068 0.236347
1.414350e+03 -0.273803 0.214128
1.415435e+03 -0.279196 0.189364
1.416520e+03 -0.281173 0.162325
1.417604e+03 -0.279685 0.133308
1.418689e+03 -0.274715 0.102636
1.419774e+03 -0.266274 0.070650
1.420858e+03 -0.254407 0.037713
1.421943e+03 -0.239188 0.004201
1.423027e+03 -0.220728 -0.029496
1.424112e+03 -0.199168 -0.062981
1.425197e+03 -0.174689 -0.095850
1.426281e+03 -0.147502 -0.127700
1.427366e+03 -0.117858 -0.158131
1.428451e+03 -0.086038 -0.186750
1.429535e+03 -0.052363 -0.213179
1.430620e+03 -0.017184 -0.237055
1.431704e+03 0.019117 -0.258040
1.432789e+03 0.056128 -0.275820
1.433874e+03 0.093411 -0.290118
1.434958e+03 0.130507 -0.300689
1.436043e+03 0.166938 -0.307333
1.437128e+03 0.202215 -0.309894
1.438212e+03 0.235842 -0.308266
1.439297e+03 0.267323 -0.302396
1.440381e+03 0.296170 -0.292286
1.441466e+03 0.321909 -0.277998
1.442551e+03 0.344088 -0.259650
1.443635e+03 0.362287 -0.237422
1.444720e+03 0.376125 -0.211549
1.445805e+03 0.385267 -0.182328
1.446889e+03 0.389433 -0.150107
1.447974e+03 0.388406 -0.115288
1.449058e+03 0.382035 -0.078318
1.450143e+03 0.370246 -0.039685
1.451228e+03 0.353041 0.000086
1.452312e+03 0.330505 0.040446
1.453397e+03 0.302809 0.080824
1.454482e+03 0.270204 0.120638
1.455566e+03 0.233029 0.159306
1.456651e+03 0.191699 0.196252
1.457735e+03 0.146710 0.230919
1.458820e+03 0.098623 0.262774
1.459905e+03 0.048065 0.291320
1.460989e+03 -0.004286 0.316107
1.462074e+03 -0.057707 0.336734
1.463159e+03 -0.111445 0.352861
1.464243e+03 -0.164729 0.364214
1.465328e+03 -0.216779 0.370589
1.466412e+03 -0.266824 0.371857
1.467497e+03 -0.314116 0.367968
1.468582e+03 -0.357937 0.358948
1.469666e+03 -0.397620 0.344904
1.470751e+03 -0.432556 0.326018
1.471836e+03 -0.462204 0.302547
1.472920e+03 -0.486105 0.274819
1.474005e+03 -0.503889 0.243222
1.475089e+03 -0.515278 0.208205
1.476174e+03 -0.520094 0.170266
1.477259e+03 -0.518263 0.129945
1.478343e+03 -0.509812 0.087814
1.479428e+03 -0.494871 0.044467
1.480513e+03 -0.473668 0.000514
1.481597e+03 -0.446525 -0.043434
1.482682e+03 -0.413852 -0.086770
1.483766e+03 -0.376139 -0.128903
1.484851e+03 -0.333944 -0.169267
1.485936e+03 -0.287889 -0.207327
1.487020e+03 -0.238638 -0.242589
1.488105e+03 -0.186898 -0.274605
1.489190e+03 -0.133397 -0.302979
1.490274e+03 -0.078874 -0.327372
1.491359e+03 -0.024071 -0.347505
1.492443e+03 0.030284 -0.363164
1.493528e+03 0.083482 -0.374196
1.494613e+03 0.134852 -0.380517
1.495697e+03 0.183761 -0.382102
1.496782e+03 0.229626 -0.378994
1.497867e+03 0.271923 -0.371294
1.498951e+03 0.310190 -0.359160
1.500036e+03 0.344030 -0.342805
1.501120e+03 0.373117 -0.322490
1.502205e+03 0.397197 -0.298520
1.503290e+03 0.416087 -0.271240
1.504374e+03 0.429676 -0.241030
1.505459e+03 0.437923 -0.208295
1.506544e+03 0.440854 -0.173463
1.507628e+03 0.438558 -0.136981
1.508713e+03 0.431186 -0.099303
1.509797e+03 0.418941 -0.060890
1.510882e+03 0.402080 -0.022203
1.511967e+03 0.380902 0.016304
1.513051e+03 0.355747 0.054184
1.514136e+03 0.326988 0.091010
1.515221e+03 0.295027 0.126368
1.516305e+03 0.260289 0.159873
1.517390e+03 0.223215 0.191162
1.518474e+03 0.184261 0.219903
1.519559e+03 0.143887 0.245796
1.520644e+03 0.102561 0.268575
1.521728e+03 0.060745 0.288012
1.522813e+03 0.018900 0.303916
1.523898e+03 -0.022524 0.316135
1.524982e+03 -0.063089 0.324558
1.526067e+03 -0.102369 0.329113
1.527151e+03 -0.139960 0.329771
1.528236e+03 -0.175473 0.326543
1.529321e+03 -0.208546 0.319480
1.530405e+03 -0.238839 0.308675
1.531490e+03 -0.266040 0.294257
1.532575e+03 -0.289863 0.276395
1.533659e+03 -0.310054 0.255294
1.534744e+03 -0.326392 0.231193
1.535828e+03 -0.338688 0.204366
1.536913e+03 -0.346790 0.175115
1.537998e+03 -0.350581 0.143773
1.539082e+03 -0.349984 0.110697
1.540167e+03 -0.344964 0.076267
1.541252e+03 -0.335526 0.040884
1.542336e+03 -0.321718 0.004964
1.543421e+03 -0.303636 -0.031065
1.544505e+03 -0.281419 -0.066766
1.545590e+03 -0.255255 -0.101697
1.546675e+03 -0.225377 -0.135418
1.547759e+03 -0.192069 -0.167494
1.548844e+03 -0.155660 -0.197500
1.549929e+03 -0.116526 -0.225027
1.551013e+03 -0.075087 -0.249688
1.552098e+03 -0.031808 -0.271122
1.553182e+03 0.012809 -0.288998
1.554267e+03 0.058225 -0.303027
1.555352e+03 0.103872 -0.312959
1.556436e+03 0.149155 -0.318594
1.557521e+03 0.193461 -0.319784
1.558606e+03 0.236168 -0.316438
1.559690e+03 0.276648 -0.308523
1.560775e+03 0.314283 -0.296073
1.561859e+03 0.348468 -0.279184
1.562944e+03 0.378627 -0.258019
1.564029e+03 0.404217 -0.232807
1.565113e+03 0.424743 -0.203842
1.566198e+03 0.439769 -0.171480
1.567283e+03 0.448921 -0.136139
1.568367e+03 0.451905 -0.098288
1.569452e+03 0.448510 -0.058447
1.570536e+03 0.438613 -0.017177
1.571621e+03 0.422193 0.024925
1.572706e+03 0.399326 0.067239
1.573790e+03 0.370195 0.109128
1.574875e+03 0.335084 0.149951
1.575960e+03 0.294382 0.189071
1.577044e+03 0.248578 0.225867
1.578129e+03 0.198252 0.259746
1.579213e+03 0.144072 0.290152
1.580298e+03 0.086783 0.316578
1.581383e+03 0.027194 0.338572
1.582467e+03 -0.033832 0.355749
1.583552e+03 -0.095396 0.367799
1.584637e+03 -0.156574 0.374489
1.585721e+03 -0.216437 0.375671
1.586806e+03 -0.274065 0.371286
1.587890e+03 -0.328564 0.361363
1.588975e+03 -0.379084 0.346019
1.590060e+03 -0.424831 0.325462
1.591144e+03 -0.465087 0.299980
1.592229e+03 -0.499215 0.269943
1.593314e+03 -0.526680 0.235791
1.594398e+03 -0.547051 0.198032
1.595483e+03 -0.560012 0.157227
1.596567e+03 -0.565366 0.113985
1.597652e+03 -0.563041 0.068950
1.598737e+03 -0.553084 0.022790
1.599821e+03 -0.535667 -0.023814
1.600906e+03 -0.511074 -0.070177
1.601991e+03 -0.479704 -0.115627
1.603075e+03 -0.442056 -0.159512
1.604160e+03 -0.398721 -0.201209
1.605244e+03 -0.350369 -0.240137
1.606329e+03 -0.297739 -0.275764
1.607414e+03 -0.241625 -0.307612
1.608498e+03 -0.182857 -0.335269
1.609583e+03 -0.122292 -0.358387
1.610668e+03 -0.060798 -0.376692
1.611752e+03 0.000764 -0.389983
1.612837e+03 0.061547 -0.398133
1.613921e+03 0.120736 -0.401092
1.615006e+03 0.177559 -0.398880
1.616091e+03 0.231295 -0.391591
1.617175e+03 0.281285 -0.379385
1.618260e+03 0.326939 -0.362487
1.619345e+03 0.367744 -0.341178
1.620429e+03 0.403265 -0.315794
1.621514e+03 0.433150 -0.286716
1.622598e+03 0.457133 -0.254366
1.623683e+03 0.475032 -0.219198
1.624768e+03 0.486749 -0.181694
1.625852e+03 0.492268 -0.142352
1.626937e+03 0.491651 -0.101687
1.628022e+03 0.485034 -0.060216
1.629106e+03 0.472621 -0.018456
1.630191e+03 0.454683 0.023080
1.631275e+03 0.431546 0.063896
1.632360e+03 0.403589 0.103510
1.633445e+03 0.371235 0.141466
1.634529e+03 0.334946 0.177334
1.635614e+03 0.295216 0.210714
1.636699e+03 0.252565 0.241244
1.637783e+03 0.207531 0.268597
1.638868e+03 0.160668 0.292486
1.639952e+03 0.112535 0.312670
1.641037e+03 0.063693 0.328948
1.642122e+03 0.014703 0.341166
1.643206e+03 -0.033885 0.349216
1.644291e+03 -0.081530 0.353035
1.645376e+03 -0.127711 0.352607
1.646460e+03 -0.171924 0.347964
1.647545e+03 -0.213688 0.339178
1.648629e+03 -0.252553 0.326371
1.649714e+03 -0.288094 0.309703
1.650799e+03 -0.319923 0.289379
1.651883e+03 -0.347686 0.265642
1.652968e+03 -0.371067 0.238771
1.654053e+03 -0.389791 0.209083
1.655137e+03 -0.403628 0.176925
1.656222e+03 -0.412392 0.142675
1.657306e+03 -0.415947 0.106737
1.658391e+03 -0.414205 0.069538
1.659476e+03 -0.407133 0.031524
1.660560e+03 -0.394751 -0.006843
1.661645e+03 -0.377138 -0.045091
1.662730e+03 -0.354428 -0.082741
1.663814e+03 -0.326817 -0.119312
1.664899e+03 -0.294557 -0.154329
1.665983e+03 -0.257966 -0.187323
1.667068e+03 -0.217416 -0.217842
1.668153e+03 -0.173343 -0.245455
1.669237e+03 -0.126235 -0.269757
1.670322e+03 -0.076640 -0.290378
1.671406e+03 -0.025150 -0.306984
1.672491e+03 0.027593 -0.319289
1.673576e+03 0.080910 -0.327057
1.674660e+03 0.134088 -0.330108
1.675745e+03 0.186391 -0.328324
1.676830e+03 0.237069 -0.321650
1.677914e+03 0.285366 -0.310104
1.678999e+03 0.330535 -0.293772
1.680083e+03 0.371844 -0.272814
1.681168e+03 0.408597 -0.247464
1.682253e+03 0.440139 -0.218029
1.683337e+03 0.465872 -0.184885
1.684422e+03 0.485267 -0.148476
1.685507e+03 0.497877 -0.109307
1.686591e+03 0.503348 -0.067941
1.687676e+03 0.501426 -0.024986
1.688760e+03 0.491971 0.018909
1.689845e+03 0.474957 0.063065
1.690930e+03 0.450484 0.106786
1.692014e+03 0.418774 0.149367
1.693099e+03 0.380174 0.190112
1.694184e+03 0.335157 0.228339
1.695268e+03 0.284310 0.263398
1.696353e+03 0.228331 0.294682
1.697437e+03 0.168020 0.321636
1.698522e+03 0.104262 0.343773
1.699607e+03 0.038018 0.360678
1.700691e+03 -0.029696 0.372023
1.701776e+03 -0.097822 0.377568
1.702861e+03 -0.165285 0.377169
1.703945e+03 -0.231005 0.370783
1.705030e+03 -0.293925 0.358467
1.706114e+03 -0.353025 0.340380
1.707199e+03 -0.407343 0.316778
1.708284e+03 -0.455995 0.288012
1.709368e+03 -0.498186 0.254519
1.710453e+03 -0.533233 0.216818
1.711538e+03 -0.560572 0.175497
1.712622e+03 -0.579766 0.131205
1.713707e+03 -0.590520 0.084636
1.714791e+03 -0.592679 0.036523
1.715876e+03 -0.586233 -0.012382
1.716961e+03 -0.571314 -0.061319
1.718045e+03 -0.548193 -0.109530
1.719130e+03 -0.517273 -0.156278
1.720215e+03 -0.479081 -0.200855
1.721299e+03 -0.434255 -0.242595
1.722384e+03 -0.383531 -0.280886
1.723468e+03 -0.327728 -0.315176
1.724553e+03 -0.267735 -0.344985
1.725638e+03 -0.204489 -0.369908
1.726722e+03 -0.138963 -0.389622
1.727807e+03 -0.072146 -0.403888
1.728892e+03 -0.005025 -0.412554
1.729976e+03 0.061427 -0.415555
1.731061e+03 0.126271 -0.412909
1.732145e+03 0.188614 -0.404719
1.733230e+03 0.247619 -0.391165
1.734315e+03 0.302522 -0.372501
1.735399e+03 0.352635 -0.349048
1.736484e+03 0.397358 -0.321188
1.737569e+03 0.436182 -0.289357
1.738653e+03 0.468695 -0.254035
1.739738e+03 0.494583 -0.215741
1.740822e+03 0.513631 -0.175019
1.741907e+03 0.525719 -0.132438
1.742992e+03 0.530825 -0.088577
1.744076e+03 0.529019 -0.044019
1.745161e+03 0.520455 0.000656
1.746246e+03 0.505370 0.044879
1.747330e+03 0.484076 0.088097
1.748415e+03 0.456952 0.129783
1.749499e+03 0.424439 0.169438
1.750584e+03 0.387030 0.206596
1.751669e+03 0.345263 0.240832
1.752753e+03 0.299714 0.271762
1.753838e+03 0.250989 0.299048
1.754923e+03 0.199716 0.322398
1.756007e+03 0.146541 0.341575
1.757092e+03 0.092114 0.356388
1.758176e+03 0.037091 0.366702
1.759261e+03 -0.017878 0.372433
1.760346e+03 -0.072153 0.373549
1.761430e+03 -0.125109 0.370072
1.762515e+03 -0.176140 0.362075
1.763600e+03 -0.224668 0.349679
1.764684e+03 -0.270143 0.333055
1.765769e+03 -0.312047 0.312420
1.766853e+03 -0.349901 0.288034
1.767938e+03 -0.383268 0.260200
1.769023e+03 -0.411754 0.229261
1.770107e+03 -0.435012 0.195592
1.771192e+03 -0.452749 0.159605
1.772277e+03 -0.464725 0.121736
1.773361e+03 -0.470756 0.082452
1.774446e+03 -0.470719 0.042236
1.775530e+03 -0.464556 0.001589
1.776615e+03 -0.452272 -0.038974
1.777700e+03 -0.433939 -0.078935
1.778784e+03 -0.409703 -0.117771
1.779869e+03 -0.379777 -0.154967
1.780954e+03 -0.344448 -0.190015
1.782038e+03 -0.304076 -0.222426
1.783123e+03 -0.259094 -0.251733
1.784207e+03 -0.210003 -0.277498
1.785292e+03 -0.157375 -0.299320
1.786377e+03 -0.101845 -0.316844
1.787461e+03 -0.044111 -0.329759
1.788546e+03 0.015078 -0.337817
1.789631e+03 0.074926 -0.340825
1.790715e+03 0.134599 -0.338665
1.791800e+03 0.193238 -0.331285
1.792884e+03 0.249967 -0.318712
1.793969e+03 0.303908 -0.301054
1.795054e+03 0.354194 -0.278496
1.796138e+03 0.399987 -0.251308
1.797223e+03 0.440487 -0.219836
1.798308e+03 0.474953 -0.184507
1.799392e+03 0.502716 -0.145819
1.800477e+03 0.523196 -0.104340
1.801561e+03 0.535910 -0.060697
1.802646e+03 0.540495 -0.015567
1.803731e+03 0.536709 0.030330
1.804815e+03 0.524445 0.076246
1.805900e+03 0.503741 0.121415
1.806985e+03 0.474776 0.165069
1.808069e+03 0.437878 0.206449
1.809154e+03 0.393520 0.244823
1.810238e+03 0.342315 0.279497
1.811323e+03 0.285009 0.309832
1.812408e+03 0.222469 0.335253
1.813492e+03 0.155669 0.355267
1.814577e+03 0.085673 0.369466
1.815662e+03 0.013619 0.377545
1.816746e+03 -0.059307 0.379302
1.817831e+03 -0.131886 0.374647
1.818915e+03 -0.202898 0.363603
1.820000e+03 -0.271139 0.346310
1.821085e+03 -0.335446 0.323017
1.822169e+03 -0.394722 0.294083
1.823254e+03 -0.447955 0.259971
1.824339e+03 -0.494240 0.221234
1.825423e+03 -0.532794 0.178511
1.826508e+03 -0.562973 0.132508
1.827592e+03 -0.584282 0.083990
1.828677e+03 -0.596385 0.033767
1.829762e+03 -0.599111 -0.017329
1.830846e+03 -0.592453 -0.068452
1.831931e+03 -0.576568 -0.118761
1.833016e+03 -0.551772 -0.167435
1.834100e+03 -0.518531 -0.213689
1.835185e+03 -0.477451 -0.256783
1.836269e+03 -0.429262 -0.296044
1.837354e+03 -0.374804 -0.330866
1.838439e+03 -0.315011 -0.360726
1.839523e+03 -0.250886 -0.385192
1.840608e+03 -0.183488 -0.403923
1.841693e+03 -0.113910 -0.416680
1.842777e+03 -0.043254 -0.423321
1.843862e+03 0.027380 -0.423805
1.844946e+03 0.096920 -0.418189
1.846031e+03 0.164335 -0.406623
1.847116e+03 0.228651 -0.389346
1.848200e+03 0.288968 -0.366681
1.849285e+03 0.344468 -0.339023
1.850370e+03 0.394428 -0.306837
1.851454e+03 0.438228 -0.270640
1.852539e+03 0.475351 -0.231001
1.853623e+03 0.505395 -0.188523
1.854708e+03 0.528068 -0.143838
1.855793e+03 0.543192 -0.097593
1.856877e+03 0.550696 -0.050444
1.857962e+03 0.550619 -0.003045
1.859047e+03 0.543097 0.043962
1.860131e+03 0.528366 0.089954
1.861216e+03 0.506745 0.134334
1.862300e+03 0.478639 0.176541
1.863385e+03 0.444519 0.216050
1.864470e+03 0.404924 0.252384
1.865554e+03 0.360445 0.285114
1.866639e+03 0.311717 0.313866
1.867724e+03 0.259413 0.338321
1.868808e+03 0.204235 0.358217
1.869893e+03 0.146900 0.373354
1.870977e+03 0.088139 0.383590
1.872062e+03 0.028686 0.388847
1.873147e+03 -0.030731 0.389102
1.874231e+03 -0.089392 0.384398
1.875316e+03 -0.146596 0.374829
1.876401e+03 -0.201665 0.360550
1.877485e+03 -0.253948 0.341766
1.878570e+03 -0.302830 0.318737
1.879654e+03 -0.347732 0.291767
1.880739e+03 -0.388120 0.261208
1.881824e+03 -0.423506 0.227452
1.882908e+03 -0.453453 0.190929
1.883993e+03 -0.477581 0.152102
1.885078e+03 -0.495566 0.111464
1.886162e+03 -0.507148 0.069533
1.887247e+03 -0.512136 0.026846
1.888331e+03 -0.510404 -0.016044
1.889416e+03 -0.501903 -0.058576
1.890501e+03 -0.486657 -0.100185
1.891585e+03 -0.464772 -0.140307
1.892670e+03 -0.436432 -0.178389
1.893755e+03 -0.401907 -0.213893
1.894839e+03 -0.361549 -0.246302
1.895924e+03 -0.315795 -0.275130
1.897008e+03 -0.265165 -0.299927
1.898093e+03 -0.210261 -0.320290
1.899178e+03 -0.151764 -0.335863
1.900262e+03 -0.090424 -0.346353
1.901347e+03 -0.027061 -0.351531
1.902432e+03 0.037447 -0.351240
1.903516e+03 0.102178 -0.345401
1.904601e+03 0.166169 -0.334017
1.905685e+03 0.228438 -0.317178
1.906770e+03 0.287993 -0.295060
1.907855e+03 0.343852 -0.267933
1.908939e+03 0.395059 -0.236152
1.910024e+03 0.440703 -0.200161
1.911109e+03 0.479934 -0.160485
1.912193e+03 0.511985 -0.117727
1.913278e+03 0.536186 -0.072559
1.914362e+03 0.551986 -0.025711
1.915447e+03 0.558962 0.022038
1.916532e+03 0.556837 0.069874
1.917616e+03 0.545489 0.116964
1.918701e+03 0.524959 0.162467
1.919786e+03 0.495455 0.205555
1.920870e+03 0.457356 0.245425
1.921955e+03 0.411205 0.281319
1.923039e+03 0.357706 0.312538
1.924124e+03 0.297711 0.338459
1.925209e+03 0.232209 0.358546
1.926293e+03 0.162306 0.372365
1.927378e+03 0.089208 0.379597
1.928463e+03 0.014192 0.380039
1.929547e+03 -0.061412 0.373617
1.930632e+03 -0.136254 0.360385
1.931716e+03 -0.208987 0.340527
1.932801e+03 -0.278298 0.314354
1.933886e+03 -0.342933 0.282299
1.934970e+03 -0.401724 0.244908
1.936055e+03 -0.453613 0.202828
1.937140e+03 -0.497673 0.156799
1.938224e+03 -0.533127 0.107634
1.939309e+03 -0.559364 0.056204
1.940393e+03 -0.575948 0.003421
1.941478e+03 -0.582630 -0.049779
1.942563e+03 -0.579343 -0.102458
1.943647e+03 -0.566209 -0.153694
1.944732e+03 -0.543530 -0.202595
1.945817e+03 -0.511778 -0.248320
1.946901e+03 -0.471588 -0.290095
1.947986e+03 -0.423734 -0.327223
1.949070e+03 -0.369120 -0.359098
1.950155e+03 -0.308750 -0.385215
1.951240e+03 -0.243717 -0.405178
1.952324e+03 -0.175169 -0.418703
1.953409e+03 -0.104297 -0.425622
1.954494e+03 -0.032301 -0.425882
1.955578e+03 0.039624 -0.419544
1.956663e+03 0.110314 -0.406777
1.957747e+03 0.178652 -0.387856
1.958832e+03 0.243591 -0.363150
1.959917e+03 0.304164 -0.333112
1.961001e+03 0.359503 -0.298275
1.962086e+03 0.408844 -0.259234
1.963171e+03 0.451539 -0.216636
1.964255e+03 0.487062 -0.171170
1.965340e+03 0.515012 -0.123555
1.966424e+03 0.535110 -0.074522
1.967509e+03 0.547206 -0.024809
1.968594e+03 0.551267 0.024852
1.969678e+03 0.547378 0.073750
1.970763e+03 0.535734 0.121196
1.971848e+03 0.516633 0.166541
1.972932e+03 0.490465 0.209178
1.974017e+03 0.457706 0.248551
1.975101e+03 0.418906 0.284159
1.976186e+03 0.374678 0.315565
1.977271e+03 0.325690 0.342394
1.978355e+03 0.272653 0.364339
1.979440e+03 0.216313 0.381163
1.980525e+03 0.157439 0.392700
1.981609e+03 0.096813 0.398853
1.982694e+03 0.035224 0.399595
1.983778e+03 -0.026541 0.394968
1.984863e+03 -0.087707 0.385080
1.985948e+03 -0.147514 0.370104
1.987032e+03 -0.205229 0.350272
1.988117e+03 -0.260145 0.325875
1.989202e+03 -0.311594 0.297258
1.990286e+03 -0.358948 0.264815
1.991371e+03 -0.401622 0.228986
1.992455e+03 -0.439085 0.190252
1.993540e+03 -0.470857 0.149129
1.994625e+03 -0.496519 0.106163
1.995709e+03 -0.515713 0.061927
1.996794e+03 -0.528151 0.017012
1.997878e+03 -0.533615 -0.027976
1.998963e+03 -0.531961 -0.072425
2.000048e+03 -0.523126 -0.115720
2.001132e+03 -0.507131 -0.157254
2.002217e+03 -0.484084 -0.196430
2.003302e+03 -0.454182 -0.232675
2.004386e+03 -0.417715 -0.265441
2.005471e+03 -0.375068 -0.294216
2.006555e+03 -0.326721 -0.318532
2.007640e+03 -0.273249 -0.337974
2.008725e+03 -0.215316 -0.352184
2.009809e+03 -0.153679 -0.360874
2.010894e+03 -0.089172 -0.363830
2.011979e+03 -0.022708 -0.360919
2.013063e+03 0.044739 -0.352096
2.014148e+03 0.112142 -0.337410
2.015232e+03 0.178436 -0.317004
2.016317e+03 0.242537 -0.291121
2.017402e+03 0.303358 -0.260102
2.018486e+03 0.359829 -0.224385
2.019571e+03 0.410919 -0.184504
2.020656e+03 0.455659 -0.141080
2.021740e+03 0.493161 -0.094816
2.022825e+03 0.522642 -0.046484
2.023909e+03 0.543443 0.003083
2.024994e+03 0.555048 0.053009
2.026079e+03 0.557101 0.102387
2.027163e+03 0.549418 0.150298
2.028248e+03 0.532002 0.195833
2.029333e+03 0.505040 0.238102
2.030417e+03 0.468915 0.276264
2.031502e+03 0.424195 0.309539
2.032586e+03 0.371632 0.337228
2.033671e+03 0.312145 0.358731
2.034756e+03 0.246807 0.373561
2.035840e+03 0.176823 0.381354
2.036925e+03 0.103506 0.381886
2.038010e+03 0.028248 0.375073
2.039094e+03 -0.047504 0.360979
2.040179e+03 -0.122289 0.339817
2.041263e+03 -0.194655 0.311942
2.042348e+03 -0.263195 0.277848
2.043433e+03 -0.326581 0.238160
2.044517e+03 -0.383589 0.193616
2.045602e+03 -0.433126 0.145054
2.046687e+03 -0.474257 0.093396
2.047771e+03 -0.506223 0.039625
2.048856e+03 -0.528453 -0.015234
2.049940e+03 -0.540581 -0.070137
2.051025e+03 -0.542446 -0.124044
2.052110e+03 -0.534094 -0.175940
2.053194e+03 -0.515775 -0.224857
2.054279e+03 -0.487933 -0.269890
2.055364e+03 -0.451193 -0.310220
2.056448e+03 -0.406343 -0.345127
2.057533e+03 -0.354314 -0.374005
2.058617e+03 -0.296158 -0.396366
2.059702e+03 -0.233023 -0.411855
2.060787e+03 -0.166126 -0.420249
2.061871e+03 -0.096726 -0.421463
2.062956e+03 -0.026099 -0.415540
2.064041e+03 0.044488 -0.402656
2.065125e+03 0.113801 -0.383108
2.066210e+03 0.180663 -0.357304
2.067294e+03 0.243973 -0.325754
2.068379e+03 0.302720 -0.289059
2.069464e+03 0.356004 -0.247894
2.070548e+03 0.403044 -0.202994
2.071633e+03 0.443186 -0.155142
2.072718e+03 0.475909 -0.105150
2.073802e+03 0.500831 -0.053848
2.074887e+03 0.517703 -0.002068
2.075971e+03 0.526414 0.049373
2.077056e+03 0.526980 0.099678
2.078141e+03 0.519540 0.148090
2.079225e+03 0.504349 0.193895
2.080310e+03 0.481767 0.236438
2.081395e+03 0.452249 0.275124
2.082479e+03 0.416335 0.309431
2.083564e+03 0.374635 0.338910
2.084648e+03 0.327823 0.363191
2.085733e+03 0.276619 0.381986
2.086818e+03 0.221784 0.395088
2.087902e+03 0.164104 0.402374
2.088987e+03 0.104382 0.403804
2.090072e+03 0.043428 0.399417
2.091156e+03 -0.017948 0.389329
2.092241e+03 -0.078949 0.373732
2.093325e+03 -0.138792 0.352889
2.094410e+03 -0.196720 0.327129
2.095495e+03 -0.252006 0.296841
2.096579e+03 -0.303958 0.262472
2.097664e+03 -0.351923 0.224518
2.098749e+03 -0.395294 0.183521
2.099833e+03 -0.433514 0.140061
2.100918e+03 -0.466077 0.094749
2.102002e+03 -0.492538 0.048223
2.103087e+03 -0.512511 0.001139
2.104172e+03 -0.525680 -0.045835
2.105256e+03 -0.531798 -0.092027
2.106341e+03 -0.530696 -0.136767
2.107426e+03 -0.522286 -0.179394
2.108510e+03 -0.506568 -0.219269
2.109595e+03 -0.483633 -0.255777
2.110679e+03 -0.453668 -0.288339
2.111764e+03 -0.416961 -0.316419
2.112849e+03 -0.373905 -0.339535
2.113933e+03 -0.324995 -0.357264
2.115018e+03 -0.270835 -0.369255
2.116103e+03 -0.212130 -0.375234
2.117187e+03 -0.149686 -0.375014
2.118272e+03 -0.084402 -0.368502
2.119356e+03 -0.017261 -0.355703
2.120441e+03 0.050682 -0.336729
2.121526e+03 0.118315 -0.311798
2.122610e+03 0.184488 -0.281239
2.123695e+03 0.248031 -0.245491
2.124780e+03 0.307778 -0.205099
2.125864e+03 0.362592 -0.160710
2.126949e+03 0.411387 -0.113065
2.128033e+03 0.453160 -0.062988
2.129118e+03 0.487012 -0.011376
2.130203e+03 0.512175 0.040819
2.131287e+03 0.528035 0.092609
2.132372e+03 0.534153 0.142984
2.133457e+03 0.530278 0.190938
2.134541e+03 0.516367 0.235488
2.135626e+03 0.492587 0.275700
2.136710e+03 0.459318 0.310705
2.137795e+03 0.417156 0.339728
2.138880e+03 0.366896 0.362102
2.139964e+03 0.309524 0.377290
2.141049e+03 0.246194 0.384898
2.142134e+03 0.178206 0.384689
2.143218e+03 0.106973 0.376590
2.144303e+03 0.033992 0.360698
2.145387e+03 -0.039194 0.337281
2.146472e+03 -0.111031 0.306771
2.147557e+03 -0.179995 0.269760
2.148641e+03 -0.244623 0.226982
2.149726e+03 -0.303554 0.179305
2.150811e+03 -0.355560 0.127702
2.151895e+03 -0.399574 0.073237
2.152980e+03 -0.434715 0.017034
2.154064e+03 -0.460308 -0.039743
2.155149e+03 -0.475895 -0.095924
2.156234e+03 -0.481246 -0.150354
2.157318e+03 -0.476360 -0.201924
2.158403e+03 -0.461458 -0.249590
2.159488e+03 -0.436978 -0.292402
2.160572e+03 -0.403553 -0.329519
2.161657e+03 -0.361998 -0.360231
2.162741e+03 -0.313283 -0.383968
2.163826e+03 -0.258507 -0.400310
2.164911e+03 -0.198869 -0.408996
2.165995e+03 -0.135639 -0.409924
2.167080e+03 -0.070127 -0.403150
2.168165e+03 -0.003653 -0.388881
2.169249e+03 0.062483 -0.367468
2.170334e+03 0.127025 -0.339393
2.171418e+03 0.188785 -0.305258
2.172503e+03 0.246670 -0.265768
2.173588e+03 0.299692 -0.221712
2.174672e+03 0.346988 -0.173946
2.175757e+03 0.387830 -0.123376
2.176842e+03 0.421631 -0.070935
2.177926e+03 0.447948 -0.017571
2.179011e+03 0.466485 0.035776
2.180095e+03 0.477089 0.088188
2.181180e+03 0.479748 0.138787
2.182265e+03 0.474575 0.186744
2.183349e+03 0.461811 0.231293
2.184434e+03 0.441802 0.271745
2.185519e+03 0.414997 0.307491
2.186603e+03 0.381928 0.338012
2.187688e+03 0.343202 0.362882
2.188772e+03 0.299484 0.381774
2.189857e+03 0.251487 0.394459
2.190942e+03 0.199959 0.400808
2.192026e+03 0.145671 0.400788
2.193111e+03 0.089407 0.394465
2.194196e+03 0.031954 0.381994
2.195280e+03 -0.025907 0.363620
2.196365e+03 -0.083407 0.339669
2.197449e+03 -0.139795 0.310543
2.198534e+03 -0.194349 0.276715
2.199619e+03 -0.246372 0.238720
2.200703e+03 -0.295202 0.197146
2.201788e+03 -0.340214 0.152632
2.202873e+03 -0.380824 0.105853
2.203957e+03 -0.416490 0.057517
2.205042e+03 -0.446717 0.008354
2.206126e+03 -0.471064 -0.040893
2.207211e+03 -0.489142 -0.089473
2.208296e+03 -0.500624 -0.136640
2.209380e+03 -0.505251 -0.181660
2.210465e+03 -0.502836 -0.223818
2.211550e+03 -0.493272 -0.262433
2.212634e+03 -0.476542 -0.296859
2.213719e+03 -0.452721 -0.326505
2.214803e+03 -0.421991 -0.350834
2.215888e+03 -0.384642 -0.369382
2.216973e+03 -0.341077 -0.381759
2.218057e+03 -0.291820 -0.387668
2.219142e+03 -0.237514 -0.386906
2.220227e+03 -0.178920 -0.379375
2.221311e+03 -0.116913 -0.365090
2.222396e+03 -0.052475 -0.344183
2.223480e+03 0.013320 -0.316910
2.224565e+03 0.079323 -0.283650
2.225650e+03 0.144323 -0.244907
2.226734e+03 0.207080 -0.201304
2.227819e+03 0.266342 -0.153580
2.228904e+03 0.320885 -0.102581
2.229988e+03 0.369534 -0.049245
2.231073e+03 0.411203 0.005412
2.232157e+03 0.444919 0.060313
2.233242e+03 0.469863 0.114343
2.234327e+03 0.485385 0.166374
2.235411e+03 0.491041 0.215288
2.236496e+03 0.486602 0.260003
2.237581e+03 0.472077 0.299504
2.238665e+03 0.447711 0.332867
2.239750e+03 0.413996 0.359284
2.240834e+03 0.371657 0.378090
2.241919e+03 0.321638 0.388779
2.243004e+03 0.265086 0.391027
2.244088e+03 0.203318 0.384699
2.245173e+03 0.137792 0.369859
2.246258e+03 0.070065 0.346774
2.247342e+03 0.001753 0.315906
2.248427e+03 -0.065512 0.277911
2.249511e+03 -0.130128 0.233617
2.250596e+03 -0.190566 0.184008
2.251681e+03 -0.245411 0.130201
2.252765e+03 -0.293400 0.073417
2.253850e+03 -0.333457 0.014948
2.254935e+03 -0.364716 -0.043872
2.256019e+03 -0.386544 -0.101703
2.257104e+03 -0.398554 -0.157233
2.258188e+03 -0.400608 -0.209211
2.259273e+03 -0.392818 -0.256478
2.260358e+03 -0.375535 -0.297993
2.261442e+03 -0.349335 -0.332860
2.262527e+03 -0.314993 -0.360348
2.263612e+03 -0.273462 -0.379902
2.264696e+03 -0.225839 -0.391158
2.265781e+03 -0.173332 -0.393945
2.266865e+03 -0.117226 -0.388284
2.267950e+03 -0.058848 -0.374385
2.269035e+03 0.000470 -0.352635
2.270119e+03 0.059418 -0.323584
2.271204e+03 0.116745 -0.287930
2.272289e+03 0.171281 -0.246495
2.273373e+03 0.221960 -0.200206
2.274458e+03 0.267842 -0.150072
2.275542e+03 0.308123 -0.097154
2.276627e+03 0.342148 -0.042549
2.277712e+03 0.369414 0.012643
2.278796e+03 0.389571 0.067331
2.279881e+03 0.402423 0.120465
2.280966e+03 0.407915 0.171047
2.282050e+03 0.406131 0.218152
2.283135e+03 0.397279 0.260940
2.284219e+03 0.381679 0.298671
2.285304e+03 0.359749 0.330714
2.286389e+03 0.331989 0.356554
2.287473e+03 0.298969 0.375794
2.288558e+03 0.261309 0.388164
2.289643e+03 0.219670 0.393514
2.290727e+03 0.174740 0.391819
2.291812e+03 0.127220 0.383172
2.292896e+03 0.077817 0.367780
2.293981e+03 0.027233 0.345959
2.295066e+03 -0.023841 0.318123
2.296150e+03 -0.074727 0.284781
2.297235e+03 -0.124770 0.246523
2.298320e+03 -0.173334 0.204012
2.299404e+03 -0.219807 0.157974
2.300489e+03 -0.263600 0.109185
2.301573e+03 -0.304149 0.058463
2.302658e+03 -0.340913 0.006654
2.303743e+03 -0.373377 -0.045377
2.304827e+03 -0.401056 -0.096759
2.305912e+03 -0.423492 -0.146627
2.306997e+03 -0.440268 -0.194131
2.308081e+03 -0.451007 -0.238447
2.309166e+03 -0.455385 -0.278793
2.310250e+03 -0.453143 -0.314435
2.311335e+03 -0.444094 -0.344700
2.312420e+03 -0.428142 -0.368990
2.313504e+03 -0.405290 -0.386791
2.314589e+03 -0.375659 -0.397683
2.315674e+03 -0.339498 -0.401355
2.316758e+03 -0.297192 -0.397612
2.317843e+03 -0.249275 -0.386386
2.318927e+03 -0.196429 -0.367742
2.320012e+03 -0.139484 -0.341890
2.321097e+03 -0.079413 -0.309183
2.322181e+03 -0.017320 -0.270123
2.323266e+03 0.045582 -0.225361
2.324351e+03 0.107990 -0.175687
2.325435e+03 0.168547 -0.122027
2.326520e+03 0.225872 -0.065429
2.327604e+03 0.278603 -0.007041
2.328689e+03 0.325435 0.051902
2.329774e+03 0.365166 0.110109
2.330858e+03 0.396737 0.166262
2.331943e+03 0.419275 0.219044
2.333027e+03 0.432124 0.267179
2.334112e+03 0.434879 0.309461
2.335197e+03 0.427406 0.344795
2.336281e+03 0.409857 0.372230
2.337366e+03 0.382671 0.390988
2.338451e+03 0.346571 0.400498
2.339535e+03 0.302544 0.400411
2.340620e+03 0.251817 0.390627
2.341704e+03 0.195817 0.371296
2.342789e+03 0.136131 0.342827
2.343874e+03 0.074454 0.305879
2.344958e+03 0.012536 0.261347
2.346043e+03 -0.047879 0.210343
2.347128e+03 -0.105103 0.154163
2.348212e+03 -0.157565 0.094256
2.349297e+03 -0.203854 0.032179
2.350381e+03 -0.242767 -0.030447
2.351466e+03 -0.273344 -0.091981
2.352551e+03 -0.294892 -0.150813
2.353635e+03 -0.306999 -0.205411
2.354720e+03 -0.309546 -0.254362
2.355805e+03 -0.302696 -0.296413
2.356889e+03 -0.286883 -0.330508
2.357974e+03 -0.262789 -0.355813
2.359058e+03 -0.231309 -0.371738
2.360143e+03 -0.193519 -0.377950
2.361228e+03 -0.150633 -0.374375
2.362312e+03 -0.103960 -0.361197
2.363397e+03 -0.054858 -0.338847
2.364482e+03 -0.004692 -0.307984
2.365566e+03 0.045203 -0.269472
2.366651e+03 0.093567 -0.224353
2.367735e+03 0.139239 -0.173811
2.368820e+03 0.181186 -0.119142
2.369905e+03 0.218524 -0.061715
2.370989e+03 0.250529 -0.002937
2.372074e+03 0.276646 0.055781
2.373159e+03 0.296492 0.113062
2.374243e+03 0.309847 0.167588
2.375328e+03 0.316650 0.218133
2.376412e+03 0.316984 0.263586
2.377497e+03 0.311057 0.302968
2.378582e+03 0.299190 0.335453
2.379666e+03 0.281791 0.360378
2.380751e+03 0.259340 0.377251
2.381836e+03 0.232367 0.385757
2.382920e+03 0.201433 0.385756
2.384005e+03 0.167119 0.377286
2.385089e+03 0.130005 0.360552
2.386174e+03 0.090666 0.335923
2.387259e+03 0.049660 0.303916
2.388343e+03 0.007526 0.265185
2.389428e+03 -0.035216 0.220507
2.390513e+03 -0.078062 0.170769
2.391597e+03 -0.120519 0.116948
2.392682e+03 -0.162102 0.060099
2.393766e+03 -0.202322 0.001329
2.394851e+03 -0.240685 -0.058224
2.395936e+03 -0.276694 -0.117420
2.397020e+03 -0.309880 -0.175177
2.397563e+03 -0.325513 -0.203433
2.397698e+03 -0.329587 -0.210652
2.397699e+03 -0.329655 -0.210738
2.397699e+03 -0.329674 -0.210756
2.397699e+03 -0.329677 -0.210760
