####018000519####
SSVX02 LFVW 050536
ZZYY 23958 05029 0420/ 119569 086835 6112/
11119 40137 52002
22219 00273
444 20120 05029 0336/ 50101 80130 80000 9/015=
ZZYY 23959 05029 0420/ 106421 075629 6113/
11119 40146 52002
22219 00284
444 20130 05029 0340/ 50101 80130 80000 9/015=
ZZYY 23960 05029 0420/ 112085 081206 6113/
11119 40157 52003
444 20130 05029 0337/ 50101 80130 80000 9/015=
ZZYY 56935 05029 0300/ 310544 054198 6113/
11119 40099 52013
22219 00291
444 20130 05029 0131/ 50101 80120 80000 9/015=
####018000373####
SSVX11 LFVW 050536
ZZYY 52086 05029 0100/ 305016 156013 6111/
11119 10294 29075 30057 40057
22219 00299
33311 88872 20000 32990 20002 32990 43505 20025 32982 43521
20050 32982 43540 20075 32968 43566 20100 32929 43566
20125 32854 43570 20150 32772 43574 20200 32491 43597
20250 31954 43567 20300 31181 43492 20750 30569 43448
444 20110 05029 0040/ 522//=
####018001507####
SSVX13 LFVW 050536
ZZYY 31859 05029 0100/ 714556 043035 6111/
11119 40193 52009
22219 00251
444 20110 04029 2355/ 50101 80138 80051 9/015=
ZZYY 31859 05029 0200/ 714576 043053 6111/
11119 40191 52005
22219 00251
444 20110 05029 0318/ 50101 80138 80052 9/015=
ZZYY 31860 05029 0000/ 710096 030345 6111/
11119 40181 52022
22219 00252
33311 88872 20000 32515 43554
444 20110 04029 2351/ 50101 80138 80052 9/015=
ZZYY 31860 05029 0200/ 710073 030366 6113/
11119 40173 57004
22219 00252
33311 88872 20000 32515 43555
444 20130 05029 0320/ 50101 80138 80051 9/015=
ZZYY 44743 05029 0100/ 740655 026778 6112/
11119 30142 40142 52016
22219 00151
444 20120 04029 2359/ 50101 80100 80063 9/015=
ZZYY 31735 05029 0200/ 533102 022735 6112/
11119 30212 40212 57010
22219 00232
444 20120 05029 0149/ 50101 80120 80002 9/015=
ZZYY 33697 05029 0200/ 520889 040763 6112/
11119 30116 40116 52009
444 20120 05029 0102/ 50101 80090 80000 9/015=
ZZYY 33697 05029 0300/ 520891 040769 6113/
11119 30111 40111 57001
444 20130 05029 0327/ 50101 80080 80000 9/015=
ZZYY 44630 05029 0230/ 734105 032401 6111/
11119 30262 40262 57013
22219 00199
444 20110 05029 0451/ 50101 80090 80054 9/015=
ZZYY 17649 05029 0320/ 516455 039065 6113/
11119 30139 40139 57002
22219 00285
444 20130 04029 1952/ 50101 80080 80000 9/015=
ZZYY 17649 05029 0220/ 516455 039065 6113/
11119 30141 40141 52004
22219 00286
444 20130 04029 1952/ 50101 80080 80000 9/015=
####018000269####
SSVX03 LFVW 050536
ZZYY 31978 05029 02004 522881 043137 6113/
11119 01402 10250 29079 30121 40121
22219 00256 10200 20020 21000
444 20130 05029 0329/=
ZZYY 31978 05029 01004 522881 043137 6113/
11119 02100 10242 29085 30134 40134
444 20130 05029 0329/=
####018001049####
SSVX08 KARS 050543
ZZYY 14042 05029 05004 312060 054979 6112/
11119 02713 10289 29078
22219 00295
444 20120 05029 0526/ 521// 60401=
ZZYY 14042 04029 12004 312058 054984 6112/
11119 02812 10295 29073
22219 00302
33311 88872 20000 33018 20001 32998 43464 20020 32928 43467
20040 32475 20060 32101 43521 20080 31847 20100 31658 20120 31533
20140 31443 20180 31304 20500 30830
444 20120 04029 1245/ 521// 60401=
ZZYY 14041 05029 05004 307909 055084 6112/
11119 03312 10264 29089
22219 00273
444 20120 05029 0525/ 521// 60401=
ZZYY 14041 04029 12004 307909 055087 6112/
11119 03112 10268 29087
22219 00275
444 20120 04029 1246/ 521// 60401=
ZZYY 14040 05029 05004 308041 067003 6112/
11119 03107 10282 29079
22219 00281
444 20120 05029 0525/ 521// 60401=
ZZYY 14040 04029 1200/ 308044 067011 6112/
33311 88872 20001 32810 43393 20020 32804 43394 20040 32674 43455
20060 32308 43519 20080 31949 20100 31742 20120 31655 20140 31582
20180 31478 20300 31194 20500 30935
444 20120 04029 1106/ 521//=
####018014945####
SSVX02 KARS 050543
ZZYY 14949 05029 0340/ 307840 045820 6112/
11119 40125 52011
22219 00293
444 20120 05029 0336/ 50101 80012 80065 9/015=
ZZYY 14949 05029 0440/ 307827 045822 6113/
11119 40132 52016
22219 00293
444 20130 05029 0526/ 50101 80012 80043 9/015=
ZZYY 23962 05029 0529/ 305002 041634 6113/
22219 00288
444 20130 05029 0336/ 50101 80011 80003 9/015=
ZZYY 23963 05029 0531/ 328705 039732 6111/
22219 00273
444 20110 05029 0345/ 50101 80011 80100 9/015=
ZZYY 23965 05029 0533/ 315205 070428 6113/
22219 00290
444 20130 05029 0527/ 50101 80014 80100 9/015=
ZZYY 31528 05029 0518/ 102037 001989 6111/
444 20110 05029 0448/ 50101 9/015=
ZZYY 23908 05029 0533/ 317106 064856 6112/
22219 00275
444 20120 05029 0527/ 50101 8//// 80007 9/015=
ZZYY 23679 05029 0523/ 110208 080148 6113/
444 20130 05029 0518/ 50101 9/015=
ZZYY 17677 05029 0430/ 341754 080309 6111/
11119 30342 40342 57001
22219 00135
444 20110 05029 0353/ 50101 8//// 80000 9/015=
ZZYY 33672 05029 0410/ 352403 042257 6111/
11119 39973 49973 57007
22219 00031
444 20110 05029 0359/ 50101 8//// 80002 9/015=
ZZYY 33670 05029 0440/ 349915 041843 6111/
11119 30009 40009 57027
22219 00051
444 20110 05029 0358/ 50101 8//// 80000 9/015=
ZZYY 33658 05029 0350/ 342033 032193 6113/
11119 30188 40188 52002
22219 00121
444 20130 05029 0347/ 50101 8//// 80060 9/015=
ZZYY 17673 05029 0530/ 339616 049139 6111/
11119 30258 40258 52017
22219 00138
444 20110 05029 0355/ 50101 8//// 80005 9/015=
ZZYY 17672 05029 0440/ 339621 048652 6111/
444 20110 05029 0134/ 50101 9/015=
ZZYY 17659 05029 0530/ 339858 060707 6111/
11119 30155 40155
22219 00170
444 20110 05029 0028/ 50101 9/015=
ZZYY 16955 05029 0510/ 337391 058162 6112/
11119 30206 40206
22219 00194
444 20120 05029 0354/ 50101 9/015=
ZZYY 14908 05029 0450/ 333613 078888 6111/
11119 30194 40194
22219 00204
444 20110 05029 0350/ 50101 9/015=
ZZYY 14907 05029 0450/ 331217 070320 6112/
22219 00233
444 20120 05029 0529/ 50101 9/015=
ZZYY 33677 05029 0530/ 344439 040332 6111/
11119 30193 40193
22219 00085
444 20110 05029 0346/ 50101 9/015=
ZZYY 33677 05029 0430/ 344439 040332 6111/
11119 30194 40194
22219 00085
444 20110 05029 0346/ 50101 9/015=
ZZYY 17512 05029 0510/ 342563 073227 6111/
22219 00135
444 20110 05029 0353/ 50101 9/015=
ZZYY 17525 05029 0500/ 345508 071701 6111/
11119 30274 40274
22219 00091
444 20110 05029 0354/ 50101 9/015=
ZZYY 17670 05029 0510/ 341905 038652 6111/
11119 30209 40209
22219 00167
444 20110 05029 0346/ 50101 9/015=
ZZYY 17668 05029 0520/ 345735 057844 6111/
22219 00093
444 20110 05029 0139/ 50101 9/015=
ZZYY 17667 05029 0510/ 339942 069432 6111/
22219 00167
444 20110 05029 0529/ 50101 9/015=
ZZYY 71576 05029 0510/ 347796 050427 6112/
11119 30142 40142
22219 00063
444 20120 05029 0357/ 50101 9/015=
ZZYY 16529 05029 0440/ 352621 059276 6112/
11119 30172 40172
22219 00042
444 20120 05029 0357/ 50101 9/015=
ZZYY 13627 05029 0518/ 705759 022815 6111/
444 20110 05029 0449/ 50101 9/015=
ZZYY 23686 05029 0524/ 113123 066691 6112/
444 20120 05029 0123/ 50101 9/015=
ZZYY 14918 05029 0420/ 329344 051101 6111/
11119 30181 40181 52013
22219 00259
444 20110 05029 0528/ 50101 8//// 80002 9/015=
ZZYY 14918 05029 0520/ 329344 051101 6111/
11119 30183 40183 52008
22219 00259
444 20110 05029 0528/ 50101 8//// 80000 9/015=
ZZYY 14918 05029 0220/ 329302 051037 6113/
11119 30175 40175 52008
22219 00259
444 20130 05029 0132/ 50101 8//// 80002 9/015=
ZZYY 14913 05029 0520/ 331240 035451 6112/
11119 30242 40242 52012
22219 00257
444 20120 05029 0530/ 50101 8//// 80000 9/015=
ZZYY 14913 05029 0420/ 331232 035457 6112/
11119 30238 40238 52010
22219 00258
444 20120 05029 0344/ 50101 8//// 80000 9/015=
ZZYY 14917 05029 0420/ 312703 042216 6113/
11119 30120 40120 57004
22219 00296
444 20130 05029 0338/ 50101 8//// 80000 9/015=
ZZYY 14916 05029 0420/ 324808 066862 6112/
11119 30152 40152 52008
22219 00285
444 20120 05029 0349/ 50101 8//// 80000 9/015=
ZZYY 14916 05029 0520/ 324805 066885 6113/
11119 30151 40151 52002
22219 00285
444 20130 05029 0528/ 50101 8//// 80000 9/015=
ZZYY 16946 05029 0420/ 332012 079297 6111/
11119 30153 40153 52017
22219 00219
444 20110 05029 0350/ 50101 8//// 80000 9/015=
ZZYY 16946 05029 0520/ 332010 079249 6111/
11119 30155 40155 52007
22219 00219
444 20110 05029 0529/ 50101 8//// 80000 9/015=
ZZYY 16943 05029 0520/ 333514 073279 6111/
11119 30219 40219 52003
22219 00204
444 20110 05029 0530/ 50101 8//// 80000 9/015=
ZZYY 16943 05029 0420/ 333523 073293 6112/
11119 30219 40219 52008
22219 00204
444 20120 05029 0352/ 50101 8//// 80000 9/015=
ZZYY 16583 05029 0420/ 329744 065820 6113/
11119 30186 40186 52011
22219 00240
444 20130 05029 0351/ 50101 8//// 80000 9/015=
ZZYY 16583 05029 0520/ 329743 065820 6112/
11119 30187 40187 52006
22219 00240
444 20120 05029 0529/ 50101 8//// 80000 9/015=
ZZYY 33958 05029 0400/ 338094 027459 6113/
11119 30255 40255 52002
22219 00179
444 20130 05029 0346/ 50101 8//// 80000 9/015=
ZZYY 33958 05029 0500/ 338094 027459 6113/
11119 30260 40260 52007
22219 00179
444 20130 05029 0346/ 50101 8//// 80000 9/015=
ZZYY 33696 05029 0450/ 348782 056642 6112/
11119 30145 40145 52019
22219 00061
444 20120 05029 0356/ 50101 8//// 80000 9/015=
ZZYY 16952 05029 0520/ 335445 077604 6111/
11119 30246 40246 52004
22219 00197
444 20110 05029 0530/ 50101 8//// 80002 9/015=
ZZYY 55922 05029 0520/ 550299 090420 6112/
11119 30139 40139 52023
22219 00092
444 50101 8//// 80000 9/015=
ZZYY 55946 05029 0520/ 546857 112280 6112/
11119 30164 40164 52009
22219 00107
444 20120 05029 0420/ 50101 8//// 80000 9/015=
ZZYY 56569 05029 0420/ 321741 051694 6112/
11119 30111 40111 52006
22219 00291
444 20120 05029 0528/ 50101 8//// 80000 9/015=
ZZYY 56569 05029 0230/ 321779 051767 6112/
11119 30110 40110 52008
22219 00291
444 20120 05029 0132/ 50101 8//// 80000 9/015=
ZZYY 56569 05029 0330/ 321779 051767 6112/
11119 30114 40114 52015
22219 00291
444 20120 05029 0132/ 50101 8//// 80000 9/015=
ZZYY 56569 05029 0520/ 321741 051694 6112/
11119 30110 40110 54000
22219 00291
444 20120 05029 0528/ 50101 8//// 80000 9/015=
ZZYY 56568 05029 0430/ 563979 166089 6112/
11119 39817 49817 57020
22219 00011
444 20120 05029 0409/ 50101 8//// 80000 9/015=
ZZYY 23910 05029 0420/ 305843 058831 6111/
11119 30132 40132 52017
22219 00279
444 20110 05029 0523/ 50101 8//// 80000 9/015=
ZZYY 16575 05029 0410/ 324522 049634 6113/
22219 00278
444 20130 05029 0529/ 50101 8//// 80100 9/015=
ZZYY 16575 05029 0510/ 324522 049634 6113/
22219 00279
444 20130 05029 0529/ 50101 8//// 80100 9/015=
ZZYY 33571 05029 0440/ 339619 064007 6112/
11119 30236 40236 52003
22219 00171
444 20120 05029 0353/ 50101 8//// 80046 9/015=
ZZYY 14926 05029 0420/ 337708 075935 6111/
11119 30283 40283 52005
444 20110 05029 0352/ 50101 8//// 80100 9/015=
ZZYY 14901 05029 0430/ 328844 045154 6111/
11119 30179 40179 52011
22219 00273
444 20110 05029 0343/ 50101 8//// 80000 9/015=
ZZYY 14901 05029 0530/ 328854 045185 6113/
11119 30181 40181 52009
22219 00274
444 50101 8//// 80040 9/015=
ZZYY 17661 05029 0400/ 330305 062350 6113/
11119 30185 40185 52013
444 20130 05029 0351/ 50101 8//// 80085 9/015=
ZZYY 17661 05029 0500/ 330307 062344 6112/
11119 30186 40186 52007
444 20120 05029 0530/ 50101 8//// 80036 9/015=
ZZYY 33947 05029 0430/ 557441 179877 6112/
11119 39976 49976 52003
22219 00060
444 20120 05029 0411/ 50101 8//// 80100 9/015=
ZZYY 16581 05029 0420/ 315372 081945 6112/
11119 30117 40117 52006
22219 00277
444 20120 05029 0347/ 50101 8//// 80032 9/015=
ZZYY 16581 05029 0520/ 315359 081922 6111/
11119 30113 40113 57004
22219 00278
444 20110 05029 0527/ 50101 8//// 80009 9/015=
ZZYY 16588 05029 0440/ 318038 063671 6113/
11119 30122 40122 52015
22219 00279
444 20130 05029 0527/ 50101 8//// 80017 9/015=
ZZYY 11931 05029 0524/ 300604 073091 6112/
444 20120 04029 2347/ 50101 9////=
ZZYY 23906 05029 0533/ 312073 055755 6112/
22219 00294
444 20120 05029 0526/ 50101 80008 80017 9////=
ZZYY 31992 05029 0450/ 338761 058260 6111/
11119 30201 40201 52017
22219 00177
444 20110 05029 0529/ 50101 8//// 80051 9/015=
ZZYY 33667 05029 0350/ 530968 024721 6113/
444 20130 05029 0330/ 50101 9/015=
ZZYY 14558 05029 0534/ 337303 024276 6112/
22219 00211
444 20120 05029 0346/ 50101 8//// 80100 9/015=
ZZYY 14559 05029 0531/ 333433 038791 6111/
22219 00215
444 20110 05029 0345/ 50101 80006 80000 9/015=
ZZYY 17522 05029 0520/ 531520 014643 6111/
444 20110 05029 0330/ 50101 9////=
ZZYY 31981 05029 0400/ 339319 049661 6111/
11119 30247 40247 52024
22219 00170
444 20110 05029 0353/ 50101 8//// 80055 9/015=
ZZYY 33906 05029 0531/ 340880 083027 6113/
22219 00150
444 20130 05029 0352/ 50101 80010 80000 9/015=
ZZYY 33597 05029 0534/ 339334 073957 6112/
22219 00163
444 20120 05029 0530/ 50101 80010 80062 9/015=
ZZYY 16562 05029 0440/ 340262 033405 6113/
22219 00151
444 20130 05029 0347/ 50101 8//// 80100 9/015=
ZZYY 71578 05029 0500/ 560830 069497 6111/
22219 00043
444 20110 05029 0521/ 50101 80010 80000 9/015=
ZZYY 33596 05029 0520/ 554946 076390 6112/
22219 00081
444 50101 8//// 80085 9/015=
ZZYY 33681 05029 0533/ 334978 042395 6111/
22219 00210
444 20110 05029 0529/ 50101 80010 80013 9/015=
ZZYY 33909 05029 0534/ 330482 065582 6111/
444 20110 05029 0528/ 50101 80008 80017 9/015=
ZZYY 15949 05029 0523/ 526850 003352 6112/
22219 00225
444 20120 05029 0345/ 50101 80009 80021 9////=
ZZYY 15507 05029 0523/ 520521 005230 6111/
22219 00235
444 20110 05029 0344/ 50101 80010 80000 9////=
ZZYY 33627 05029 0520/ 526083 022492 6112/
444 20120 05029 0328/ 50101 9/015=
ZZYY 14912 05029 0410/ 335323 086346 6112/
11119 30243 40243 57003
22219 00194
444 20120 05029 0351/ 50101 80010 80100 9/015=
ZZYY 14912 05029 0510/ 335323 086346 6112/
11119 30242 40242 57005
22219 00195
444 20120 05029 0351/ 50101 80010 80100 9/015=
ZZYY 33901 05029 0520/ 517429 005259 6111/
444 20110 05029 0342/ 50101 9/015=
ZZYY 31536 05029 0519/ 515670 014235 6112/
444 20120 05029 0326/ 50101 9/015=
ZZYY 15903 05029 0520/ 521556 016983 6112/
444 20120 05029 0327/ 50101 9/015=
ZZYY 33599 05029 0510/ 545164 096197 6111/
11119 30185 40185 52011
22219 00126
444 20110 05029 0520/ 50101 8//// 80100 9/015=
ZZYY 56554 05029 0530/ 339962 056509 6112/
11119 30225 40225 52022
22219 00167
444 20120 05029 0355/ 50101 80010 80052 9////=
ZZYY 33517 05029 0520/ 555919 062793 6112/
11119 30049 40049 52022
22219 00067
444 50101 80009 80100 9/015=
ZZYY 54553 05029 0410/ 318229 086823 6111/
11119 30120 40120 52003
22219 00270
444 20110 05029 0346/ 50101 80009 80093 9/015=
ZZYY 14556 05029 0518/ 521183 012559 6111/
444 20110 05029 0325/ 50101 9/015=
ZZYY 23692 05029 0524/ 109826 080181 6112/
444 20120 05029 0520/ 50101 9/015=
ZZYY 14919 05029 0534/ 330066 072591 6112/
22219 00231
444 20120 05029 0529/ 50101 8//// 80099 9/015=
ZZYY 23901 05029 0530/ 328641 053123 6111/
22219 00246
444 20110 05029 0526/ 50101 80008 80048 9/015=
ZZYY 53597 05029 0440/ 326711 060694 6112/
11119 30153 40153 52009
22219 00275
444 20120 05029 0351/ 50101 80008 80100 9/015=
ZZYY 53597 05029 0240/ 326720 060675 6112/
11119 30150 40150 52010
22219 00275
444 20120 05029 0134/ 50101 80008 80100 9/015=
ZZYY 33569 05029 0520/ 524819 013977 6111/
444 20110 05029 0328/ 50101 9/015=
ZZYY 31510 05029 0520/ 102625 001053 6111/
444 20110 05029 0309/ 50101 9/015=
ZZYY 15629 05029 0522/ 522206 027735 6112/
444 20120 05029 0327/ 50101 9/015=
ZZYY 16524 05029 0520/ 348263 080434 6113/
11119 30312 40312
22219 00059
444 20130 05029 0357/ 50101 9/015=
ZZYY 16948 05029 0500/ 349177 071563 6111/
11119 30250 40250
22219 00047
444 20110 05029 0357/ 50101 9/015=
ZZYY 16556 05029 0520/ 345946 070938 6112/
22219 00075
444 20120 05029 0353/ 50101 9/015=
ZZYY 16553 05029 0530/ 348690 079287 6112/
11119 30281 40281
22219 00089
444 20120 05029 0354/ 50101 9/015=
ZZYY 16951 05029 0440/ 339444 052567 6112/
22219 00168
444 20120 05029 0024/ 50101 9/015=
ZZYY 17683 05029 0520/ 329457 062419 6113/
11119 30175 40175 52004
22219 00247
444 20130 05029 0528/ 50101 8//// 80022 9/015=
ZZYY 17683 05029 0420/ 329459 062425 6112/
11119 30174 40174 52011
22219 00247
444 20120 05029 0351/ 50101 8//// 80079 9/015=
ZZYY 33586 05029 0520/ 557501 060349 6112/
11119 40046 52027
22219 00046
444 50101 80012 80008 9/015=
ZZYY 23675 05029 0525/ 116703 064732 6113/
22219 00260
444 20130 05029 0517/ 50101 80016 80000 9/015=
ZZYY 23676 05029 0525/ 111816 071556 6113/
22219 00288
444 20130 05029 0519/ 50101 80016 80008 9/015=
ZZYY 23677 05029 0524/ 114985 067591 6112/
22219 00280
444 20120 05029 0123/ 50101 80016 80000 9/015=
ZZYY 34514 05029 0430/ 559545 102914 6112/
11119 49803 57007
22219 00041
444 20120 05029 0415/ 50101 80012 80019 9/015=
ZZYY 34516 05029 0420/ 555027 103242 6112/
11119 49953 57007
22219 00067
444 20120 05029 0416/ 50101 80012 80021 9/015=
ZZYY 34516 05029 0520/ 555026 103229 6111/
11119 49951 57005
22219 00067
444 20110 05029 0524/ 50101 80012 80023 9/015=
ZZYY 34534 05029 0520/ 557163 102705 6111/
11119 49875 57003
22219 00058
444 20110 05029 0524/ 50101 80012 80018 9/015=
ZZYY 53525 05029 0400/ 311971 084965 6111/
11119 40111 52008
22219 00288
444 20110 05029 0524/ 50101 80012 80005 9/015=
ZZYY 53525 05029 0500/ 311971 084965 6111/
11119 40105 57004
22219 00290
444 20110 05029 0524/ 50101 80012 80003 9/015=
ZZYY 15922 05029 0518/ 506688 016400 6112/
22219 00270
444 20120 05029 0143/ 50101 80013 80037 9/015=
ZZYY 14565 05029 0500/ 311720 065247 6112/
11119 40138 52015
22219 00286
444 20120 05029 0524/ 50101 80015 80057 9/015=
ZZYY 14565 05029 0400/ 311720 065247 6112/
11119 40138 52019
22219 00286
444 20120 05029 0524/ 50101 80015 80054 9/015=
ZZYY 14564 05029 0400/ 336324 025970 6112/
11119 40295 52040
22219 00210
444 20120 05029 0346/ 50101 80012 80005 9/015=
ZZYY 14562 05029 0530/ 303972 067348 6111/
444 20110 05029 0524/ 50101 80013 80023 9/015=
ZZYY 55595 05029 0450/ 361181 175997 6111/
11119 49973 52001
22219 00036
444 20110 05029 0409/ 50101 80012 80000 9/015=
ZZYY 55596 05029 0450/ 356731 169277 6111/
11119 40024 57022
22219 00071
444 20110 05029 0410/ 50101 80012 80008 9/015=
ZZYY 16610 05029 0410/ 345580 062841 6111/
11119 40189 52025
22219 00096
444 20110 05029 0353/ 50101 80015 80036 9/015=
####018003319####
SSVX02 KARS 050543 RRA
ZZYY 16608 05029 0400/ 335919 044892 6111/
11119 40250 52021
22219 00196
444 20110 05029 0345/ 50101 80012 80005 9/015=
ZZYY 16608 05029 0500/ 335910 044874 6112/
11119 40255 52020
22219 00196
444 20120 05029 0530/ 50101 80012 80003 9/015=
ZZYY 16609 05029 0510/ 339061 070579 6111/
11119 40287 52009
22219 00167
444 20110 05029 0530/ 50101 80012 80011 9/015=
ZZYY 55562 05029 0450/ 554116 176019 6111/
11119 49993 52025
22219 00088
444 20110 05029 0412/ 50101 80012 80000 9/015=
ZZYY 16603 05029 0510/ 344800 066338 6112/
11119 40196 57007
22219 00109
444 20120 05029 0355/ 50101 80011 80000 9/015=
ZZYY 16603 05029 0410/ 344800 066338 6112/
11119 40197 57006
22219 00111
444 20120 05029 0355/ 50101 80011 80002 9/015=
ZZYY 16604 05029 0410/ 345074 068700 6111/
11119 40261 52034
22219 00099
444 20110 05029 0354/ 50101 80012 80000 9/015=
ZZYY 16604 05029 0510/ 345074 068700 6111/
11119 40245 52014
22219 00099
444 20110 05029 0354/ 50101 80012 80000 9/015=
ZZYY 16605 05029 0510/ 344160 058782 6111/
11119 40210 52020
22219 00116
444 20110 05029 0530/ 50101 80011 80000 9/015=
ZZYY 16605 05029 0410/ 344198 058704 6112/
11119 40205 52022
22219 00115
444 20120 05029 0357/ 50101 80011 80000 9/015=
ZZYY 16606 05029 0410/ 340108 053917 6112/
11119 40227 52023
22219 00172
444 20120 05029 0355/ 50101 80012 80003 9/015=
ZZYY 16606 05029 0500/ 340108 053917 6112/
11119 40229 52019
22219 00173
444 20120 05029 0355/ 50101 80012 80004 9/015=
ZZYY 14950 05029 0450/ 305873 067186 6112/
11119 40145 52016
22219 00284
444 20120 05029 0524/ 50101 80012 80000 9/015=
ZZYY 16962 05029 0410/ 343876 063893 6112/
11119 40189 52020
22219 00152
444 20120 05029 0354/ 50101 80011 80000 9/015=
ZZYY 16962 05029 0510/ 343863 063924 6111/
11119 40191 52020
22219 00152
444 20110 05029 0530/ 50101 80011 80000 9/015=
ZZYY 16963 05029 0410/ 341460 057612 6112/
11119 40215 52027
22219 00180
444 20120 05029 0357/ 50101 80012 80000 9/015=
ZZYY 16963 05029 0510/ 341460 057612 6112/
11119 40220 52024
22219 00180
444 20120 05029 0357/ 50101 80012 80000 9/015=
ZZYY 14933 05029 0440/ 315735 045542 6113/
11119 40117 52007
22219 00301
444 20130 05029 0527/ 50101 80012 80013 9/015=
ZZYY 14947 05029 0530/ 324765 052498 6111/
11119 40138 52004
22219 00281
444 20110 05029 0528/ 50101 80012 80100 9/015=
ZZYY 14947 05029 0330/ 324714 052444 6112/
11119 40137 52011
22219 00281
444 20120 05029 0134/ 50101 80012 80100 9/015=
ZZYY 14947 05029 0430/ 324765 052498 6111/
11119 40136 52008
22219 00281
444 20110 05029 0528/ 50101 80012 80100 9/015=
ZZYY 31749 05029 0520/ 703228 007900 6113/
444 20130 05029 0448/ 50101 80012 80025 9/015=
ZZYY 14927 05029 0440/ 322247 048706 6111/
11119 40133 52014
22219 00292
444 20110 05029 0526/ 50101 80012 80066 9/015=
ZZYY 16957 05029 0510/ 339309 083094 6112/
11119 40313 57005
22219 00163
444 20120 05029 0352/ 50101 80011 80000 9/015=
ZZYY 14554 05029 0410/ 333585 045429 6111/
11119 40230 52020
22219 00240
444 20110 05029 0345/ 50101 80012 80000 9/015=
ZZYY 14554 05029 0510/ 333589 045431 6111/
11119 40232 52015
22219 00241
444 20110 05029 0530/ 50101 80012 80000 9/015=
