(CO-99-13) Population Estimates for Counties by Age Group:  July 1, 1997
  
Source:  Population Estimates Program, Population Division, U.S. Census Bureau, Washington, DC  20233
Contact:  Demographic Call Center Staff, 1-866-758-1060 
          pop@census.gov (please include a phone number with email correspondence)
  
Internet Release Date:  August 30, 2000

                                        Total      Ages     Ages     Ages     Ages     Ages     Ages     Ages     Ages     Ages
Area Name                          Population       0-4     5-17    18-24    25-44    45-64      16+      21+      65+      85+
                                                                                                                               
    TEXAS                            19355427   1605775  3964456  1979779  6023089  3813496 14401738 12897801  1968832   218290
Anderson County                         52118      3061     9033     5954    18420     9575    41466    37793     6075      840
Andrews County                          13945      1322     3501     1132     3726     2699     9653     8609     1565      148
Angelina County                         76334      5568    16417     7167    21011    16623    57007    51046     9548     1124
Aransas County                          22480      1556     4165     1511     5360     5637    17381    16008     4251      342
Archer County                            8213       576     1721      524     2210     2045     6198     5651     1137      131
Armstrong County                         2186       133      493      110      512      521     1630     1502      417       69
Atascosa County                         35344      3216     8539     3005     9557     7004    24901    22091     4023      517
Austin County                           22957      1600     4735     1771     6190     5210    17315    15797     3451      508
Bailey County                            6773       568     1585      515     1667     1398     4865     4396     1040       98
Bandera County                          14946       895     2597      724     3882     4353    11905    11086     2495      223
Bastrop County                          48834      3940    10487     3456    14975    10504    36003    32783     5472      680
Baylor County                            4155       257      690      239      941     1025     3287     3098     1003      142
Bee County                              27918      2323     5653     3202     8571     5089    20766    18701     3080      358
Bell County                            221643     20863    44304    30443    68568    38400   162955   144240    19065     2190
Bexar County                          1336027    117396   277339   142295   404364   252975   985884   876423   141658    15244
Blanco County                            8224       513     1364      449     1853     1766     6557     6139     2279      243
Borden County                             764        61      161       39      176      215      568      524      112       11
Bosque County                           16678      1055     3086     1100     3926     4017    13038    12022     3494      485
Bowie County                            83611      5505    17109     6725    23722    18527    63681    57828    12023     1416
Brazoria County                        223309     18052    47788    18983    73429    45788   164444   148950    19269     1702
Brazos County                          132220      9320    20563    38604    35985    18236   105230    83316     9512     1085
Brewster County                          8859       626     1506     1171     2266     1879     6975     6170     1411      166
Briscoe County                           1927       138      415       99      456      485     1426     1326      334       31
Brooks County                            8392       822     1908      723     2092     1704     5966     5327     1143      122
Brown County                            36753      2563     7398     3338     9411     8131    28038    25124     5912      846
Burleson County                         15362      1089     3167     1166     3916     3557    11578    10583     2467      301
Burnet County                           30856      2101     6014     2047     8056     7870    23699    21756     4768      538
Caldwell County                         31282      2573     6892     3430     8630     5988    23198    20057     3769      596
Calhoun County                          20628      1621     4432     1635     5543     4792    15252    13807     2605      246
Callahan County                         12748       834     2693      731     3239     3178     9588     8855     2073      284
Cameron County                         317719     31221    81219    33462    83727    54819   218940   188837    33271     3210
Camp County                             10960       710     2201      872     2784     2558     8375     7608     1835      226
Carson County                            6673       457     1576      391     1740     1580     4887     4444      929      115
Cass County                             30656      1891     6424     2229     7680     7200    23372    21249     5232      657
Castro County                            8292       836     2172      677     2050     1624     5634     4952      933       98
Chambers County                         23261      1544     5380     1840     7113     5193    17181    15418     2191      191
Cherokee County                         42807      2929     8316     3766    11403     9775    32915    29771     6618      919
Childress County                         7693       394     1374      682     2392     1691     6165     5637     1160      200
Clay County                             10449       651     2133      592     2668     2779     8012     7365     1626      227
Cochran County                           3925       355      937      332      942      814     2781     2470      545       47
Coke County                              3393       197      628      175      719      898     2672     2488      776      129
Coleman County                           9700       669     1755      594     2127     2283     7557     7002     2272      358
Collin County                          400571     33441    83868    32405   149085    81149   296464   269308    20623     2085
Collingsworth County                     3314       227      695      217      756      678     2500     2311      741      124
Colorado County                         18874      1291     3745     1218     4579     4404    14383    13256     3637      507
Comal County                            70446      5000    13189     5124    19252    16924    54349    49874    10957     1164
Comanche County                         13556       929     2386      943     3053     3411    10665     9777     2834      439
Concho County                            3088       191      566      253      897      647     2427     2220      534       70
Cooke County                            32829      2428     6906     2441     8663     7205    24680    22281     5186      574
Coryell County                          73572      6298    14342    14212    24588    10026    54839    47287     4106      552
Cottle County                            1947       113      392      100      399      465     1512     1397      478       59
Crane County                             4456       391     1178      355     1238      821     3092     2713      473       54
Crockett County                          4502       390      992      302     1275     1019     3257     2978      524       67
Crosby County                            7335       625     1702      587     1678     1631     5270     4724     1112      135
Culberson County                         3104       315      729      292      805      624     2187     1915      339       26
Dallam County                            6385       548     1452      442     1744     1435     4593     4174      764       73
Dallas County                         2016929    170073   377359   207610   696372   391122  1527730  1385198   174393    19626
Dawson County                           14711      1127     3175     1240     4089     2944    10891     9822     2136      270
Deaf Smith County                       19195      1950     4936     1751     4930     3522    13016    11518     2106      274
Delta County                             4947       306      967      387     1120     1211     3835     3492      956      151
Denton County                          363925     31396    69869    44591   137264    62420   272720   244344    18385     2043
DeWitt County                           19672      1268     3741     1448     5309     4159    15219    14010     3747      694
Dickens County                           2266       125      442      158      475      539     1786     1611      527       66
Dimmit County                           10429       984     2726      979     2575     1867     7165     6223     1298      152
Donley County                            3801       188      664      394      772      943     3070     2666      840      117
Duval County                            13566      1233     3023     1328     3638     2691     9826     8646     1653      177
Eastland County                         17743      1015     3264     1529     4061     4138    13951    12566     3736      588
Ector County                           122773     11538    27769    10722    35724    24102    87453    78552    12918     1094
Edwards County                           3611       185      492      139      507      461     3024     2864     1827      224
Ellis County                           100537      8378    23008     8921    30056    20781    72644    64952     9393     1237
El Paso County                         685388     65771   157718    75574   197942   124428   488611   426864    63955     6306
Erath County                            31344      2275     5536     5117     7832     6094    24367    20952     4490      710
Falls County                            17665      1212     3452     1670     4548     3710    13593    12243     3073      454
Fannin County                           27864      1664     5051     2138     7253     6830    22027    20126     4928      680
Fayette County                          21033      1260     3886     1312     5200     4777    16508    15303     4598      623
Fisher County                            4321       259      869      248      977     1045     3349     3074      923      112
Floyd County                             8187       764     1898      673     1902     1695     5798     5217     1255      149
Foard County                             1702       115      321      113      380      372     1309     1218      401       63
Fort Bend County                       320162     29260    75259    23501   116504    55851   226556   203983    19787     1750
Franklin County                          9554       625     1834      632     2306     2475     7391     6805     1682      198
Freestone County                        17529      1030     3456     1312     5017     3845    13614    12450     2869      428
Frio County                             15798      1440     3618     1500     4795     2835    11337    10068     1610      191
Gaines County                           14716      1529     3882     1256     3796     2824     9877     8754     1429      126
Galveston County                       242310     17970    48648    20177    74905    53757   183079   166525    26853     2491
Garza County                             4691       395     1113      327     1131      996     3343     3034      729       96
Gillespie County                        19775      1224     3421     1063     4429     4742    15693    14643     4896      702
Glasscock County                         1415       148      363      117      392      314      953      860       81        6
Goliad County                            6814       492     1403      445     1811     1603     5156     4707     1060      142
Gonzales County                         17522      1428     3693     1420     4228     3683    12941    11717     3070      449
Gray County                             23646      1495     4499     1701     6328     5525    18329    16889     4098      498
Grayson County                         100670      6688    19365     7875    27452    23501    77645    70987    15789     2107
Gregg County                           112432      8161    22759    10149    32280    24265    84938    76566    14818     1838
Grimes County                           22857      1571     4643     2335     7067     4610    17328    15536     2631      334
Guadalupe County                        77592      6337    16143     7018    22128    16958    57580    51806     9008      967
Hale County                             36497      3437     8352     3771     9474     7034    25991    22957     4429      531
Hall County                              3674       219      695      233      764      870     2873     2648      893      126
Hamilton County                          7639       485     1388      488     1737     1962     5973     5540     1579      289
Hansford County                          5348       417     1219      361     1360     1199     3891     3554      792      100
Hardeman County                          4660       318      946      306     1031     1054     3540     3247     1005      163
Hardin County                           48646      3223    11166     3756    13219    11185    36034    32373     6097      587
Harris County                         3149515    272644   633907   318318  1082147   600813  2341402  2108875   241686    23529
Harrison County                         59386      3931    13048     5530    16325    12966    44454    39449     7586     1019
Hartley County                           5137       251      877      458     1837     1160     4166     3816      554       95
Haskell County                           6125       399     1157      358     1365     1390     4730     4393     1456      203
Hays County                             85580      6096    15752    17260    25351    14340    66200    55413     6781      806
Hemphill County                          3598       273      853      204     1013      795     2592     2381      460       70
Henderson County                        67266      4069    12113     4856    15656    18045    52996    48607    12527      991
Hidalgo County                         504072     52092   132486    55977   133190    81476   341425   292331    48851     4550
Hill County                             30068      1999     5784     2456     7224     7098    23211    21014     5507      737
Hockley County                          23836      2111     5650     2537     6247     4553    16864    14647     2738      269
Hood County                             36008      2294     6520     2019     9343     8913    28134    26230     6919      539
Hopkins County                          30142      2118     5973     2534     8073     6739    22997    20910     4705      601
Houston County                          21842      1283     4210     1535     6102     4736    17077    15628     3976      518
Howard County                           32099      2520     6217     2661     8604     7394    24274    22066     4703      530
Hudspeth County                          3201       277      743      275      879      666     2304     2049      361       46
Hunt County                             68733      4899    13418     6306    18456    16538    52570    47459     9116     1069
Hutchinson County                       23937      1672     5205     1688     6271     5201    17822    16179     3900      319
Irion County                             1697       144      331      131      434      424     1276     1162      233       19
Jack County                              7314       507     1494      423     1851     1817     5523     5121     1222      176
Jackson County                          13693       952     2932      913     3473     3089    10269     9334     2334      247
Jasper County                           33275      2105     7316     2378     8259     7994    25055    22713     5223      584
Jeff Davis County                        2231       138      464      151      530      581     1711     1558      367       40
Jefferson County                       241406     16322    47264    21282    69893    52405   184856   168253    34240     3812
Jim Hogg County                          4905       489     1078      438     1234      999     3496     3139      667       71
Jim Wells County                        39767      3611     9140     3498    10567     8088    28461    25279     4863      548
Johnson County                         113855      8468    24602     9718    34039    25295    84575    76196    11733     1490
Jones County                            18686      1072     3438     1629     5606     4052    14753    13438     2889      420
Karnes County                           15246      1089     2860     1407     4515     2894    11766    10653     2481      347
Kaufman County                          63703      4735    14101     4968    18306    14372    47101    42499     7221      905
Kendall County                          20373      1455     3918     1386     5522     5005    15663    14316     3087      434
Kenedy County                             430        39       92       36      110      108      308      284       45        9
Kent County                               874        52      170       37      178      204      683      630      233       30
Kerr County                             41966      2652     7157     2779     9587     9332    33278    30783    10459     1127
Kimble County                            4153       264      800      206      934     1085     3215     2979      864      147
King County                               348        25       85       26      105       82      257      229       25        0
Kinney County                            3369       229      583      216      743      753     2648     2464      845       59
Kleberg County                          30194      2693     6106     4556     7973     5621    22392    19209     3245      372
Knox County                              4309       323      893      256      982      925     3236     2973      930      151
Lamar County                            45595      3074     8911     4006    11699    10505    35072    31647     7400      961
Lamb County                             14822      1190     3324     1141     3432     3189    10753     9787     2546      302
Lampasas County                         17458      1358     3593     1321     4485     4333    13105    11870     2368      327
La Salle County                          5981       494     1297      631     1813     1042     4379     3936      704       63
Lavaca County                           18729      1133     3619     1236     4358     4240    14537    13394     4143      576
Lee County                              14726      1064     3385     1054     3833     3128    10986     9746     2262      316
Leon County                             14413       932     2787      937     3405     3529    11103    10233     2823      303
Liberty County                          64309      4389    13576     5653    19612    14111    48507    43752     6968      658
Limestone County                        20697      1466     4130     1437     5523     4632    15742    14452     3509      498
Lipscomb County                          3008       214      663      137      752      704     2246     2069      538       47
Live Oak County                         10110       719     2066      661     2518     2498     7635     7008     1648      168
Llano County                            13167       576     1617      537     2388     3847    11251    10725     4202      412
Loving County                             105         5       23        8       26       31       82       72       12        0
Lubbock County                         230066     18108    44010    33559    66553    42890   174413   152770    24946     2766
Lynn County                              6596       588     1469      523     1562     1506     4746     4314      948      112
McCulloch County                         8730       652     1819      630     2038     1888     6565     5964     1703      283
McLennan County                        202385     15275    38736    26696    54332    41087   154312   135113    26259     3294
McMullen County                           794        61      139       52      202      200      618      570      140       13
Madison County                          11760       660     1945     1983     3229     2255     9486     8332     1688      259
Marion County                           10597       620     2003      647     2501     2877     8319     7670     1949      189
Martin County                            4993       473     1238      378     1264     1018     3477     3101      622       87
Mason County                             3653       230      666      205      837      932     2856     2655      783      124
Matagorda County                        37852      3306     8599     2912    10653     7675    27135    24562     4707      551
Maverick County                         46710      4847    12612     4763    11946     8243    31433    26907     4299      368
Medina County                           35920      2805     7481     3168    10191     7620    26831    24108     4655      524
Menard County                            2347       172      426      131      555      553     1807     1690      510       81
Midland County                         117529     10989    25788     9107    36065    23057    84235    76607    12523     1226
Milam County                            24092      1682     5184     1723     5887     5380    18018    16369     4236      618
Mills County                             4718       294      863      255     1073     1136     3699     3442     1097      168
Mitchell County                          8712       494     1595      773     2569     1756     6876     6288     1525      197
Montague County                         18400      1175     3464     1156     4251     4632    14364    13212     3722      573
Montgomery County                      257951     19888    56728    20259    80010    58268   190298   171751    22798     1968
Moore County                            19241      1952     4548     1746     5290     3629    13426    11991     2076      195
Morris County                           13296       820     2781      869     3386     3147    10120     9279     2293      290
Motley County                            1311        70      237       72      275      326     1044      967      331       46
Nacogdoches County                      56624      3654     9998    11175    14554    10530    44566    37587     6713      885
Navarro County                          41091      3012     8197     3768    10544     9088    31219    27913     6482      966
Newton County                           14401       950     3251     1102     3664     3459    10702     9653     1975      206
Nolan County                            16404      1235     3420     1352     4227     3595    12289    11071     2575      371
Nueces County                          315447     27291    69055    29663    94856    61212   229865   205509    33370     3261
Ochiltree County                         8810       754     1987      648     2560     1779     6327     5790     1082       94
Oldham County                            2231       136      777      120      490      443     1499     1239      265       15
Orange County                           84536      5689    18121     6787    23287    20409    63593    57431    10243      802
Palo Pinto County                       25539      1890     4926     1952     6527     6049    19467    17810     4195      521
Panola County                           23031      1481     4952     1808     6036     5270    17312    15616     3484      431
Parker County                           78773      5559    16380     6006    22944    18768    59411    53857     9116      921
Parmer County                           10340       990     2492      849     2689     2038     7250     6471     1282      173
Pecos County                            16228      1281     3569     1583     4858     3243    11985    10656     1694      175
Polk County                             47519      2663     8167     3624    11920    11472    38054    34987     9673      863
Potter County                          108431      9593    21283    10516    30783    20877    80730    72918    15379     1929
Presidio County                          8280       711     1961      737     1934     1764     5968     5233     1173      138
Rains County                             8209       472     1585      538     2040     2138     6390     5869     1436      137
Randall County                          97671      7145    20478     9391    30884    22364    72981    65553     7409      696
Reagan County                            4210       450     1184      346     1242      663     2741     2416      325       48
Real County                              2659       160      460      204      519      688     2120     1934      628       65
Red River County                        13775       766     2601     1049     3233     3396    10858     9883     2730      463
Reeves County                           14569      1355     3399     1345     3866     2804    10336     9210     1800      185
Refugio County                           7888       520     1620      622     1961     1828     6010     5418     1337      155
Roberts County                            991        64      227       42      274      266      739      677      118        8
Robertson County                        15435      1218     3250     1267     3773     3313    11434    10366     2614      369
Rockwall County                         35581      2548     7616     2341    11161     8300    26561    24280     3615      392
Runnels County                          11434       828     2384      804     2717     2529     8625     7864     2172      344
Rusk County                             45455      2960     9620     3360    12244    10007    34378    31214     7264     1019
Sabine County                           10564       547     1678      604     1932     3123     8662     8038     2680      225
San Augustine County                     8137       475     1496      556     1740     2084     6394     5922     1786      230
San Jacinto County                      20829      1238     4190     1362     5052     5793    16092    14709     3194      271
San Patricio County                     69217      5893    15949     7686    18891    13978    49962    43673     6820      716
San Saba County                          5918       390     1418      390     1253     1284     4399     3929     1183      190
Schleicher County                        3023       249      728      165      767      609     2146     1962      505       68
Scurry County                           18121      1308     3735     1489     5357     3617    13631    12321     2615      313
Shackelford County                       3294       224      690      167      841      757     2484     2283      615       96
Shelby County                           22572      1526     4469     1747     5417     5403    17325    15772     4010      535
Sherman County                           2897       203      621      194      719      689     2166     1979      471       53
Smith County                           165693     11744    32266    15321    47026    36219   126812   114310    23117     2655
Somervell County                         6189       516     1465      459     1765     1209     4423     3987      775      128
Starr County                            54393      5944    15187     6236    13774     9260    35831    30256     3992      415
Stephens County                          9946       678     1975      682     2644     2297     7593     6986     1670      237
Sterling County                          1366       136      342       90      380      247      929      848      171       34
Stonewall County                         1811       124      343      101      416      438     1399     1300      389       51
Sutton County                            4424       350     1014      357     1259      970     3253     2878      474       63
Swisher County                           8345       670     1682      690     2130     1814     6223     5669     1359      152
Tarrant County                        1325526    113073   252921   135847   449689   261176   997188   903581   112820    12140
Taylor County                          121579      9961    23565    15256    34158    23449    91419    80607    15190     2085
Terrell County                           1185        80      259       61      302      298      878      818      185       24
Terry County                            12988      1114     3027     1056     3294     2617     9302     8321     1880      200
Throckmorton County                      1710       113      305       93      405      443     1336     1246      351       69
Titus County                            25090      2098     5279     2336     6852     5129    18552    16634     3396      447
Tom Green County                       102285      8192    20002    11785    28899    19880    76943    68363    13527     1669
Travis County                          691965     55154   117990   100561   249676   117180   536469   475170    51404     5781
Trinity County                          12459       708     2150      765     2686     3278     9948     9234     2872      295
Tyler County                            20209       995     3544     1601     5384     5173    16266    14936     3512      349
Upshur County                           35476      2401     7380     2923     9256     8464    26808    24174     5052      612
Upton County                             3802       334      992      284     1013      757     2618     2342      422       53
Uvalde County                           25480      2380     5877     2647     6330     5045    18189    15833     3201      410
Val Verde County                        42868      4304    10277     4832    11515     8703    30085    26144     3237      334
Van Zandt County                        43054      2637     8377     2884    10492    11151    33449    30622     7513      791
Victoria County                         80649      6790    17659     6838    23575    16422    58788    52949     9365      930
Walker County                           54408      2865     7867     9628    19072    10114    45100    39196     4862      609
Waller County                           26736      1797     5191     4905     6781     5295    20546    16885     2767      329
Ward County                             11755       943     2941      939     3081     2318     8408     7429     1533      163
Washington County                       28767      1897     5443     2987     7496     6075    22219    19641     4869      731
Webb County                            180370     20100    45927    21148    49289    30156   121840   104213    13750     1663
Wharton County                          40005      3186     8841     3334    10674     8320    29243    26322     5650      760
Wheeler County                           5340       323     1126      280     1228     1269     4046     3764     1114      205
Wichita County                         128689      9387    23784    15215    37234    26759    99121    88033    16310     2232
Wilbarger County                        14214      1036     2863     1154     3655     3062    10837     9739     2444      367
Willacy County                          19505      1871     5121     1820     4814     3529    13339    11607     2350      256
Williamson County                      210292     18658    48120    18291    73324    37636   150528   134995    14263     1730
Wilson County                           30196      2522     7000     2471     8382     6308    21768    19531     3513      401
Winkler County                           7881       670     1963      573     2024     1584     5537     4976     1067       99
Wise County                             42442      3164     8899     3237    12230     9997    31854    28851     4915      571
Wood County                             33974      1859     6245     2420     8078     8670    26892    24705     6702      767
Yoakum County                            8000       709     2052      592     2255     1491     5526     4966      901       88
Young County                            17588      1239     3449     1062     4482     4046    13426    12404     3310      485
Zapata County                           11167      1168     2779     1040     2777     1973     7642     6723     1430      110
Zavala County                           11811      1224     2931     1271     3009     2051     8161     7014     1325      108


The estimates presented here were produced by a method which is still in a developmental stage.  They
may not be accurate for populations which are very small or have unusual distributions.  These figures
should be used with caution.
