Image histogram created by PCP.
MOC Gusev PC area d inside small crater                                         DATA RANGE FROM         0.     TO   30.57299    .
AVERAGE=   4.263649    , STANDARD DEVIATION=   3.024588    .
SKEW=      1.843773    , KURTOSIS=             5.546827    .
C_END
 5.7295701E-03  1.6228496E-05
 2.0662280E-02  4.3275992E-05
 3.5594989E-02  1.2847560E-04
 5.0527703E-02  2.7453207E-04
 6.5460414E-02  3.8407440E-04
 8.0393121E-02  5.6529260E-04
 9.5325835E-02  7.2892994E-04
 0.1102585      9.5207174E-04
 0.1251913      1.2590608E-03
 0.1401240      1.4862597E-03
 0.1550567      1.8514009E-03
 0.1699894      2.1069997E-03
 0.1849221      2.5586928E-03
 0.1998548      2.9941574E-03
 0.2147875      3.3079083E-03
 0.2297202      3.8339822E-03
 0.2446529      4.4155032E-03
 0.2595856      4.8036347E-03
 0.2745183      5.4879365E-03
 0.2894511      5.9423344E-03
 0.3043838      6.6550360E-03
 0.3193165      7.4272421E-03
 0.3342492      7.9330299E-03
 0.3491819      8.7295789E-03
 0.3641146      9.3273288E-03
 0.3790473      1.0232068E-02
 0.3939800      1.1154387E-02
 0.4089127      1.1818403E-02
 0.4238455      1.2785351E-02
 0.4387782      1.3384453E-02
 0.4537109      1.4485287E-02
 0.4686436      1.5552310E-02
 0.4835763      1.6247431E-02
 0.4985090      1.7307693E-02
 0.5134417      1.8081252E-02
 0.5283744      1.9233475E-02
 0.5433071      2.0474955E-02
 0.5582398      2.1212000E-02
 0.5731726      2.2489995E-02
 0.5881053      2.3352809E-02
 0.6030380      2.4611870E-02
 0.6179706      2.5952073E-02
 0.6329034      2.6764849E-02
 0.6478361      2.8130747E-02
 0.6627688      2.9146381E-02
 0.6777015      3.0589364E-02
 0.6926342      3.2104023E-02
 0.7075669      3.3181865E-02
 0.7224997      3.4712754E-02
 0.7374324      3.6316670E-02
 0.7523651      3.7385046E-02
 0.7672978      3.8970031E-02
 0.7822305      4.0041111E-02
 0.7971632      4.1709941E-02
 0.8120959      4.3408524E-02
 0.8270286      4.4528291E-02
 0.8419613      4.6245806E-02
 0.8568940      4.7495399E-02
 0.8718268      4.9298115E-02
 0.8867595      5.1191438E-02
 0.9016922      5.2446440E-02
 0.9166249      5.4241043E-02
 0.9315576      5.5475760E-02
 0.9464903      5.7447523E-02
 0.9614230      5.9342198E-02
 0.9763557      6.0637772E-02
 0.9912884      6.2598713E-02
  1.006221      6.4006537E-02
  1.021154      6.5983713E-02
  1.036087      6.8152919E-02
  1.051019      6.9525577E-02
  1.065952      7.1678557E-02
  1.080885      7.3090434E-02
  1.095817      7.5174443E-02
  1.110750      7.7374756E-02
  1.125683      7.8877248E-02
  1.140616      8.1119485E-02
  1.155548      8.2596280E-02
  1.170481      8.4780365E-02
  1.185414      8.7068580E-02
  1.200346      8.8568367E-02
  1.215279      9.0897158E-02
  1.230212      9.3284100E-02
  1.245144      9.4888017E-02
  1.260077      9.7322293E-02
  1.275010      9.8981656E-02
  1.289943      0.1014227    
  1.304875      0.1038083    
  1.319808      0.1054528    
  1.334741      0.1079425    
  1.349674      0.1096411    
  1.364606      0.1122119    
  1.379539      0.1146800    
  1.394472      0.1164246    
  1.409404      0.1190982    
  1.424337      0.1207941    
  1.439270      0.1234691    
  1.454202      0.1261373    
  1.469135      0.1279103    
  1.484068      0.1306191    
  1.499001      0.1324489    
  1.513933      0.1351780    
  1.528866      0.1378421    
  1.543799      0.1396449    
  1.558731      0.1423929    
  1.573664      0.1442700    
  1.588597      0.1470234    
  1.603529      0.1498634    
  1.618462      0.1517702    
  1.633395      0.1545954    
  1.648328      0.1564603    
  1.663260      0.1593435    
  1.678193      0.1622065    
  1.693126      0.1642026    
  1.708058      0.1671630    
  1.722991      0.1699691    
  1.737924      0.1718733    
  1.752857      0.1748499    
  1.767789      0.1767986    
  1.782722      0.1798875    
  1.797655      0.1828573    
  1.812587      0.1848250    
  1.827520      0.1877637    
  1.842453      0.1897747    
  1.857386      0.1927012    
  1.872318      0.1956913    
  1.887251      0.1976847    
  1.902184      0.2006816    
  1.917116      0.2026276    
  1.932049      0.2056434    
  1.946982      0.2086051    
  1.961915      0.2106283    
  1.976847      0.2137171    
  1.991780      0.2157808    
  2.006713      0.2188724    
  2.021646      0.2219544    
  2.036578      0.2239992    
  2.051511      0.2271043    
  2.066443      0.2292546    
  2.081376      0.2323664    
  2.096309      0.2355133    
  2.111242      0.2375865    
  2.126174      0.2408065    
  2.141107      0.2428364    
  2.156040      0.2460416    
  2.170973      0.2490641    
  2.185905      0.2510751    
  2.200838      0.2542505    
  2.215771      0.2573244    
  2.230703      0.2594963    
  2.245636      0.2626961    
  2.260569      0.2648504    
  2.275501      0.2680149    
  2.290434      0.2711511    
  2.305367      0.2732987    
  2.320300      0.2764376    
  2.335232      0.2786135    
  2.350165      0.2816726    
  2.365098      0.2847817    
  2.380030      0.2867778    
  2.394963      0.2899937    
  2.409896      0.2921818    
  2.424829      0.2954708    
  2.439761      0.2985745    
  2.454694      0.3006775    
  2.469627      0.3037136    
  2.484560      0.3058517    
  2.499492      0.3090933    
  2.514425      0.3122660    
  2.529358      0.3143946    
  2.544290      0.3175619    
  2.559223      0.3196878    
  2.574156      0.3228145    
  2.589088      0.3260426    
  2.604021      0.3282226    
  2.618954      0.3314602    
  2.633887      0.3346586    
  2.648819      0.3367385    
  2.663752      0.3400072    
  2.678685      0.3420655    
  2.693617      0.3452788    
  2.708550      0.3484893    
  2.723483      0.3506126    
  2.738415      0.3537717    
  2.753348      0.3559450    
  2.768281      0.3592434    
  2.783214      0.3623972    
  2.798146      0.3645542    
  2.813079      0.3675767    
  2.828012      0.3696594    
  2.842945      0.3727739    
  2.857877      0.3759993    
  2.872810      0.3780184    
  2.887743      0.3812195    
  2.902675      0.3833360    
  2.917608      0.3863518    
  2.932541      0.3895042    
  2.947474      0.3914989    
  2.962406      0.3944647    
  2.977339      0.3964905    
  2.992271      0.3995929    
  3.007204      0.4027020    
  3.022137      0.4047684    
  3.037070      0.4079073    
  3.052002      0.4099561    
  3.066935      0.4131207    
  3.081868      0.4163015    
  3.096800      0.4183043    
  3.111733      0.4213918    
  3.126666      0.4244062    
  3.141599      0.4264713    
  3.156532      0.4295561    
  3.171464      0.4315589    
  3.186397      0.4347303    
  3.201329      0.4377717    
  3.216262      0.4397435    
  3.231195      0.4427092    
  3.246128      0.4447649    
  3.261060      0.4477928    
  3.275993      0.4507505    
  3.290926      0.4526844    
  3.305858      0.4556799    
  3.320791      0.4577531    
  3.335724      0.4608040    
  3.350657      0.4637373    
  3.365589      0.4658376    
  3.380522      0.4689264    
  3.395455      0.4708644    
  3.410387      0.4736732    
  3.425320      0.4767188    
  3.440253      0.4786189    
  3.455186      0.4814359    
  3.470119      0.4834468    
  3.485051      0.4863612    
  3.499984      0.4892553    
  3.514916      0.4911013    
  3.529849      0.4938844    
  3.544782      0.4958576    
  3.559715      0.4987584    
  3.574647      0.5015930    
  3.589580      0.5034809    
  3.604513      0.5063344    
  3.619445      0.5090852    
  3.634378      0.5109934    
  3.649311      0.5137049    
  3.664244      0.5156510    
  3.679176      0.5183923    
  3.694109      0.5212850    
  3.709042      0.5230985    
  3.723974      0.5258790    
  3.738907      0.5276858    
  3.753840      0.5303527    
  3.768773      0.5331305    
  3.783705      0.5348439    
  3.798638      0.5374905    
  3.813570      0.5393162    
  3.828503      0.5419858    
  3.843436      0.5446486    
  3.858369      0.5464054    
  3.873302      0.5489668    
  3.888234      0.5507627    
  3.903167      0.5534891    
  3.918100      0.5560911    
  3.933032      0.5577802    
  3.947965      0.5603619    
  3.962898      0.5620618    
  3.977831      0.5645704    
  3.992763      0.5671494    
  4.007696      0.5688493    
  4.022628      0.5713891    
  4.037561      0.5731458    
  4.052494      0.5755355    
  4.067427      0.5779833    
  4.082359      0.5796467    
  4.097292      0.5822311    
  4.112225      0.5847777    
  4.127158      0.5864397    
  4.142090      0.5889051    
  4.157023      0.5905861    
  4.171956      0.5929947    
  4.186888      0.5954614    
  4.201821      0.5970816    
  4.216754      0.5995943    
  4.231687      0.6012266    
  4.246619      0.6035771    
  4.261552      0.6059207    
  4.276485      0.6075733    
  4.291417      0.6099035    
  4.306350      0.6114979    
  4.321283      0.6138077    
  4.336215      0.6161785    
  4.351148      0.6176769    
  4.366081      0.6199340    
  4.381014      0.6214257    
  4.395946      0.6237653    
  4.410879      0.6260359    
  4.425812      0.6275209    
  4.440744      0.6298497    
  4.455677      0.6313305    
  4.470610      0.6335633    
  4.485542      0.6357298    
  4.500475      0.6372783    
  4.515408      0.6395354    
  4.530341      0.6409987    
  4.545273      0.6432152    
  4.560206      0.6453263    
  4.575139      0.6467896    
  4.590071      0.6489683    
  4.605004      0.6512173    
  4.619937      0.6527022    
  4.634870      0.6548079    
  4.649802      0.6562414    
  4.664735      0.6583849    
  4.679668      0.6605027    
  4.694601      0.6618848    
  4.709533      0.6641067    
  4.724466      0.6654726    
  4.739398      0.6675350    
  4.754332      0.6695676    
  4.769264      0.6709065    
  4.784196      0.6730202    
  4.799129      0.6744064    
  4.814062      0.6763687    
  4.828995      0.6783770    
  4.843928      0.6796901    
  4.858860      0.6816984    
  4.873793      0.6829845    
  4.888726      0.6849860    
  4.903658      0.6870592    
  4.918591      0.6883723    
  4.933524      0.6903157    
  4.948457      0.6916342    
  4.963389      0.6935492    
  4.978322      0.6955088    
  4.993255      0.6967543    
  5.008187      0.6986774    
  5.023120      0.7006533    
  5.038053      0.7019475    
  5.052986      0.7037705    
  5.067918      0.7050092    
  5.082851      0.7068498    
  5.097784      0.7086985    
  5.112716      0.7099617    
  5.127649      0.7117373    
  5.142582      0.7129964    
  5.157515      0.7148397    
  5.172447      0.7165924    
  5.187380      0.7177081    
  5.202312      0.7196000    
  5.217245      0.7208036    
  5.232178      0.7225482    
  5.247111      0.7243009    
  5.262043      0.7255437    
  5.276976      0.7272450    
  5.291909      0.7283823    
  5.306841      0.7301431    
  5.321774      0.7318512    
  5.336707      0.7329425    
  5.351640      0.7346506    
  5.366572      0.7357392    
  5.381505      0.7373742    
  5.396438      0.7389308    
  5.411370      0.7400952    
  5.426303      0.7416667    
  5.441236      0.7428419    
  5.456169      0.7444972    
  5.471102      0.7461079    
  5.486034      0.7472601    
  5.500967      0.7488803    
  5.515900      0.7505897    
  5.530832      0.7516851    
  5.545765      0.7532741    
  5.560698      0.7544466    
  5.575631      0.7560627    
  5.590563      0.7576801    
  5.605496      0.7586863    
  5.620429      0.7603199    
  5.635361      0.7613789    
  5.650294      0.7629084    
  5.665227      0.7643378    
  5.680160      0.7653589    
  5.695092      0.7668289    
  5.710025      0.7678134    
  5.724957      0.7692754    
  5.739890      0.7707765    
  5.754823      0.7717624    
  5.769756      0.7732784    
  5.784688      0.7742115    
  5.799621      0.7756882    
  5.814554      0.7771515    
  5.829486      0.7781293    
  5.844419      0.7794641    
  5.859352      0.7803255    
  5.874284      0.7817590    
  5.889217      0.7831371    
  5.904150      0.7840865    
  5.919083      0.7854240    
  5.934015      0.7863950    
  5.948948      0.7878042    
  5.963881      0.7891620    
  5.978813      0.7900951    
  5.993746      0.7914461    
  6.008679      0.7927403    
  6.023612      0.7936207    
  6.038544      0.7949555    
  6.053477      0.7958332    
  6.068410      0.7971774    
  6.083343      0.7985366    
  6.098276      0.7993819    
  6.113208      0.8007464    
  6.128141      0.8015876    
  6.143074      0.8029575    
  6.158006      0.8042166    
  6.172939      0.8050429    
  6.187871      0.8062952    
  6.202805      0.8070323    
  6.217737      0.8082778    
  6.232670      0.8094828    
  6.247602      0.8102821    
  6.262535      0.8114911    
  6.277468      0.8123552    
  6.292400      0.8135493    
  6.307333      0.8147056    
  6.322266      0.8155454    
  6.337199      0.8166855    
  6.352131      0.8174699    
  6.367064      0.8186640    
  6.381997      0.8198717    
  6.396929      0.8206547    
  6.411862      0.8217907    
  6.426795      0.8225778    
  6.441728      0.8237760    
  6.456660      0.8248944    
  6.471593      0.8256247    
  6.486526      0.8267404    
  6.501458      0.8278412    
  6.516391      0.8285783    
  6.531324      0.8296534    
  6.546256      0.8304040    
  6.561189      0.8315548    
  6.576122      0.8326733    
  6.591055      0.8334441    
  6.605987      0.8344449    
  6.620920      0.8351887    
  6.635853      0.8362368    
  6.650785      0.8373200    
  6.665718      0.8379921    
  6.680651      0.8390186    
  6.695584      0.8397259    
  6.710516      0.8407239    
  6.725450      0.8417057    
  6.740382      0.8423778    
  6.755314      0.8434760    
  6.770247      0.8441508    
  6.785180      0.8450813    
  6.800113      0.8460834    
  6.815045      0.8467528    
  6.829978      0.8476657    
  6.844911      0.8482999    
  6.859843      0.8492182    
  6.874776      0.8502135    
  6.889709      0.8509073    
  6.904642      0.8518323    
  6.919574      0.8524666    
  6.934507      0.8534417    
  6.949440      0.8543586    
  6.964372      0.8549793    
  6.979305      0.8559327    
  6.994237      0.8568320    
  7.009171      0.8574176    
  7.024103      0.8583629    
  7.039036      0.8589579    
  7.053969      0.8598884    
  7.068901      0.8607877    
  7.083834      0.8613611    
  7.098767      0.8622239    
  7.113700      0.8628244    
  7.128632      0.8636561    
  7.143565      0.8645270    
  7.158498      0.8651221    
  7.173430      0.8659795    
  7.188363      0.8665637    
  7.203296      0.8674658    
  7.218229      0.8683556    
  7.233161      0.8688858    
  7.248094      0.8697242    
  7.263027      0.8702746    
  7.277959      0.8710793    
  7.292892      0.8719001    
  7.307825      0.8725168    
  7.322758      0.8733160    
  7.337690      0.8738272    
  7.352623      0.8745764    
  7.367556      0.8752689    
  7.382488      0.8758112    
  7.397421      0.8765604    
  7.412354      0.8773042    
  7.427287      0.8777856    
  7.442219      0.8785781    
  7.457151      0.8791394    
  7.472085      0.8799238    
  7.487017      0.8806662    
  7.501950      0.8811504    
  7.516882      0.8818861    
  7.531816      0.8823189    
  7.546748      0.8830329    
  7.561680      0.8838295    
  7.576613      0.8843177    
  7.591546      0.8850331    
  7.606479      0.8855822    
  7.621411      0.8863111    
  7.636344      0.8869941    
  7.651277      0.8874931    
  7.666210      0.8881936    
  7.681143      0.8886697    
  7.696075      0.8894081    
  7.711008      0.8901005    
  7.725941      0.8905643    
  7.740874      0.8913108    
  7.755806      0.8917950    
  7.770739      0.8924915    
  7.785672      0.8931487    
  7.800604      0.8936126    
  7.815537      0.8942590    
  7.830470      0.8946944    
  7.845403      0.8953841    
  7.860335      0.8961090    
  7.875268      0.8965566    
  7.890201      0.8972058    
  7.905133      0.8978373    
  7.920066      0.8982052    
  7.934999      0.8988503    
  7.949932      0.8992438    
  7.964864      0.8998957    
  7.979796      0.9005232    
  7.994730      0.9009546    
  8.009662      0.9015781    
  8.024595      0.9019567    
  8.039528      0.9026072    
  8.054460      0.9031765    
  8.069393      0.9035850    
  8.084326      0.9041367    
  8.099258      0.9045221    
  8.114191      0.9051023    
  8.129124      0.9057204    
  8.144056      0.9061112    
  8.158989      0.9066697    
  8.173922      0.9070416    
  8.188854      0.9076285    
  8.203788      0.9082128    
  8.218719      0.9085874    
  8.233653      0.9091324    
  8.248586      0.9094868    
  8.263518      0.9100399    
  8.278451      0.9105822    
  8.293384      0.9109460    
  8.308316      0.9114693    
  8.323249      0.9118399    
  8.338182      0.9123362    
  8.353114      0.9129205    
  8.368047      0.9132870    
  8.382980      0.9138442    
  8.397912      0.9143337    
  8.412846      0.9146394    
  8.427778      0.9151816    
  8.442711      0.9155238    
  8.457644      0.9160525    
  8.472576      0.9165596    
  8.487509      0.9168964    
  8.502441      0.9174076    
  8.517374      0.9177294    
  8.532307      0.9181933    
  8.547240      0.9187031    
  8.562172      0.9190345    
  8.577105      0.9195159    
  8.592038      0.9198675    
  8.606971      0.9203679    
  8.621903      0.9208966    
  8.636836      0.9212171    
  8.651769      0.9216891    
  8.666701      0.9220245    
  8.681634      0.9224992    
  8.696567      0.9229238    
  8.711499      0.9232024    
  8.726433      0.9236135    
  8.741364      0.9239408    
  8.756298      0.9243844    
  8.771231      0.9248482    
  8.786162      0.9251687    
  8.801096      0.9256272    
  8.816029      0.9259260    
  8.830961      0.9263169    
  8.845894      0.9267821    
  8.860826      0.9270647    
  8.875759      0.9274758    
  8.890692      0.9279018    
  8.905625      0.9281980    
  8.920557      0.9286497    
  8.935491      0.9289309    
  8.950423      0.9293705    
  8.965355      0.9298073    
  8.980289      0.9300494    
  8.995221      0.9304699    
  9.010154      0.9307580    
  9.025086      0.9311610    
  9.040019      0.9315586    
  9.054952      0.9318047    
  9.069884      0.9321874    
  9.084817      0.9324295    
  9.099750      0.9328325    
  9.114683      0.9331881    
  9.129615      0.9334167    
  9.144548      0.9338535    
  9.159481      0.9341145    
  9.174413      0.9345216    
  9.189346      0.9349354    
  9.204279      0.9351923    
  9.219212      0.9355561    
  9.234144      0.9358307    
  9.249078      0.9361836    
  9.264009      0.9365312    
  9.278942      0.9367922    
  9.293876      0.9372033    
  9.308807      0.9374589    
  9.323741      0.9377997    
  9.338674      0.9381810    
  9.353606      0.9384596    
  9.368539      0.9388383    
  9.383471      0.9392021    
  9.398404      0.9394590    
  9.413337      0.9397525    
  9.428269      0.9399770    
  9.443202      0.9402962    
  9.458136      0.9406261    
  9.473067      0.9408425    
  9.488000      0.9412117    
  9.502934      0.9414632    
  9.517866      0.9417865    
  9.532799      0.9421192    
  9.547731      0.9423288    
  9.562664      0.9426845    
  9.577597      0.9428860    
  9.592529      0.9432241    
  9.607462      0.9435622    
  9.622395      0.9437515    
  9.637328      0.9440963    
  9.652260      0.9443316    
  9.667192      0.9446725    
  9.682126      0.9449767    
  9.697058      0.9451918    
  9.711991      0.9454920    
  9.726924      0.9456813    
  9.741857      0.9460384    
  9.756789      0.9463467    
  9.771722      0.9465482    
  9.786654      0.9468579    
  9.801587      0.9471798    
  9.816520      0.9473867    
  9.831452      0.9476977    
  9.846386      0.9478870    
  9.861319      0.9482062    
  9.876250      0.9485037    
  9.891184      0.9486755    
  9.906116      0.9489622    
  9.921049      0.9491326    
  9.935982      0.9494017    
  9.950914      0.9497114    
  9.965847      0.9498967    
  9.980780      0.9501915    
  9.995712      0.9503767    
  10.01064      0.9506729    
  10.02558      0.9509353    
  10.04051      0.9511192    
  10.05544      0.9514059    
  10.07038      0.9515507    
  10.08531      0.9518157    
  10.10024      0.9521133    
  10.11517      0.9523013    
  10.13011      0.9525961    
  10.14504      0.9527773    
  10.15997      0.9530518    
  10.17490      0.9533007    
  10.18984      0.9534805    
  10.20477      0.9537172    
  10.21970      0.9538998    
  10.23464      0.9541581    
  10.24957      0.9544165    
  10.26450      0.9545977    
  10.27943      0.9548627    
  10.29437      0.9551346    
  10.30930      0.9552684    
  10.32423      0.9555200    
  10.33916      0.9556606    
  10.35410      0.9558865    
  10.36903      0.9560988    
  10.38396      0.9562706    
  10.39890      0.9564897    
  10.41383      0.9566655    
  10.42876      0.9569022    
  10.44369      0.9571402    
  10.45863      0.9572985    
  10.47356      0.9575216    
  10.48849      0.9577056    
  10.50342      0.9579395    
  10.51836      0.9581762    
  10.53329      0.9583520    
  10.54822      0.9585792    
  10.56316      0.9587321    
  10.57809      0.9589552    
  10.59302      0.9591459    
  10.60795      0.9592757    
  10.62289      0.9595056    
  10.63782      0.9596679    
  10.65275      0.9598789    
  10.66768      0.9601182    
  10.68262      0.9602846    
  10.69755      0.9605050    
  10.71248      0.9606443    
  10.72742      0.9608526    
  10.74235      0.9610893    
  10.75728      0.9612218    
  10.77221      0.9614314    
  10.78715      0.9616289    
  10.80208      0.9617790    
  10.81701      0.9619846    
  10.83194      0.9621171    
  10.84688      0.9623146    
  10.86181      0.9625148    
  10.87674      0.9626229    
  10.89167      0.9628393    
  10.90661      0.9629719    
  10.92154      0.9631855    
  10.93647      0.9633762    
  10.95141      0.9635101    
  10.96634      0.9637197    
  10.98127      0.9638563    
  10.99620      0.9640524    
  11.01114      0.9642147    
  11.02607      0.9643257    
  11.04100      0.9644947    
  11.05593      0.9646218    
  11.07087      0.9648315    
  11.08580      0.9650357    
  11.10073      0.9651777    
  11.11567      0.9653413    
  11.13060      0.9654968    
  11.14553      0.9656875    
  11.16046      0.9658809    
  11.17540      0.9659985    
  11.19033      0.9661797    
  11.20526      0.9663041    
  11.22019      0.9664975    
  11.23513      0.9666950    
  11.25006      0.9668005    
  11.26499      0.9669804    
  11.27993      0.9671359    
  11.29486      0.9672441    
  11.30979      0.9674159    
  11.32472      0.9675443    
  11.33966      0.9677147    
  11.35459      0.9678716    
  11.36952      0.9679757    
  11.38445      0.9681407    
  11.39939      0.9682462    
  11.41432      0.9683990    
  11.42925      0.9685749    
  11.44419      0.9687020    
  11.45912      0.9688480    
  11.47405      0.9689698    
  11.48898      0.9691293    
  11.50392      0.9692957    
  11.51885      0.9694107    
  11.53378      0.9695851    
  11.54871      0.9697001    
  11.56365      0.9698719    
  11.57858      0.9700247    
  11.59351      0.9701302    
  11.60845      0.9702695    
  11.62338      0.9703845    
  11.63831      0.9705184    
  11.65324      0.9706509    
  11.66818      0.9707605    
  11.68311      0.9709133    
  11.69804      0.9710147    
  11.71297      0.9711906    
  11.72791      0.9713731    
  11.74284      0.9714543    
  11.75777      0.9716247    
  11.77271      0.9717613    
  11.78764      0.9718587    
  11.80257      0.9720237    
  11.81750      0.9721116    
  11.83244      0.9722549    
  11.84737      0.9724267    
  11.86230      0.9725552    
  11.87723      0.9727175    
  11.89217      0.9728013    
  11.90710      0.9729352    
  11.92203      0.9730894    
  11.93696      0.9731922    
  11.95190      0.9733206    
  11.96683      0.9734166    
  11.98176      0.9735586    
  11.99670      0.9737046    
  12.01163      0.9738156    
  12.02656      0.9739494    
  12.04149      0.9740644    
  12.05643      0.9742091    
  12.07136      0.9743471    
  12.08629      0.9744188    
  12.10122      0.9745337    
  12.11616      0.9746122    
  12.13109      0.9747460    
  12.14602      0.9748542    
  12.16096      0.9749476    
  12.17589      0.9750693    
  12.19082      0.9751977    
  12.20575      0.9752653    
  12.22069      0.9754073    
  12.23562      0.9754803    
  12.25055      0.9755926    
  12.26548      0.9757048    
  12.28042      0.9758008    
  12.29535      0.9759374    
  12.31028      0.9760132    
  12.32522      0.9761376    
  12.34015      0.9762864    
  12.35508      0.9763539    
  12.37001      0.9764919    
  12.38495      0.9765730    
  12.39988      0.9767109    
  12.41481      0.9768569    
  12.42974      0.9769449    
  12.44468      0.9770558    
  12.45961      0.9771315    
  12.47454      0.9772425    
  12.48948      0.9773615    
  12.50441      0.9774359    
  12.51934      0.9775441    
  12.53427      0.9776225    
  12.54921      0.9777172    
  12.56414      0.9778416    
  12.57907      0.9779091    
  12.59400      0.9780160    
  12.60894      0.9780795    
  12.62387      0.9782215    
  12.63880      0.9783486    
  12.65373      0.9784325    
  12.66867      0.9785447    
  12.68360      0.9786556    
  12.69853      0.9787151    
  12.71347      0.9788179    
  12.72840      0.9788828    
  12.74333      0.9789991    
  12.75826      0.9790965    
  12.77320      0.9791844    
  12.78813      0.9792845    
  12.80306      0.9793575    
  12.81800      0.9794806    
  12.83293      0.9795712    
  12.84786      0.9796361    
  12.86279      0.9797307    
  12.87773      0.9798051    
  12.89266      0.9799228    
  12.90759      0.9800188    
  12.92252      0.9800891    
  12.93746      0.9801959    
  12.95239      0.9802703    
  12.96732      0.9803799    
  12.98225      0.9804813    
  12.99719      0.9805408    
  13.01212      0.9806382    
  13.02705      0.9807004    
  13.04199      0.9807762    
  13.05692      0.9808925    
  13.07185      0.9809628    
  13.08678      0.9810575    
  13.10172      0.9811278    
  13.11665      0.9812062    
  13.13158      0.9813144    
  13.14651      0.9813753    
  13.16145      0.9814767    
  13.17638      0.9815890    
  13.19131      0.9816525    
  13.20624      0.9817566    
  13.22118      0.9818148    
  13.23611      0.9819189    
  13.25104      0.9819933    
  13.26598      0.9820461    
  13.28091      0.9821326    
  13.29584      0.9821948    
  13.31077      0.9822638    
  13.32571      0.9823558    
  13.34064      0.9824112    
  13.35557      0.9824896    
  13.37051      0.9825464    
  13.38544      0.9826235    
  13.40037      0.9827141    
  13.41530      0.9827682    
  13.43023      0.9828616    
  13.44517      0.9829170    
  13.46010      0.9830076    
  13.47503      0.9830955    
  13.48997      0.9831510    
  13.50490      0.9832227    
  13.51983      0.9832686    
  13.53477      0.9833578    
  13.54970      0.9834363    
  13.56463      0.9834877    
  13.57956      0.9835688    
  13.59450      0.9836242    
  13.60943      0.9837108    
  13.62436      0.9837933    
  13.63929      0.9838365    
  13.65423      0.9839244    
  13.66916      0.9840043    
  13.68409      0.9840516    
  13.69902      0.9841408    
  13.71396      0.9841990    
  13.72889      0.9842882    
  13.74382      0.9843531    
  13.75876      0.9844099    
  13.77369      0.9844884    
  13.78862      0.9845330    
  13.80355      0.9846141    
  13.81849      0.9847075    
  13.83342      0.9847670    
  13.84835      0.9848400    
  13.86329      0.9848819    
  13.87822      0.9849576    
  13.89315      0.9850293    
  13.90808      0.9850807    
  13.92301      0.9851632    
  13.93795      0.9852254    
  13.95288      0.9853120    
  13.96781      0.9853850    
  13.98275      0.9854310    
  13.99768      0.9854999    
  14.01261      0.9855527    
  14.02754      0.9856365    
  14.04248      0.9857069    
  14.05741      0.9857582    
  14.07234      0.9858232    
  14.08728      0.9858786    
  14.10221      0.9859435    
  14.11714      0.9860044    
  14.13207      0.9860476    
  14.14701      0.9861206    
  14.16194      0.9861720    
  14.17687      0.9862153    
  14.19180      0.9862802    
  14.20674      0.9863316    
  14.22167      0.9864114    
  14.23660      0.9864736    
  14.25153      0.9865196    
  14.26647      0.9865859    
  14.28140      0.9866305    
  14.29633      0.9866995    
  14.31127      0.9867671    
  14.32620      0.9868008    
  14.34113      0.9868631    
  14.35606      0.9869009    
  14.37100      0.9869713    
  14.38593      0.9870240    
  14.40086      0.9870578    
  14.41579      0.9871241    
  14.43073      0.9871768    
  14.44566      0.9872485    
  14.46059      0.9873094    
  14.47552      0.9873608    
  14.49046      0.9874297    
  14.50539      0.9874622    
  14.52032      0.9875122    
  14.53526      0.9875636    
  14.55019      0.9876069    
  14.56512      0.9876623    
  14.58006      0.9877151    
  14.59499      0.9877543    
  14.60992      0.9878097    
  14.62485      0.9878476    
  14.63979      0.9879098    
  14.65472      0.9879774    
  14.66965      0.9880180    
  14.68458      0.9880869    
  14.69952      0.9881262    
  14.71445      0.9881897    
  14.72938      0.9882587    
  14.74431      0.9882993    
  14.75925      0.9883615    
  14.77418      0.9883912    
  14.78911      0.9884480    
  14.80404      0.9884886    
  14.81898      0.9885414    
  14.83391      0.9885820    
  14.84884      0.9886158    
  14.86378      0.9886780    
  14.87871      0.9887321    
  14.89364      0.9887659    
  14.90857      0.9888457    
  14.92351      0.9888836    
  14.93844      0.9889363    
  14.95337      0.9890066    
  14.96830      0.9890391    
  14.98324      0.9890959    
  14.99817      0.9891311    
  15.01310      0.9891974    
  15.02804      0.9892433    
  15.04297      0.9892704    
  15.05790      0.9893353    
  15.07283      0.9893907    
  15.08777      0.9894205    
  15.10270      0.9894827    
  15.11763      0.9895205    
  15.13257      0.9895760    
  15.14750      0.9896206    
  15.16243      0.9896544    
  15.17736      0.9897044    
  15.19230      0.9897369    
  15.20723      0.9897748    
  15.22216      0.9898126    
  15.23709      0.9898356    
  15.25203      0.9898722    
  15.26696      0.9899019    
  15.28189      0.9899371    
  15.29682      0.9899912    
  15.31176      0.9900290    
  15.32669      0.9900723    
  15.34162      0.9901007    
  15.35656      0.9901426    
  15.37149      0.9901872    
  15.38642      0.9902319    
  15.40135      0.9902778    
  15.41629      0.9903076    
  15.43122      0.9903468    
  15.44615      0.9903955    
  15.46108      0.9904307    
  15.47602      0.9904726    
  15.49095      0.9905131    
  15.50588      0.9905686    
  15.52081      0.9906105    
  15.53575      0.9906497    
  15.55068      0.9906862    
  15.56561      0.9907281    
  15.58055      0.9907619    
  15.59548      0.9908119    
  15.61041      0.9908255    
  15.62534      0.9908580    
  15.64028      0.9908985    
  15.65521      0.9909175    
  15.67014      0.9909621    
  15.68508      0.9909919    
  15.70001      0.9910460    
  15.71494      0.9910866    
  15.72987      0.9911137    
  15.74481      0.9911515    
  15.75974      0.9911813    
  15.77467      0.9912096    
  15.78960      0.9912610    
  15.80454      0.9912907    
  15.81947      0.9913381    
  15.83440      0.9913706    
  15.84933      0.9914165    
  15.86427      0.9914652    
  15.87920      0.9914936    
  15.89413      0.9915314    
  15.90907      0.9915693    
  15.92400      0.9916112    
  15.93893      0.9916490    
  15.95386      0.9916774    
  15.96880      0.9917207    
  15.98373      0.9917504    
  15.99866      0.9917815    
  16.01359      0.9918275    
  16.02853      0.9918667    
  16.04346      0.9919032    
  16.05839      0.9919451    
  16.07333      0.9919682    
  16.08826      0.9920236    
  16.10319      0.9920614    
  16.11812      0.9921182    
  16.13306      0.9921575    
  16.14799      0.9921777    
  16.16292      0.9922143    
  16.17785      0.9922535    
  16.19279      0.9922873    
  16.20772      0.9923170    
  16.22265      0.9923576    
  16.23759      0.9923779    
  16.25252      0.9924009    
  16.26745      0.9924266    
  16.28238      0.9924658    
  16.29732      0.9924874    
  16.31225      0.9925253    
  16.32718      0.9925483    
  16.34211      0.9925848    
  16.35705      0.9926389    
  16.37198      0.9926660    
  16.38691      0.9926917    
  16.40185      0.9927133    
  16.41678      0.9927471    
  16.43171      0.9927850    
  16.44664      0.9928093    
  16.46158      0.9928431    
  16.47651      0.9928783    
  16.49144      0.9928999    
  16.50637      0.9929337    
  16.52131      0.9929702    
  16.53624      0.9930108    
  16.55117      0.9930392    
  16.56610      0.9930744    
  16.58104      0.9931122    
  16.59597      0.9931393    
  16.61090      0.9931839    
  16.62584      0.9932204    
  16.64077      0.9932516    
  16.65570      0.9932786    
  16.67064      0.9932976    
  16.68557      0.9933287    
  16.70050      0.9933639    
  16.71543      0.9933814    
  16.73036      0.9934098    
  16.74530      0.9934274    
  16.76023      0.9934626    
  16.77516      0.9935018    
  16.79009      0.9935343    
  16.80503      0.9935721    
  16.81996      0.9935938    
  16.83489      0.9936235    
  16.84983      0.9936587    
  16.86476      0.9936789    
  16.87969      0.9937168    
  16.89462      0.9937479    
  16.90956      0.9937925    
  16.92449      0.9938304    
  16.93942      0.9938561    
  16.95436      0.9938886    
  16.96929      0.9939224    
  16.98422      0.9939359    
  16.99915      0.9939697    
  17.01409      0.9939846    
  17.02902      0.9940130    
  17.04395      0.9940549    
  17.05888      0.9940765    
  17.07382      0.9941036    
  17.08875      0.9941211    
  17.10368      0.9941590    
  17.11862      0.9941806    
  17.13355      0.9941996    
  17.14848      0.9942307    
  17.16341      0.9942442    
  17.17835      0.9942685    
  17.19328      0.9942888    
  17.20821      0.9943037    
  17.22314      0.9943362    
  17.23808      0.9943538    
  17.25301      0.9943795    
  17.26794      0.9944038    
  17.28288      0.9944268    
  17.29781      0.9944593    
  17.31274      0.9944782    
  17.32767      0.9945039    
  17.34261      0.9945431    
  17.35754      0.9945661    
  17.37247      0.9945864    
  17.38740      0.9946040    
  17.40234      0.9946351    
  17.41727      0.9946567    
  17.43220      0.9946730    
  17.44714      0.9946919    
  17.46207      0.9947244    
  17.47700      0.9947379    
  17.49193      0.9947555    
  17.50687      0.9947650    
  17.52180      0.9947880    
  17.53673      0.9948096    
  17.55166      0.9948191    
  17.56660      0.9948462    
  17.58153      0.9948597    
  17.59646      0.9948800    
  17.61139      0.9949138    
  17.62633      0.9949259    
  17.64126      0.9949476    
  17.65619      0.9949597    
  17.67113      0.9949827    
  17.68606      0.9950030    
  17.70099      0.9950179    
  17.71592      0.9950422    
  17.73086      0.9950598    
  17.74579      0.9950787    
  17.76072      0.9951112    
  17.77565      0.9951180    
  17.79059      0.9951463    
  17.80552      0.9951612    
  17.82045      0.9951842    
  17.83538      0.9952113    
  17.85032      0.9952303    
  17.86525      0.9952533    
  17.88018      0.9952695    
  17.89512      0.9952978    
  17.91005      0.9953222    
  17.92498      0.9953424    
  17.93991      0.9953573    
  17.95485      0.9953790    
  17.96978      0.9953939    
  17.98471      0.9954182    
  17.99965      0.9954344    
  18.01458      0.9954520    
  18.02951      0.9954750    
  18.04444      0.9954912    
  18.05938      0.9955142    
  18.07431      0.9955304    
  18.08924      0.9955561    
  18.10417      0.9955751    
  18.11911      0.9956076    
  18.13404      0.9956278    
  18.14897      0.9956440    
  18.16390      0.9956697    
  18.17884      0.9956914    
  18.19377      0.9957049    
  18.20870      0.9957252    
  18.22364      0.9957482    
  18.23857      0.9957712    
  18.25350      0.9957847    
  18.26843      0.9958050    
  18.28337      0.9958280    
  18.29830      0.9958415    
  18.31323      0.9958591    
  18.32817      0.9958807    
  18.34310      0.9959010    
  18.35803      0.9959348    
  18.37296      0.9959469    
  18.38790      0.9959807    
  18.40283      0.9960078    
  18.41776      0.9960159    
  18.43269      0.9960362    
  18.44763      0.9960592    
  18.46256      0.9960822    
  18.47749      0.9961011    
  18.49243      0.9961241    
  18.50736      0.9961444    
  18.52229      0.9961620    
  18.53722      0.9961755    
  18.55215      0.9962121    
  18.56709      0.9962229    
  18.58202      0.9962500    
  18.59695      0.9962716    
  18.61189      0.9962851    
  18.62682      0.9963068    
  18.64175      0.9963189    
  18.65668      0.9963379    
  18.67162      0.9963582    
  18.68655      0.9963676    
  18.70148      0.9963893    
  18.71642      0.9963974    
  18.73135      0.9964244    
  18.74628      0.9964488    
  18.76121      0.9964623    
  18.77615      0.9964880    
  18.79108      0.9964988    
  18.80601      0.9965191    
  18.82094      0.9965434    
  18.83588      0.9965569    
  18.85081      0.9965786    
  18.86574      0.9966097    
  18.88067      0.9966164    
  18.89561      0.9966300    
  18.91054      0.9966394    
  18.92547      0.9966665    
  18.94041      0.9966841    
  18.95534      0.9966962    
  18.97027      0.9967233    
  18.98520      0.9967395    
  19.00014      0.9967557    
  19.01507      0.9967747    
  19.03000      0.9967828    
  19.04493      0.9968058    
  19.05987      0.9968085    
  19.07480      0.9968315    
  19.08973      0.9968436    
  19.10467      0.9968585    
  19.11960      0.9968802    
  19.13453      0.9968937    
  19.14946      0.9969099    
  19.16440      0.9969221    
  19.17933      0.9969329    
  19.19426      0.9969451    
  19.20919      0.9969572    
  19.22413      0.9969829    
  19.23906      0.9969965    
  19.25399      0.9970100    
  19.26893      0.9970249    
  19.28386      0.9970357    
  19.29879      0.9970479    
  19.31372      0.9970709    
  19.32866      0.9970844    
  19.34359      0.9970993    
  19.35852      0.9971115    
  19.37346      0.9971250    
  19.38839      0.9971493    
  19.40332      0.9971588    
  19.41825      0.9971724    
  19.43319      0.9971899    
  19.44812      0.9972008    
  19.46305      0.9972157    
  19.47798      0.9972292    
  19.49292      0.9972441    
  19.50785      0.9972671    
  19.52278      0.9972847    
  19.53771      0.9972942    
  19.55265      0.9973023    
  19.56758      0.9973145    
  19.58251      0.9973294    
  19.59744      0.9973402    
  19.61238      0.9973632    
  19.62731      0.9973673    
  19.64224      0.9973822    
  19.65718      0.9973957    
  19.67211      0.9974024    
  19.68704      0.9974214    
  19.70197      0.9974363    
  19.71691      0.9974566    
  19.73184      0.9974768    
  19.74677      0.9974917    
  19.76171      0.9975079    
  19.77664      0.9975160    
  19.79157      0.9975309    
  19.80650      0.9975485    
  19.82144      0.9975594    
  19.83637      0.9975770    
  19.85130      0.9975932    
  19.86623      0.9976026    
  19.88117      0.9976107    
  19.89610      0.9976175    
  19.91103      0.9976337    
  19.92596      0.9976499    
  19.94090      0.9976594    
  19.95583      0.9976675    
  19.97076      0.9976756    
  19.98569      0.9976918    
  20.00063      0.9977053    
  20.01556      0.9977175    
  20.03049      0.9977337    
  20.04543      0.9977404    
  20.06036      0.9977540    
  20.07529      0.9977742    
  20.09022      0.9977783    
  20.10516      0.9977850    
  20.12009      0.9978012    
  20.13502      0.9978215    
  20.14996      0.9978337    
  20.16489      0.9978404    
  20.17982      0.9978471    
  20.19475      0.9978593    
  20.20969      0.9978742    
  20.22462      0.9978904    
  20.23955      0.9978945    
  20.25448      0.9979080    
  20.26942      0.9979229    
  20.28435      0.9979310    
  20.29928      0.9979364    
  20.31422      0.9979405    
  20.32915      0.9979567    
  20.34408      0.9979702    
  20.35901      0.9979838    
  20.37395      0.9979946    
  20.38888      0.9979960    
  20.40381      0.9980054    
  20.41875      0.9980285    
  20.43368      0.9980339    
  20.44861      0.9980406    
  20.46354      0.9980487    
  20.47848      0.9980568    
  20.49341      0.9980704    
  20.50834      0.9980785    
  20.52327      0.9980920    
  20.53821      0.9981069    
  20.55314      0.9981285    
  20.56807      0.9981366    
  20.58300      0.9981502    
  20.59794      0.9981637    
  20.61287      0.9981691    
  20.62780      0.9981934    
  20.64273      0.9982070    
  20.65767      0.9982110    
  20.67260      0.9982219    
  20.68753      0.9982314    
  20.70247      0.9982435    
  20.71740      0.9982597    
  20.73233      0.9982624    
  20.74726      0.9982719    
  20.76220      0.9982773    
  20.77713      0.9982908    
  20.79206      0.9983057    
  20.80700      0.9983125    
  20.82193      0.9983260    
  20.83686      0.9983409    
  20.85179      0.9983476    
  20.86672      0.9983585    
  20.88166      0.9983599    
  20.89659      0.9983774    
  20.91152      0.9983815    
  20.92646      0.9983937    
  20.94139      0.9984031    
  20.95632      0.9984140    
  20.97125      0.9984248    
  20.98619      0.9984357    
  21.00112      0.9984478    
  21.01605      0.9984559    
  21.03098      0.9984627    
  21.04592      0.9984748    
  21.06085      0.9984870    
  21.07578      0.9984937    
  21.09072      0.9985018    
  21.10565      0.9985086    
  21.12058      0.9985235    
  21.13551      0.9985330    
  21.15045      0.9985411    
  21.16538      0.9985492    
  21.18031      0.9985613    
  21.19525      0.9985749    
  21.21018      0.9985857    
  21.22511      0.9985884    
  21.24004      0.9986019    
  21.25498      0.9986141    
  21.26991      0.9986195    
  21.28484      0.9986276    
  21.29977      0.9986343    
  21.31471      0.9986411    
  21.32964      0.9986465    
  21.34457      0.9986560    
  21.35950      0.9986627    
  21.37444      0.9986708    
  21.38937      0.9986830    
  21.40430      0.9986979    
  21.41924      0.9987060    
  21.43417      0.9987114    
  21.44910      0.9987181    
  21.46403      0.9987276    
  21.47897      0.9987438    
  21.49390      0.9987506    
  21.50883      0.9987560    
  21.52377      0.9987600    
  21.53870      0.9987682    
  21.55363      0.9987831    
  21.56856      0.9987885    
  21.58350      0.9988006    
  21.59843      0.9988087    
  21.61336      0.9988168    
  21.62829      0.9988263    
  21.64322      0.9988277    
  21.65816      0.9988426    
  21.67309      0.9988467    
  21.68802      0.9988534    
  21.70296      0.9988601    
  21.71789      0.9988615    
  21.73282      0.9988723    
  21.74776      0.9988778    
  21.76269      0.9988859    
  21.77762      0.9988953    
  21.79255      0.9989075    
  21.80749      0.9989129    
  21.82242      0.9989210    
  21.83735      0.9989265    
  21.85228      0.9989373    
  21.86722      0.9989427    
  21.88215      0.9989563    
  21.89708      0.9989671    
  21.91201      0.9989752    
  21.92695      0.9989793    
  21.94188      0.9989874    
  21.95681      0.9989982    
  21.97175      0.9990077    
  21.98668      0.9990185    
  22.00161      0.9990253    
  22.01654      0.9990307    
  22.03148      0.9990388    
  22.04641      0.9990456    
  22.06134      0.9990496    
  22.07627      0.9990510    
  22.09121      0.9990631    
  22.10614      0.9990753    
  22.12107      0.9990820    
  22.13601      0.9990901    
  22.15094      0.9990982    
  22.16587      0.9991050    
  22.18080      0.9991145    
  22.19574      0.9991212    
  22.21067      0.9991266    
  22.22560      0.9991320    
  22.24053      0.9991361    
  22.25547      0.9991415    
  22.27040      0.9991577    
  22.28533      0.9991658    
  22.30027      0.9991699    
  22.31520      0.9991834    
  22.33013      0.9991848    
  22.34506      0.9991969    
  22.36000      0.9992010    
  22.37493      0.9992051    
  22.38986      0.9992159    
  22.40479      0.9992254    
  22.41973      0.9992254    
  22.43466      0.9992308    
  22.44959      0.9992389    
  22.46453      0.9992443    
  22.47946      0.9992511    
  22.49439      0.9992551    
  22.50932      0.9992565    
  22.52426      0.9992673    
  22.53919      0.9992714    
  22.55412      0.9992754    
  22.56906      0.9992795    
  22.58399      0.9992809    
  22.59892      0.9992863    
  22.61385      0.9992877    
  22.62879      0.9992917    
  22.64372      0.9992985    
  22.65865      0.9992985    
  22.67358      0.9993011    
  22.68851      0.9993092    
  22.70345      0.9993106    
  22.71838      0.9993147    
  22.73331      0.9993201    
  22.74825      0.9993228    
  22.76318      0.9993255    
  22.77811      0.9993268    
  22.79305      0.9993309    
  22.80798      0.9993336    
  22.82291      0.9993376    
  22.83784      0.9993417    
  22.85278      0.9993430    
  22.86771      0.9993471    
  22.88264      0.9993525    
  22.89757      0.9993552    
  22.91251      0.9993552    
  22.92744      0.9993579    
  22.94237      0.9993593    
  22.95730      0.9993619    
  22.97224      0.9993646    
  22.98717      0.9993727    
  23.00210      0.9993768    
  23.01704      0.9993795    
  23.03197      0.9993849    
  23.04690      0.9993863    
  23.06183      0.9993903    
  23.07677      0.9993944    
  23.09170      0.9993970    
  23.10663      0.9994025    
  23.12156      0.9994051    
  23.13650      0.9994078    
  23.15143      0.9994133    
  23.16636      0.9994173    
  23.18130      0.9994187    
  23.19623      0.9994187    
  23.21116      0.9994308    
  23.22609      0.9994349    
  23.24103      0.9994363    
  23.25596      0.9994417    
  23.27089      0.9994417    
  23.28582      0.9994444    
  23.30076      0.9994444    
  23.31569      0.9994484    
  23.33062      0.9994484    
  23.34556      0.9994525    
  23.36049      0.9994552    
  23.37542      0.9994606    
  23.39035      0.9994619    
  23.40529      0.9994701    
  23.42022      0.9994714    
  23.43515      0.9994741    
  23.45008      0.9994782    
  23.46502      0.9994808    
  23.47995      0.9994808    
  23.49488      0.9994849    
  23.50982      0.9994876    
  23.52475      0.9994930    
  23.53968      0.9994930    
  23.55461      0.9994997    
  23.56955      0.9995011    
  23.58448      0.9995038    
  23.59941      0.9995078    
  23.61435      0.9995092    
  23.62928      0.9995106    
  23.64421      0.9995187    
  23.65914      0.9995214    
  23.67407      0.9995227    
  23.68901      0.9995282    
  23.70394      0.9995295    
  23.71887      0.9995350    
  23.73381      0.9995350    
  23.74874      0.9995404    
  23.76367      0.9995418    
  23.77860      0.9995431    
  23.79354      0.9995472    
  23.80847      0.9995472    
  23.82340      0.9995472    
  23.83834      0.9995499    
  23.85327      0.9995512    
  23.86820      0.9995539    
  23.88313      0.9995566    
  23.89807      0.9995593    
  23.91300      0.9995620    
  23.92793      0.9995646    
  23.94286      0.9995687    
  23.95780      0.9995687    
  23.97273      0.9995714    
  23.98766      0.9995714    
  24.00260      0.9995728    
  24.01753      0.9995768    
  24.03246      0.9995795    
  24.04739      0.9995849    
  24.06232      0.9995876    
  24.07726      0.9995876    
  24.09219      0.9995930    
  24.10712      0.9995957    
  24.12206      0.9995957    
  24.13699      0.9995971    
  24.15192      0.9995984    
  24.16685      0.9996011    
  24.18179      0.9996011    
  24.19672      0.9996025    
  24.21165      0.9996052    
  24.22659      0.9996079    
  24.24152      0.9996133    
  24.25645      0.9996147    
  24.27138      0.9996160    
  24.28632      0.9996160    
  24.30125      0.9996174    
  24.31618      0.9996201    
  24.33111      0.9996201    
  24.34605      0.9996241    
  24.36098      0.9996268    
  24.37591      0.9996309    
  24.39084      0.9996336    
  24.40578      0.9996349    
  24.42071      0.9996363    
  24.43564      0.9996390    
  24.45058      0.9996444    
  24.46551      0.9996444    
  24.48044      0.9996471    
  24.49537      0.9996511    
  24.51031      0.9996511    
  24.52524      0.9996525    
  24.54017      0.9996552    
  24.55511      0.9996579    
  24.57004      0.9996579    
  24.58497      0.9996579    
  24.59990      0.9996592    
  24.61483      0.9996619    
  24.62977      0.9996660    
  24.64470      0.9996687    
  24.65963      0.9996741    
  24.67457      0.9996755    
  24.68950      0.9996809    
  24.70443      0.9996849    
  24.71937      0.9996863    
  24.73430      0.9996863    
  24.74923      0.9996863    
  24.76416      0.9996877    
  24.77909      0.9996890    
  24.79403      0.9996904    
  24.80896      0.9996931    
  24.82389      0.9996945    
  24.83883      0.9996971    
  24.85376      0.9996971    
  24.86869      0.9996985    
  24.88362      0.9997012    
  24.89856      0.9997039    
  24.91349      0.9997093    
  24.92842      0.9997107    
  24.94336      0.9997120    
  24.95829      0.9997120    
  24.97322      0.9997134    
  24.98816      0.9997134    
  25.00309      0.9997175    
  25.01802      0.9997188    
  25.03295      0.9997188    
  25.04788      0.9997229    
  25.06282      0.9997229    
  25.07775      0.9997270    
  25.09268      0.9997283    
  25.10761      0.9997283    
  25.12255      0.9997310    
  25.13748      0.9997337    
  25.15241      0.9997351    
  25.16735      0.9997364    
  25.18228      0.9997378    
  25.19721      0.9997405    
  25.21214      0.9997405    
  25.22708      0.9997419    
  25.24201      0.9997445    
  25.25694      0.9997459    
  25.27188      0.9997459    
  25.28681      0.9997486    
  25.30174      0.9997500    
  25.31667      0.9997513    
  25.33161      0.9997527    
  25.34654      0.9997568    
  25.36147      0.9997581    
  25.37640      0.9997581    
  25.39134      0.9997608    
  25.40627      0.9997608    
  25.42120      0.9997608    
  25.43614      0.9997608    
  25.45107      0.9997635    
  25.46600      0.9997649    
  25.48093      0.9997649    
  25.49586      0.9997662    
  25.51080      0.9997662    
  25.52573      0.9997676    
  25.54066      0.9997676    
  25.55560      0.9997703    
  25.57053      0.9997703    
  25.58546      0.9997757    
  25.60039      0.9997757    
  25.61533      0.9997811    
  25.63026      0.9997811    
  25.64519      0.9997825    
  25.66013      0.9997825    
  25.67506      0.9997825    
  25.68999      0.9997825    
  25.70492      0.9997852    
  25.71986      0.9997852    
  25.73479      0.9997866    
  25.74972      0.9997892    
  25.76465      0.9997906    
  25.77959      0.9997906    
  25.79452      0.9997920    
  25.80945      0.9997934    
  25.82439      0.9997934    
  25.83932      0.9997934    
  25.85425      0.9997947    
  25.86918      0.9997961    
  25.88412      0.9997975    
  25.89905      0.9998001    
  25.91398      0.9998001    
  25.92892      0.9998028    
  25.94385      0.9998055    
  25.95878      0.9998055    
  25.97371      0.9998082    
  25.98864      0.9998082    
  26.00358      0.9998082    
  26.01851      0.9998082    
  26.03344      0.9998122    
  26.04838      0.9998122    
  26.06331      0.9998136    
  26.07824      0.9998150    
  26.09317      0.9998164    
  26.10811      0.9998190    
  26.12304      0.9998190    
  26.13797      0.9998231    
  26.15290      0.9998231    
  26.16784      0.9998231    
  26.18277      0.9998245    
  26.19770      0.9998285    
  26.21264      0.9998285    
  26.22757      0.9998312    
  26.24250      0.9998326    
  26.25743      0.9998326    
  26.27237      0.9998339    
  26.28730      0.9998353    
  26.30223      0.9998353    
  26.31717      0.9998353    
  26.33210      0.9998380    
  26.34703      0.9998380    
  26.36196      0.9998394    
  26.37690      0.9998394    
  26.39183      0.9998394    
  26.40676      0.9998394    
  26.42169      0.9998407    
  26.43662      0.9998407    
  26.45156      0.9998434    
  26.46649      0.9998434    
  26.48142      0.9998461    
  26.49636      0.9998502    
  26.51129      0.9998502    
  26.52622      0.9998502    
  26.54116      0.9998515    
  26.55609      0.9998542    
  26.57102      0.9998556    
  26.58595      0.9998569    
  26.60089      0.9998583    
  26.61582      0.9998583    
  26.63075      0.9998583    
  26.64569      0.9998583    
  26.66062      0.9998583    
  26.67555      0.9998583    
  26.69048      0.9998597    
  26.70541      0.9998611    
  26.72035      0.9998611    
  26.73528      0.9998637    
  26.75021      0.9998651    
  26.76515      0.9998665    
  26.78008      0.9998679    
  26.79501      0.9998679    
  26.80995      0.9998692    
  26.82488      0.9998706    
  26.83981      0.9998706    
  26.85474      0.9998706    
  26.86967      0.9998706    
  26.88461      0.9998706    
  26.89954      0.9998733    
  26.91447      0.9998733    
  26.92941      0.9998747    
  26.94434      0.9998747    
  26.95927      0.9998760    
  26.97420      0.9998787    
  26.98914      0.9998801    
  27.00407      0.9998814    
  27.01900      0.9998841    
  27.03394      0.9998841    
  27.04887      0.9998855    
  27.06380      0.9998855    
  27.07873      0.9998855    
  27.09367      0.9998869    
  27.10860      0.9998896    
  27.12353      0.9998896    
  27.13846      0.9998922    
  27.15340      0.9998922    
  27.16833      0.9998936    
  27.18326      0.9998990    
  27.19819      0.9999017    
  27.21313      0.9999031    
  27.22806      0.9999045    
  27.24299      0.9999085    
  27.25793      0.9999085    
  27.27286      0.9999112    
  27.28779      0.9999112    
  27.30272      0.9999112    
  27.31766      0.9999126    
  27.33259      0.9999126    
  27.34752      0.9999166    
  27.36245      0.9999193    
  27.37739      0.9999220    
  27.39232      0.9999220    
  27.40725      0.9999247    
  27.42218      0.9999260    
  27.43712      0.9999274    
  27.45205      0.9999301    
  27.46698      0.9999315    
  27.48192      0.9999315    
  27.49685      0.9999315    
  27.51178      0.9999328    
  27.52671      0.9999328    
  27.54165      0.9999369    
  27.55658      0.9999369    
  27.57151      0.9999382    
  27.58644      0.9999396    
  27.60138      0.9999396    
  27.61631      0.9999437    
  27.63124      0.9999437    
  27.64618      0.9999437    
  27.66111      0.9999437    
  27.67604      0.9999437    
  27.69097      0.9999437    
  27.70591      0.9999437    
  27.72084      0.9999437    
  27.73577      0.9999437    
  27.75071      0.9999464    
  27.76564      0.9999477    
  27.78057      0.9999477    
  27.79550      0.9999491    
  27.81043      0.9999491    
  27.82537      0.9999505    
  27.84030      0.9999505    
  27.85523      0.9999505    
  27.87017      0.9999532    
  27.88510      0.9999545    
  27.90003      0.9999559    
  27.91496      0.9999573    
  27.92990      0.9999573    
  27.94483      0.9999573    
  27.95976      0.9999573    
  27.97470      0.9999586    
  27.98963      0.9999586    
  28.00456      0.9999586    
  28.01950      0.9999586    
  28.03443      0.9999586    
  28.04936      0.9999613    
  28.06429      0.9999613    
  28.07922      0.9999613    
  28.09416      0.9999613    
  28.10909      0.9999640    
  28.12402      0.9999640    
  28.13896      0.9999640    
  28.15389      0.9999640    
  28.16882      0.9999640    
  28.18375      0.9999640    
  28.19869      0.9999640    
  28.21362      0.9999640    
  28.22855      0.9999654    
  28.24348      0.9999654    
  28.25842      0.9999654    
  28.27335      0.9999654    
  28.28828      0.9999667    
  28.30322      0.9999667    
  28.31815      0.9999667    
  28.33308      0.9999681    
  28.34801      0.9999681    
  28.36295      0.9999681    
  28.37788      0.9999681    
  28.39281      0.9999681    
  28.40774      0.9999681    
  28.42268      0.9999681    
  28.43761      0.9999681    
  28.45254      0.9999695    
  28.46748      0.9999695    
  28.48241      0.9999695    
  28.49734      0.9999695    
  28.51227      0.9999709    
  28.52720      0.9999722    
  28.54214      0.9999722    
  28.55707      0.9999722    
  28.57200      0.9999722    
  28.58694      0.9999722    
  28.60187      0.9999722    
  28.61680      0.9999722    
  28.63174      0.9999722    
  28.64667      0.9999722    
  28.66160      0.9999722    
  28.67653      0.9999722    
  28.69147      0.9999722    
  28.70640      0.9999722    
  28.72133      0.9999722    
  28.73626      0.9999722    
  28.75120      0.9999722    
  28.76613      0.9999722    
  28.78106      0.9999722    
  28.79599      0.9999722    
  28.81093      0.9999722    
  28.82586      0.9999722    
  28.84079      0.9999722    
  28.85573      0.9999722    
  28.87066      0.9999749    
  28.88559      0.9999749    
  28.90052      0.9999749    
  28.91546      0.9999763    
  28.93039      0.9999763    
  28.94532      0.9999776    
  28.96025      0.9999776    
  28.97519      0.9999790    
  28.99012      0.9999790    
  29.00505      0.9999804    
  29.01998      0.9999804    
  29.03492      0.9999804    
  29.04985      0.9999804    
  29.06478      0.9999818    
  29.07972      0.9999818    
  29.09465      0.9999818    
  29.10958      0.9999831    
  29.12452      0.9999831    
  29.13945      0.9999831    
  29.15438      0.9999831    
  29.16931      0.9999845    
  29.18424      0.9999859    
  29.19918      0.9999859    
  29.21411      0.9999872    
  29.22904      0.9999872    
  29.24397      0.9999872    
  29.25891      0.9999872    
  29.27384      0.9999872    
  29.28877      0.9999872    
  29.30371      0.9999872    
  29.31864      0.9999872    
  29.33357      0.9999872    
  29.34851      0.9999872    
  29.36344      0.9999872    
  29.37837      0.9999872    
  29.39330      0.9999872    
  29.40824      0.9999872    
  29.42317      0.9999872    
  29.43810      0.9999872    
  29.45303      0.9999872    
  29.46797      0.9999886    
  29.48290      0.9999900    
  29.49783      0.9999900    
  29.51276      0.9999900    
  29.52770      0.9999900    
  29.54263      0.9999900    
  29.55756      0.9999900    
  29.57250      0.9999900    
  29.58743      0.9999900    
  29.60236      0.9999900    
  29.61729      0.9999914    
  29.63223      0.9999914    
  29.64716      0.9999914    
  29.66209      0.9999914    
  29.67702      0.9999914    
  29.69196      0.9999927    
  29.70689      0.9999927    
  29.72182      0.9999927    
  29.73675      0.9999927    
  29.75169      0.9999927    
  29.76662      0.9999927    
  29.78155      0.9999927    
  29.79649      0.9999927    
  29.81142      0.9999927    
  29.82635      0.9999941    
  29.84129      0.9999941    
  29.85622      0.9999941    
  29.87115      0.9999941    
  29.88608      0.9999941    
  29.90101      0.9999941    
  29.91595      0.9999955    
  29.93088      0.9999955    
  29.94581      0.9999955    
  29.96075      0.9999968    
  29.97568      0.9999968    
  29.99061      0.9999968    
  30.00554      0.9999968    
  30.02048      0.9999968    
  30.03541      0.9999968    
  30.05034      0.9999968    
  30.06528      0.9999968    
  30.08021      0.9999968    
  30.09514      0.9999968    
  30.11007      0.9999968    
  30.12501      0.9999968    
  30.13994      0.9999982    
  30.15487      0.9999982    
  30.16980      0.9999982    
  30.18474      0.9999982    
  30.19967      0.9999982    
  30.21460      0.9999996    
  30.22953      0.9999996    
  30.24447      0.9999996    
  30.25940      0.9999996    
  30.27433      0.9999996    
  30.28927      0.9999996    
  30.30420      0.9999996    
  30.31913      0.9999996    
  30.33406      0.9999996    
  30.34900      0.9999996    
  30.36393      0.9999996    
  30.37886      0.9999996    
  30.39380      0.9999996    
  30.40873      0.9999996    
  30.42366      0.9999996    
  30.43859      0.9999996    
  30.45353      0.9999996    
  30.46846      0.9999996    
  30.48339      0.9999996    
  30.49832      0.9999996    
  30.51326      0.9999996    
  30.52819      0.9999996    
  30.54312      0.9999996    
  30.55805      0.9999996    
  30.57299       1.000001    
