 B1999999   25887668  12485544  13402124   8132949   8461161   1217094   1306956     78492     71603   3057009   3562404   5618229   5467524   3045835   3542419    866358    941391     21560     21955   2933562   3428835
 B1999  0       7312      3130      4182      1978      2184       243       209        20        25       889      1764      1345      1423       728       850       186       155         5        11       866      1743
 B1999  1      21983      9790     12193      6509      6929       783       722        76        68      2422      4474      4299      4522      2501      2683       608       555        24        22      2358      4411
 B1999  2      34846     16145     18701     10954     11225      1337      1285       115       106      3739      6085      7073      7390      4388      4319      1023       991        37        34      3624      5967
 B1999  3      47659     22426     25233     15179     15414      1936      1882       147       143      5164      7794     10098     10524      5819      5584      1464      1450        40        41      5005      7634
 B1999  4      58219     28135     30084     19132     19526      2531      2495       204       201      6268      7862     13118     13685      6973      6820      1918      1886        56        60      6070      7633
 B1999  5      67658     33296     34362     22483     23340      3063      3017       253       241      7497      7764     15701     16296      8054      8243      2234      2235        66        62      7241      7526
 B1999  6      77836     38657     39179     25946     27043      3593      3543       314       254      8804      8339     18322     18977      9193      9505      2548      2568        92        75      8502      8054
 B1999  7      88259     44157     44102     29267     30084      4263      4320       370       319     10257      9379     21034     21574     10153     10379      2970      3034        99        93      9901      9022
 B1999  8      96019     48028     47991     31528     32625      4795      4731       393       366     11312     10269     22771     23633     10909     11060      3332      3315       115       102     10901      9881
 B1999  9     131515     66356     65159     43061     43703      7211      6998       559       498     15525     13960     33253     33750     13018     13150      4943      4778       152       137     14990     13344
 B1999 10     145564     73752     71812     48169     48124      7599      7699       654       552     17330     15437     37678     37625     14078     14019      5132      5301       185       124     16679     14743
 B1999 11     162374     82502     79872     54401     53793      8544      8308       673       633     18884     17138     43499     42809     14861     14724      5844      5829       180       166     18118     16344
 B1999 12     178300     90993     87307     59077     57693      9492      9322       805       687     21619     19605     47907     46438     15506     15305      6589      6680       187       188     20804     18696
 B1999 13     196231    101250     94981     65146     61663     10721     10184       893       787     24490     22347     53557     50170     16622     16076      7381      7226       199       203     23491     21306
 B1999 14     217557    112957    104600     72326     67166     11775     11417      1005       850     27851     25167     60438     55284     17500     16935      8129      8077       243       205     26647     24099
 B1999 15     236380    124071    112309     79333     71290     13117     12613      1090       926     30531     27480     67159     60082     18395     16797      9033      8870       243       217     29241     26343
 B1999 16     256552    135125    121427     87711     77523     14582     13754      1171       911     31661     29239     75254     65603     19069     17830     10223      9863       259       207     30320     27924
 B1999 17     281503    149118    132385     97437     83305     16382     15740      1196      1015     34103     32325     84366     70903     20559     19012     11453     11359       229       231     32511     30880
 B1999 18     299282    158424    140858    104150     88689     17922     17659      1229      1086     35123     33424     90734     76153     21645     19823     12339     12721       253       239     33453     31922
 B1999 19     351195    185570    165625    121112    102054     21046     21221      1409      1310     42003     41040    105845     88076     24784     22721     14695     15382       242       253     40004     39193
 B1999 20     374899    198335    176564    129136    109408     21969     22082      1641      1265     45589     43809    112905     93772     26133     24365     15484     16125       272       259     43541     42043
 B1999 21     389987    204238    185749    133121    115103     22336     23138      1710      1436     47071     46072    116993     99152     26402     25309     15592     16834       375       321     44876     44133
 B1999 22     385810    199392    186418    130967    115572     21159     22683      1605      1414     45661     46749    114173     98547     26327     26150     15167     16570       309       339     43416     44812
 B1999 23     389719    198460    191259    129532    117671     21012     23128      1622      1445     46294     49015    112258     99667     26741     27460     14956     16828       312       338     44193     46966
 B1999 24     413492    207640    205852    134139    124899     22010     24118      1642      1535     49849     55300    115565    104386     28332     30290     15836     17688       339       367     47568     53121
 B1999 25     429861    212356    217505    136467    129731     21742     24832      1641      1649     52506     61293    116120    106964     30237     32965     15591     18198       356       422     50052     58956
 B1999 26     457049    223444    233605    143808    137820     22704     25779      1785      1620     55147     68386    121427    111969     32838     36277     16235     19003       363       419     52581     65937
 B1999 27     486241    239460    246781    153450    143378     23815     26913      1977      1770     60218     74720    128128    114616     36146     39575     17252     19988       466       477     57468     72125
 B1999 28     476410    234168    242242    150110    140713     23299     25689      1849      1584     58910     74256    124591    111485     36150     39935     16816     18819       404       447     56207     71556
 B1999 29     546757    269310    277447    172807    160083     26985     29218      2259      1961     67259     86185    142547    126308     42630     46133     19343     21393       551       543     64239     83070
 B1999 30     548140    272367    275773    178439    162018     26556     29312      2237      1742     65135     82701    146161    126805     44996     47545     18664     21405       506       483     62040     79535
 B1999 31     561926    279561    282365    182534    166601     27736     30638      2246      1801     67045     83325    147912    129388     47856     50216     19634     22143       478       535     63681     80083
 B1999 32     580944    291207    289737    191419    172848     29219     31722      2347      1800     68222     83367    153157    134430     52030     52131     20607     22701       564       494     64849     79981
 B1999 33     589508    296822    292686    195163    175305     29958     31988      2130      1758     69571     83635    154303    134648     54568     54116     21137     23138       513       490     66301     80294
 B1999 34     629884    320283    309601    208056    184672     33571     34866      2255      1970     76401     88093    161238    140259     62270     59058     23424     25144       617       581     72734     84559
 B1999 35     625645    317330    308315    205492    184288     33821     34888      2033      1820     75984     87319    156055    138608     64184     60098     23929     25333       525       494     72637     83782
 B1999 36     607423    308910    298513    199922    179192     32570     33466      2050      1739     74368     84116    150676    133288     63515     59768     23089     24165       600       455     71030     80837
 B1999 37     599798    305088    294710    196428    176705     33350     33465      2020      1668     73290     82872    145128    129511     65582     60808     23813     24218       575       562     69990     79611
 B1999 38     564523    287121    277402    185633    166840     30629     30170      1769      1415     69090     78977    136516    121662     62150     57326     21879     21925       484       429     66092     76060
 B1999 39     630919    323146    307773    204743    182155     37684     35769      2131      1770     78588     88079    147870    131316     71553     64887     27925     26409       555       527     75243     84634
 B1999 40     573240    288147    285093    179657    167611     33035     31460      1792      1546     73663     84476    127651    118776     65169     61472     23997     22997       517       477     70813     81371
 B1999 41     556380    279963    276417    174847    162911     31171     29714      1780      1412     72165     82380    123545    114757     63774     60459     22715     21539       536       431     69393     79231
 B1999 42     537962    270704    267258    168786    158473     30747     28659      1656      1351     69515     78775    118101    110285     62846     60010     22464     20825       508       377     66785     75761
 B1999 43     527963    262402    265561    161091    152871     29050     27581      1573      1403     70688     83706    111918    106810     61185     58041     20914     19712       474       428     67911     80570
 B1999 44     520659    261128    259531    164532    155606     30051     27324      1388      1101     65157     75500    110934    105794     65278     60846     21911     19883       428       379     62577     72629
 B1999 45     484812    240000    244812    149272    144626     26570     25354      1228      1249     62930     73583     98713     96108     60911     58794     19442     18459       377       446     60557     71005
 B1999 46     452706    222500    230206    138436    136726     22952     22277      1156      1018     59956     70185     90887     89919     56943     56385     16521     15746       355       293     57794     67863
 B1999 47     444498    216841    227657    132861    133118     22972     22826      1086      1025     59922     70688     84999     86223     57384     56631     16598     16352       328       307     57532     68144
 B1999 48     410136    198965    211171    125061    126456     19041     19210       920       944     53943     64561     77974     79759     55130     55081     13634     13707       269       325     51958     62299
 B1999 49     449078    218130    230948    132305    134603     23189     22736      1171       973     61465     72636     80052     81819     61359     62067     16933     16376       419       367     59367     70319
 B1999 50     405693    194602    211091    119367    125261     18632     19100       937       814     55666     65916     69752     73585     57023     59928     13549     13461       369       274     53909     63843
 B1999 51     385017    183962    201055    115525    121432     17549     18000       854       842     50034     60781     64976     68958     57314     60230     12909     12786       322       322     48441     58759
 B1999 52     382620    181346    201274    117244    126602     16045     17677       737       697     47320     56298     62590     67644     61125     66215     11718     12760       203       264     45710     54391
 B1999 53     326018    153184    172834     97118    107520     12878     15229       670       617     42518     49468     56323     61658     46426     52365      9164     10822       262       241     41009     47748
 B1999 54     334605    156268    178337     98917    111899     14359     16040       700       730     42292     49668     55647     61823     48916     56779     10531     11769       286       217     40888     47749
 B1999 55     305707    140510    165197     87625    104268     13536     15381       670       730     38679     44818     49663     57109     43353     53418      9937     11282       241       244     37316     43144
 B1999 56     300928    136120    164808     87752    108086     12347     14738       635       628     35386     41356     49554     57860     43204     56230      8988     10518       248       278     34126     39922
 B1999 57     282609    127875    154734     81195     99721     11356     13918       600       694     34724     40401     45556     52553     40409     52885      8161     10014       231       323     33518     38959
 B1999 58     260208    117289    142919     77275     95474      9063     11227       449       533     30502     35685     41480     48817     39656     51573      6392      7925       178       218     29583     34386
 B1999 59     279804    125971    153833     81635    102481     10009     12373       572       587     33755     38392     42137     50148     43728     57630      7113      8832       248       251     32745     36972
 B1999 60     258057    113805    144252     74162     97613      8672     11292       491       552     30480     34795     37913     47067     40266     55619      5901      7917       150       194     29575     33455
 B1999 61     246978    109257    137721     72650     93197      7994     10861       406       513     28207     33150     35931     44271     40321     53755      5473      7579       156       223     27376     31893
 B1999 62     236388    104181    132207     68547     88758      7791     10441       332       466     27511     32542     33181     42097     38772     51138      5438      7370       112       185     26678     31417
 B1999 63     229938    100698    129240     67986     88206      7182     10055       340       489     25190     30490     32787     41882     38355     50497      5032      7188       110       193     24414     29480
 B1999 64     230667     99403    131264     67615     89318      7024     10438       395       448     24369     31060     32694     41733     38005     51945      4916      7337       127       206     23661     30043
 B1999 65     210272     90952    119320     61291     79725      6599      9753       274       425     22788     29417     29255     37155     34965     46617      4518      6882       124       209     22090     28457
 B1999 66     197328     83919    113409     57040     76588      6353      8477       269       382     20257     27962     27098     35142     32799     44982      4305      6032       146       190     19571     27063
 B1999 67     188375     80060    108315     55656     73745      5643      8064       334       356     18427     26150     25363     33479     32943     43788      3753      5610       157       151     17844     25287
 B1999 68     186408     78851    107557     55215     73979      5365      7560       328       379     17943     25639     25156     32881     32546     44468      3662      5247       129       164     17358     24797
 B1999 69     188297     78699    109598     55659     75430      5366      7922       268       414     17406     25832     24202     31826     33801     46949      3705      5593        92       211     16899     25019
 B1999 70     173959     72205    101754     50929     70685      4811      7183       221       349     16244     23537     21672     28902     31391     44911      3205      5034       116       171     15821     22736
 B1999 71     169219     68830    100389     49794     71966      4202      6691       273       269     14561     21463     20443     27837     31367     47022      2739      4714       149       104     14132     20712
 B1999 72     160420     64333     96087     46400     69035      3975      5746       239       271     13719     21035     18633     25813     29671     45775      2657      4054       104       140     13268     20305
 B1999 73     149728     58173     91555     42836     67243      3387      5366       188       274     11762     18672     16878     24273     27588     45403      2273      3689        87       143     11347     18047
 B1999 74     146042     56504     89538     42117     66786      3191      4989       204       303     10992     17460     15932     23087     27706     45994      2131      3456        91       140     10644     16861
 B1999 75     139438     55598     83840     41871     62999      3002      4647       186       248     10539     15946     16071     21096     27243     44129      2051      3139        74       120     10159     15356
 B1999 76     133834     54309     79525     41542     60615      2500      4126       143       243     10124     14541     15302     19723     27448     42820      1714      2876        44        97      9801     14009
 B1999 77     126394     51160     75234     39152     58011      2294      3737       167       241      9547     13245     13606     18564     26748     41187      1492      2612        52        94      9262     12777
 B1999 78     122270     49644     72626     38761     56747      2060      3600       135       190      8688     12089     12453     17997     27410     40485      1344      2466        54        86      8383     11592
 B1999 79     109469     43808     65661     33126     50564      2035      3474       131       243      8516     11380     10840     16430     23265     35720      1409      2373        78       114      8216     11024
 B1999 80      83606     32705     50901     24901     39243      1359      2634       121       148      6324      8876      8991     14155     16587     26388       945      1764        74        50      6108      8544
 B1999 81      73036     28131     44905     21387     34835      1364      2396        86       125      5294      7549      8201     13632     13918     22406       894      1610        45        28      5073      7229
 B1999 82      66026     25012     41014     19039     32108      1104      1913        95       127      4774      6866      7068     12242     12582     20905       708      1240        50        55      4604      6572
 B1999 83      65252     24437     40815     18828     32209       913      1881        89       116      4607      6609      6757     11785     12639     21467       552      1189        49        40      4440      6334
 B1999 84      67020     24537     42483     19036     34215       902      1793        62       108      4537      6367      6397     11219     13134     23877       600      1235        35        51      4371      6101
 B1999 85      59514     21353     38161     17217     31820       634      1382        85        80      3417      4879      5488      9907     12152     22601       423       944        27        52      3263      4657
 B1999 86      56709     19881     36828     16172     31090       568      1362        72        82      3069      4294      4821      9368     11732     22420       376       841        44        54      2908      4145
 B1999 87      51874     17712     34162     14424     29145       485      1157        63        90      2740      3770      4204      8215     10548     21480       321       795        33        56      2606      3616
 B1999 88      47146     15451     31695     12508     27261       452       987        54        65      2437      3382      3799      7615      9030     20147       284       683        28        33      2310      3217
 B1999 89      42838     13689     29149     11195     25246       360       885        35        63      2099      2955      3307      6586      8156     19111       227       617        16        24      1983      2811
 B1999 90      36378     11583     24795      9496     21838       324       681        46        50      1717      2226      2739      5459      6998     16749       222       452        18        35      1606      2100
 B1999 91      31727      9901     21826      8075     19346       285       579        46        39      1495      1862      2378      4777      5906     14868       194       400        16        11      1407      1770
 B1999 92      27067      8132     18935      6696     16820       227       520        25        81      1184      1514      1920      4000      4923     13069       164       386         5        39      1120      1441
 B1999 93      23616      6845     16771      5679     14982       206       437        33        62       927      1290      1671      3453      4148     11733       134       331        12        29       880      1225
 B1999 94      21324      6065     15259      5010     13600       205       446        29        61       821      1152      1444      3074      3709     10696       127       357        13        27       772      1105
 B1999 95      17067      4781     12286      3988     10954       148       370        32        56       613       906      1143      2390      2938      8699       102       304        19        28       579       865
 B1999 96      13249      3611      9638      3018      8573       115       293        17        35       461       737       818      1768      2268      6916        80       239        10        11       435       704
 B1999 97      10002      2730      7272      2218      6406        86       250        28        28       398       588       626      1350      1649      5156        54       191        22        12       379       563
 B1999 98       8174      2090      6084      1670      5280        72       245        17        32       331       527       510      1139      1212      4228        46       185         9        23       313       509
 B1999 99       5677      1396      4281      1123      3781        48       143         8        13       217       344       308       720       850      3113        31       107         3         5       204       336
 B1999100      11063      2686      8377      2154      7079       179       373        26        53       327       872       603      1312      1618      5900       148       286        11        43       306       836
 B2000999   26405956  12710362  13695594   8270102   8623116   1250155   1348809     80991     74561   3109114   3649108   5748727   5635375   3063386   3550853    892093    973782     22171     22750   2983985   3512834
 B2000  0       6553      2816      3737      1778      1958       215       179        16        21       807      1579      1181      1247       677       785       166       138         4         7       788      1560
 B2000  1      19776      8809     10967      5858      6237       706       638        60        59      2185      4033      3841      4051      2281      2431       540       486        20        21      2127      3978
 B2000  2      32201     14842     17359     10053     10348      1224      1177       108       104      3457      5730      6453      6767      4057      4012       949       917        34        35      3349      5628
 B2000  3      43364     20578     22786     14031     14237      1762      1695       141       136      4644      6718      9184      9561      5500      5309      1349      1317        42        44      4503      6555
 B2000  4      55497     26449     29048     18089     18544      2360      2303       173       176      5827      8025     12266     12773      6723      6629      1782      1773        42        50      5636      7823
 B2000  5      66085     32132     33953     22024     22667      2884      2851       238       226      6986      8209     15275     15882      7869      7914      2173      2145        67        60      6748      7952
 B2000  6      76064     37644     38420     25597     26463      3513      3470       291       274      8243      8213     18014     18617      9034      9198      2570      2587        80        81      7946      7937
 B2000  7      86659     43268     43391     29090     30034      4164      4117       346       283      9668      8957     20704     21341     10147     10344      2994      3008       100        75      9323      8623
 B2000  8      93903     47043     46860     31222     32045      4654      4636       402       355     10765      9824     22592     23239     10666     10780      3293      3294       107       102     10385      9445
 B2000  9     112594     56442     56152     37110     38232      5783      5730       485       422     13064     11768     27179     28044     12470     12625      4063      4063       145       119     12585     11301
 B2000 10     143599     72468     71131     47062     47773      7803      7655       639       541     16964     15162     36589     37028     13935     14184      5392      5308       182       136     16370     14475
 B2000 11     156464     79255     77209     51890     51638      8232      8374       702       615     18431     16582     40724     40517     14974     14842      5639      5865       196       160     17722     15825
 B2000 12     177043     90122     86921     58967     57738      9529      9188       742       727     20884     19268     47410     46339     15915     15507      6581      6505       192       198     20024     18372
 B2000 13     195221    100288     94933     65338     62774     10400     10122       913       759     23637     21278     53363     50839     16702     16278      7272      7328       211       197     22740     20291
 B2000 14     213112    110715    102397     71609     66526     11899     11236       981       887     26226     23748     59477     54561     17654     16916      8261      8061       216       217     25107     22642
 B2000 15     236192    123336    112856     79771     72592     13070     12654      1090       925     29405     26685     67217     60255     18682     17825      9094      9041       248       220     28095     25515
 B2000 16     254138    134177    119961     87733     77247     14278     13634      1184       954     30982     28126     74764     65325     19625     17768      9899      9731       266       221     29623     26916
 B2000 17     282378    149310    133068     98168     85380     16310     15459      1292      1021     33540     31208     84709     72474     20763     19405     11508     11188       270       224     32060     29777
 B2000 18     296635    156435    140200    104584     89883     17584     17299      1209      1030     33058     31988     90387     76430     21948     20393     12401     12598       230       225     31469     30554
 B2000 19     343060    180801    162259    119284    101803     20421     20667      1400      1257     39696     38532    103779     87432     24787     22716     14149     15039       271       279     37815     36793
 B2000 20     374012    197148    176864    129505    109686     22125     22604      1512      1384     44006     43190    113234     94397     26230     24485     15501     16464       262       271     41921     41247
 B2000 21     387857    204077    183780    132443    113667     22635     22712      1768      1371     47231     46030    116240     97416     26454     25294     16028     16636       295       287     45060     44147
 B2000 22     392287    203142    189145    134287    118181     21703     23061      1732      1502     45420     46401    118079    101533     26245     26032     15247     16815       367       338     43204     44427
 B2000 23     396147    202271    193876    133744    120651     21550     23761      1689      1480     45288     47984    116794    102584     26663     27591     15515     17381       326       351     42973     45969
 B2000 24     414728    208065    206663    136930    126966     22007     24673      1745      1584     47383     53440    118554    107138     28315     29977     15715     17961       339       372     45142     51215
 B2000 25     429537    212512    217025    137619    131084     22773     25283      1724      1646     50396     59012    118277    108876     29409     32379     16447     18655       354       393     48025     56722
 B2000 26     448470    217943    230527    140608    137104     22704     26254      1704      1743     52927     65426    119037    112302     31718     35487     16353     19305       375       455     50460     62978
 B2000 27     480752    233215    247537    149973    145571     23961     27296      1882      1762     57399     72908    125904    117742     34938     38845     17204     20150       398       461     54771     70339
 B2000 28     475546    231850    243696    149824    142662     23433     26467      1937      1737     56656     72830    124145    113523     36094     39715     17056     19663       473       467     54082     70328
 B2000 29     547105    267522    279583    168893    159939     27722     30672      2186      1876     68721     87096    139672    127006     41720     45605     20090     22482       490       537     65550     83953
 B2000 30     550139    269231    280908    174413    164294     26735     29472      2230      1961     65853     85181    141946    128779     44536     47846     19254     21634       554       535     62941     82114
 B2000 31     556762    275325    281437    179187    164415     27024     29848      2271      1804     66843     85370    145210    128186     46736     48776     19120     21852       520       511     63739     82112
 B2000 32     580191    287670    292521    186933    172558     28818     31883      2321      1865     69598     86215    150522    133695     49961     52280     20508     23107       507       561     66172     82878
 B2000 33     591103    294300    296803    193900    177641     29926     32736      2320      1852     68154     84574    154120    137693     53509     53965     21263     23475       566       517     64842     81153
 B2000 34     627476    317508    309968    205889    183936     32979     34605      2317      1896     76323     89531    162255    141290     58533     57078     23372     25067       567       523     72781     86010
 B2000 35     636490    321979    314511    208710    188046     34015     35254      2242      1967     77012     89244    160832    142423     63330     60355     23837     25452       623       584     73357     85697
 B2000 36     620591    313271    307320    203950    184910     33358     34880      1990      1804     73973     85726    154029    138568     64288     60595     23689     25370       520       494     70745     82293
 B2000 37     627120    317963    309157    203732    184068     34318     35066      2127      1847     77786     88176    153160    136723     65426     61786     24413     25362       623       506     74341     84780
 B2000 38     572500    289867    282633    187338    170462     31556     31715      1898      1599     69075     78857    137634    124546     63084     58808     22611     22973       536       531     66002     75775
 B2000 39     639744    326536    313208    207994    186560     36280     34996      2055      1613     80207     90039    153163    136288     70029     64257     26003     25440       570       490     76771     86733
 B2000 40     620359    315177    305182    199855    180721     36056     34857      2075      1775     77191     87829    143596    129869     70283     64561     26787     25781       550       528     73961     84443
 B2000 41     569030    284584    284446    176935    166874     32284     31100      1778      1541     73587     84931    125141    117959     64674     61420     23493     22755       515       479     70761     81833
 B2000 42     558882    280900    277982    175994    165014     31604     29922      1746      1410     71556     81636    123699    115854     64739     61390     23077     21747       527       441     68858     78550
 B2000 43     546777    272465    274312    167045    158844     30980     29210      1757      1457     72683     84801    116681    110774     62695     60331     22646     21212       563       401     69880     81594
 B2000 44     537738    269375    268363    170342    160200     30952     28621      1459      1318     66622     78224    117686    111195     64938     60929     22286     20497       440       408     64025     75334
 B2000 45     519540    258412    261128    160787    154527     28941     27095      1440      1167     67244     78339    108169    105119     64095     60484     21118     19731       435       407     64595     75387
 B2000 46     475895    234604    241291    146046    142942     25389     24717      1206      1223     61963     72409     96185     94893     59796     58085     18585     18004       366       428     59672     69881
 B2000 47     468710    229673    239037    139198    138935     24266     23810      1249      1088     64960     75204     91743     91871     57417     57247     17465     16857       391       314     62657     72748
 B2000 48     420277    204213    216064    128190    129450     20665     20739       985       970     54373     64905     81243     83312     55510     55005     14932     14855       299       298     52229     62594
 B2000 49     459828    224154    235674    136870    137799     22873     22528      1075      1087     63336     74260     86060     87689     60349     59848     16389     16105       319       365     61037     71667
 B2000 50     437557    211079    226478    129327    133339     21655     21834      1132       953     58965     70352     77857     80985     60031     61284     15799     15739       407       370     56985     68100
 B2000 51     392645    187181    205464    115391    122109     17931     18544       885       800     52974     64011     67423     71925     55068     58182     13027     13087       346       268     51317     62002
 B2000 52     384193    182834    201359    115060    122035     17383     18087       841       852     49550     60385     64786     69608     56977     60157     12778     12865       312       328     47981     58401
 B2000 53     386821    182714    204107    118145    128672     16375     18309       739       697     47455     56429     63198     69238     61506     66881     11949     13199       200       255     45861     54534
 B2000 54     337094    157566    179528     98525    109841     13520     15914       713       680     44808     53093     57411     63530     47016     53168      9618     11311       281       265     43240     51254
 B2000 55     328587    152711    175876     95614    109917     14402     16183       700       729     41995     49047     54056     61173     47209     55454     10548     11862       289       220     40609     47167
 B2000 56     307895    140705    167190     90231    107799     12683     15404       649       719     37142     43268     50665     59047     44658     54932      9300     11298       225       241     35857     41672
 B2000 57     307143    138460    168683     88126    109566     12884     15145       674       661     36776     43311     49981     59092     43368     56665      9357     10812       273       290     35481     41824
 B2000 58     263907    118608    145299     76626     94948      9909     12408       542       660     31531     37283     42743     50058     38105     50039      7106      8938       208       305     30446     35959
 B2000 59     282935    127676    155259     81812    101173     10126     12637       509       619     35229     40830     44237     52424     41918     54304      7132      8923       198       242     34191     39366
 B2000 60     273814    121457    152357     78662    101995      9781     12476       546       569     32468     37317     40731     50297     42042     56960      6941      8918       232       243     31511     35939
 B2000 61     253920    112177    141743     73686     95926      8370     11145       471       543     29650     34129     37651     46657     39908     54247      5693      7817       146       192     28779     32830
 B2000 62     249725    109884    139841     71988     93437      8286     11401       418       537     29192     34466     35919     45006     39799     53480      5669      7956       159       226     28338     33173
 B2000 63     237594    104781    132813     69899     90035      7599     10288       322       459     26961     32031     33864     42953     39376     51493      5282      7257       106       184     26153     30926
 B2000 64     237931    102926    135005     68341     90565      7742     10996       356       529     26487     32915     33288     43630     38415     51472      5418      7867       112       202     25693     31834
 B2000 65     227697     97534    130163     65840     88177      7103     10794       381       455     24210     30737     32102     41736     36847     50891      4959      7592       119       210     23507     29734
 B2000 66     206303     88640    117663     60275     79397      6566      9211       276       415     21523     28640     28934     37215     34225     46034      4468      6502       128       206     20885     27706
 B2000 67     196834     83395    113439     56782     76120      6079      8780       268       401     20266     28138     27048     35460     32507     44315      4117      6238       143       196     19580     27230
 B2000 68     182847     77311    105536     53166     71924      5358      7522       325       349     18462     25741     24432     32859     31288     42403      3550      5232       154       147     17887     24895
 B2000 69     188855     78987    109868     55138     75087      5373      7675       324       397     18152     26709     25305     33703     32327     44826      3654      5330       130       166     17571     25843
 B2000 70     184897     77628    107269     54461     73425      5247      8138       270       410     17650     25296     23916     31455     32878     45359      3602      5742        94       209     17138     24504
 B2000 71     169886     70298     99588     49857     69677      4589      6850       224       347     15628     22714     21414     28756     30505     43941      3034      4784       113       169     15232     21938
 B2000 72     168563     68451    100112     49172     70800      4072      6469       274       275     14933     22568     20422     27752     30729     45906      2652      4558       149       104     14499     21792
 B2000 73     152028     59937     92091     43550     66385      3792      5595       237       278     12358     19833     17762     25185     27612     43682      2515      3938       101       139     11947     19147
 B2000 74     147298     56961     90337     41686     66016      3450      5405       186       269     11639     18647     16722     24214     26616     44247      2301      3708        85       143     11237     18025
 B2000 75     143081     55036     88045     41005     65485      3171      4948       197       297     10663     17315     15769     22948     26755     44828      2099      3403        87       141     10326     16725
 B2000 76     134393     53588     80805     40486     60999      2753      4287       172       248     10177     15271     15709     20606     26126     42473      1864      2899        72       121      9817     14706
 B2000 77     130715     52813     77902     39728     58889      2413      4170       150       247     10522     14596     14899     19503     26035     41335      1641      2901        44        97     10194     14066
 B2000 78     124485     49788     74697     38131     57656      2241      3792       161       234      9255     13015     13504     18748     25804     40664      1448      2631        51        93      8981     12561
 B2000 79     117947     47797     70150     36464     54327      2144      3580       127       187      9062     12056     12049     17566     25554     38504      1398      2436        51        83      8745     11561
 B2000 80      99951     39349     60602     30211     47334      1636      2993       125       213      7377     10062     10033     15505     21008     33215      1112      2036        75        96      7121      9750
 B2000 81      78759     30443     48316     23225     37353      1281      2451       110       151      5827      8361      8571     13647     15285     24944       884      1628        71        46      5632      8051
 B2000 82      68916     26208     42708     19880     32981      1260      2243        85       116      4983      7368      7812     13076     12759     21038       825      1498        37        33      4775      7063
 B2000 83      63286     23650     39636     17776     30808      1025      1836        91       131      4758      6861      6774     11944     11586     19885       647      1192        49        50      4594      6565
 B2000 84      61232     22622     38610     16972     29906       934      1870        83       120      4633      6714      6325     11233     11230     19736       555      1173        45        41      4467      6427
 B2000 85      58165     20872     37293     16528     30379       723      1430        50        90      3571      5394      5679     10085     11244     20990       487       986        29        52      3433      5180
 B2000 86      54645     19259     35386     15393     29362       588      1301        74        73      3204      4650      5081      9388     10705     20635       386       876        25        45      3062      4442
 B2000 87      51553     17716     33837     14290     28417       510      1265        74        88      2842      4067      4415      8793     10224     20270       339       781        44        60      2694      3933
 B2000 88      46728     15649     31079     12614     26359       452      1068        54        79      2529      3573      3826      7681      9089     19213       297       728        28        48      2409      3409
 B2000 89      42021     13494     28527     10827     24404       396       902        50        61      2221      3160      3413      7049      7694     17820       253       622        28        30      2106      3006
 B2000 90      37750     11823     25927      9559     22324       330       805        31        60      1903      2738      2947      6032      6855     16703       206       555        14        28      1801      2609
 B2000 91      31649      9872     21777      8008     19051       280       629        36        44      1548      2053      2409      4960      5800     14435       195       416        17        29      1451      1937
 B2000 92      27236      8314     18922      6706     16671       248       516        41        39      1319      1696      2063      4299      4819     12638       174       359        14        11      1244      1615
 B2000 93      22924      6744     16180      5485     14282       198       460        20        71      1041      1367      1665      3559      3949     10938       138       341         4        39       988      1303
 B2000 94      19686      5586     14100      4568     12492       174       392        35        58       809      1158      1418      3041      3272      9641       113       290        13        26       770      1102
 B2000 95      17491      4867     12624      3967     11183       182       378        21        51       697      1012      1201      2658      2881      8663       116       308        10        23       659       972
 B2000 96      13778      3784      9994      3106      8831       129       315        27        52       522       796       951      2035      2238      6914        90       258        16        25       489       762
 B2000 97      10516      2798      7718      2298      6792        91       259        12        30       397       637       664      1501      1691      5392        61       204         5        11       377       610
 B2000 98       7786      2097      5689      1668      4968        75       195        26        26       328       500       504      1116      1210      3927        52       156        20        12       311       478
 B2000 99       6222      1556      4666      1220      4003        59       203        11        28       266       432       390       926       871      3144        39       155         6        22       250       419
 B2000100      11941      2854      9087      2235      7669       164       390        34        63       421       965       671      1553      1649      6269       126       297        13        44       395       924
