Dataset:		EMAP-Ag. Lands Soil (Used for Soil Quality Index, SQI) 1995
Filename:		soil95sqi.txt
Date created:		3/18/97 (from data collected summer 1995)
# Variables:		7
# Data records: 	217

Variables:	
	sample            sample number
	emapid            original EMAP ALRG sample number
	bsesat            base saturation
	cec7              cation exchange capacity
	clay              percent clay
	oc                organic carbon
	ph1h2o            pH

sample,emapid,bsesat,cec7,clay,oc,ph1h2o
950010 ,50010 ,62.5 ,4 ,4.9 ,0.76 ,5.4
950020 ,50020 ,81.1 ,3.7 ,5.3 ,1.03 ,4.6
950040 ,50040 ,93.2 ,8.8 ,13.4 ,1.34 ,5.5
950060 ,50060 ,81.7 ,6 ,11.3 ,1.3 ,5.7
950070 ,50070 ,51.8 ,8.3 ,6.9 ,1.92 ,5.6
950090 ,50090 ,52.9 ,7 ,13.2 ,1.19 ,5.1
950100 ,50100 ,71.4 ,7 ,15.7 ,0.8 ,4.9
950101 ,50101 ,71 ,6.9 ,15.5 ,0.94 ,4.9
950102 ,50102 ,67.1 ,7 ,16.5 ,0.87 ,4.8
950110 ,50110 ,70.3 ,17.2 ,16.2 ,1.65 ,6.4
950120 ,50120 ,64.4 ,4.5 ,8.9 ,0.72 ,5.4
950130 ,50130 ,80.9 ,6.8 ,14 ,0.69 ,5.8
950140 ,50140 ,78.6 ,9.8 ,10.3 ,1.46 ,5.2
950160 ,50160 ,89.1 ,4.6 ,10.3 ,0.7 ,6
950170 ,50170 ,81.6 ,3.8 ,3.4 ,0.85 ,5.6
950180 ,50180 ,86.9 ,12.2 ,20.6 ,1.4 ,6.5
950190 ,50190 ,106.1 ,9.9 ,21.5 ,1.28 ,6.7
950200 ,50200 ,58.2 ,5.5 ,10.7 ,0.89 ,4.7
950201 ,50201 ,63.3 ,4.9 ,9.6 ,0.87 ,4.8
950202 ,50202 ,64.7 ,5.1 ,9.5 ,0.86 ,4.8
950210 ,50210 ,110.2 ,5.9 ,14.6 ,0.85 ,6.3
950220 ,50220 ,98.4 ,12.7 ,17.9 ,1.42 ,6.8
950240 ,50240 ,142.1 ,1.9 ,3.7 ,0.45 ,6.4
950250 ,50250 ,111.2 ,11.6 ,5.1 ,2.31 ,6.8
950251 ,50251 ,124.7 ,7.3 ,5.6 ,1.72 ,7
950252 ,50252 ,131.6 ,7.6 ,5.5 ,1.51 ,7
950270 ,50270 ,77.9 ,14 ,21.4 ,1.12 ,5.6
950280 ,50280 ,72.2 ,5.4 ,9.5 ,1.08 ,5.3
950290 ,50290 ,65.7 ,3.5 ,4.9 ,0.82 ,5.5
950300 ,50300 ,94.1 ,8.5 ,32.2 ,1.61 ,6.1
950301 ,50301 ,98.7 ,7.6 ,38.6 ,1.25 ,6.2
950302 ,50302 ,95.1 ,8.1 ,38.5 ,1.33 ,5.4
950320 ,50320 ,56.4 ,5.5 ,9.7 ,1.01 ,5.1
950330 ,50330 ,75 ,9.2 ,11.9 ,1.94 ,5.5
950340 ,50340 ,103.1 ,3.2 ,8.2 ,0.67 ,5.2
950350 ,50350 ,89.5 ,5.7 ,31.2 ,1.25 ,5.9
950351 ,50351 ,92.5 ,5.3 ,30.4 ,1.06 ,5.9
950352 ,50352 ,86.5 ,5.2 ,30 ,1.27 ,6
950360 ,50360 ,84.6 ,2.6 ,2.4 ,0.64 ,5.3
950370 ,50370 ,39.6 ,9.6 ,32.8 ,0.92 ,4.6
950380 ,50380 ,79.3 ,2.9 ,5.5 ,0.56 ,6.2
950400 ,50400 ,96.9 ,3.2 ,21.2 ,0.53 ,5.5
950401 ,50401 ,85.7 ,3.5 ,22.3 ,0.49 ,5.4
950402 ,50402 ,88.6 ,3.5 ,23.7 ,0.48 ,4.2
950410 ,50410 ,51.3 ,3.9 ,4.8 ,1.08 ,5
950420 ,50420 ,44.2 ,5.2 ,5.1 ,1.26 ,5
950430 ,50430 ,48 ,2.5 ,3.6 ,0.64 ,4.3
950440 ,50440 ,62.5 ,1.6 ,5 ,0.39 ,4.3
950450 ,50450 ,79.7 ,7.9 ,16.3 ,0.68 ,5.5
950451 ,50451 ,87.7 ,8.1 ,16.6 ,0.7 ,5.8
950452 ,50452 ,100 ,7.6 ,16 ,0.65 ,5.8
950470 ,50470 ,53.5 ,4.3 ,5.8 ,0.96 ,5.6
950480 ,50480 ,100 ,1 ,1.7 ,0.27 ,5.5
950490 ,50490 ,95.9 ,7.3 ,5.9 ,1.59 ,6
950500 ,50500 ,75 ,9.6 ,11 ,0.75 ,4.7
950501 ,50501 ,83.6 ,11.6 ,16.1 ,0.74 ,4.9
950502 ,50502 ,83 ,11.2 ,14 ,0.83 ,4.8
950510 ,50510 ,59.5 ,4.2 ,10.2 ,0.79 ,4.4
950520 ,50520 ,64.7 ,47.3 ,2.6 ,13.64 ,5.6
950530 ,50530 ,31.3 ,3.2 ,7.3 ,0.8 ,4.2
950540 ,50540 ,25.9 ,2.7 ,5.7 ,0.69 ,4.1
950550 ,50550 ,48.7 ,15.4 ,23.6 ,3.3 ,5.4
950551 ,50551 ,47.7 ,15.3 ,20.7 ,2.97 ,5.5
950552 ,50552 ,52.3 ,15.5 ,19.8 ,3.27 ,5.5
950570 ,50570 ,61.8 ,3.4 ,4.5 ,0.7 ,5.6
950580 ,50580 ,73.3 ,6 ,7.8 ,1.36 ,5.1
950590 ,50590 ,96.8 ,3.1 ,7.5 ,0.38 ,5.7
950610 ,50610 ,56.5 ,4.6 ,6.5 ,0.89 ,5.4
950620 ,50620 ,76.2 ,2.1 ,3 ,0.39 ,5.5
950630 ,50630 ,56.7 ,17.1 ,26 ,2.96 ,5.1
950640 ,50640 ,62.2 ,3.7 ,4.1 ,0.91 ,5.1
950660 ,50660 ,57.1 ,7 ,15.7 ,1.06 ,5
950670 ,50670 ,71.9 ,3.2 ,4.5 ,0.79 ,5
950680 ,50680 ,47.1 ,8.7 ,20.9 ,0.81 ,5.1
950690 ,50690 ,56.9 ,110.1 ,3.9 ,27.93 ,5.1
950700 ,50700 ,11.1 ,1.8 ,0.9 ,0.39 ,4.3
950701 ,50701 ,18.8 ,1.6 ,1.3 ,0.43 ,4.3
950702 ,50702 ,22.2 ,1.8 ,1.4 ,0.36 ,4.4
950710 ,50710 ,57.6 ,11.8 ,18.6 ,0.77 ,4.8
950720 ,50720 ,103.1 ,3.2 ,8.4 ,0.35 ,6.5
950730 ,50730 ,47.5 ,5.9 ,21.3 ,0.9 ,5.3
950742 ,50742 ,22.3 ,42.2 ,41.7 ,9.18 ,4.9
950750 ,50750 ,39.4 ,3.3 ,4.1 ,0.69 ,4.8
950751 ,50751 ,45.2 ,3.1 ,4.4 ,0.68 ,4.7
950752 ,50752 ,42.9 ,3.5 ,5 ,0.68 ,4.8
950760 ,50760 ,83.3 ,2.4 ,3.4 ,0.61 ,5.7
950770 ,50770 ,102.5 ,4 ,4.7 ,0.86 ,6.2
950780 ,50780 ,69.2 ,2.6 ,3 ,0.75 ,5
950790 ,50790 ,61.7 ,6 ,6.3 ,1.31 ,5.2
950800 ,50800 ,80.8 ,7.8 ,5.4 ,1.88 ,5.8
950801 ,50801 ,80.2 ,8.1 ,5.5 ,1.84 ,5.9
950802 ,50802 ,74.1 ,8.5 ,5.7 ,1.89 ,5.8
950810 ,50810 ,50 ,5.4 ,12.3 ,0.8 ,4.4
950820 ,50820 ,67.2 ,5.8 ,23.8 ,0.36 ,4.7
950830 ,50830 ,100 ,4.7 ,17.2 ,0.52 ,5.9
950840 ,50840 ,55.2 ,2.9 ,2.7 ,0.85 ,4.9
950850 ,50850 ,108.3 ,6 ,9.4 ,1.21 ,6
950851 ,50851 ,109.1 ,6.6 ,9.9 ,1.3 ,6
950852 ,50852 ,107.5 ,6.7 ,10.3 ,1.39 ,6
950860 ,50860 ,51.9 ,7.7 ,31.4 ,0.85 ,4.4
950880 ,50880 ,91.5 ,4.7 ,6 ,0.85 ,6.4
950890 ,50890 ,72.4 ,7.6 ,9.7 ,1.14 ,5.5
950900 ,50900 ,110.9 ,10.1 ,20.1 ,1.25 ,6.7
950901 ,50901 ,116.8 ,9.5 ,20.7 ,1.27 ,6.7
950902 ,50902 ,111.3 ,9.7 ,20 ,1.25 ,6.7
950910 ,50910 ,47.6 ,8.4 ,13.4 ,1.1 ,4.8
950920 ,50920 ,74.1 ,10.8 ,20.1 ,1.64 ,6
950930 ,50930 ,74.7 ,16.6 ,23.2 ,2.69 ,5.4
950970 ,50970 ,64 ,8.6 ,14.7 ,0.73 ,5.5
950980 ,50980 ,105.2 ,9.7 ,20.3 ,1.14 ,6.5
950990 ,50990 ,90.8 ,15.2 ,18.5 ,3.51 ,5.5
951000 ,51000 ,66.2 ,20.4 ,23 ,4.09 ,5.4
951001 ,51001 ,68.4 ,21.2 ,23.8 ,3.67 ,5.4
951002 ,51002 ,66.2 ,21.9 ,24.1 ,4.27 ,5.4
951020 ,51020 ,80 ,11.5 ,20.5 ,1.57 ,5.8
951030 ,51030 ,74.5 ,10.2 ,9.7 ,2.02 ,4.9
951050 ,51050 ,81.6 ,13.6 ,34.1 ,1.12 ,5.3
951051 ,51051 ,79.4 ,14.1 ,35.2 ,1.06 ,5.3
951052 ,51052 ,80.3 ,13.7 ,32.6 ,1.4 ,5
951060 ,51060 ,52.5 ,9.9 ,13.9 ,1.73 ,5.3
951100 ,51100 ,99.1 ,11.1 ,24.6 ,1.64 ,6.5
951101 ,51101 ,98.3 ,11.9 ,25.9 ,1.79 ,6.8
951102 ,51102 ,103.3 ,12.3 ,24.9 ,1.99 ,6.5
951110 ,51110 ,111.7 ,11.1 ,18.9 ,1.93 ,6.4
951120 ,51120 ,84.2 ,13.3 ,23.3 ,1.54 ,6
951130 ,51130 ,90.7 ,15 ,21.9 ,2.38 ,6.1
951150 ,51150 ,82 ,12.2 ,23.6 ,1.47 ,5.9
951151 ,51151 ,78 ,12.3 ,24.9 ,1.38 ,5.9
951152 ,51152 ,75.8 ,12.4 ,23.8 ,1.42 ,5.9
951180 ,51180 ,36.4 ,8.8 ,18.2 ,1.55 ,4.4
951210 ,51210 ,55.9 ,14.5 ,14.2 ,2.84 ,4.6
951220 ,51220 ,73.1 ,14.5 ,20.3 ,2.26 ,5
951250 ,51250 ,98.2 ,10.9 ,20.7 ,1.44 ,6.6
951251 ,51251 ,97.3 ,11.1 ,18.5 ,1.49 ,6.5
951252 ,51252 ,93.6 ,11 ,17.9 ,1.56 ,6.3
951270 ,51270 ,134.1 ,8.2 ,22.3 ,1.38 ,4.5
951290 ,51290 ,110.4 ,14.4 ,28 ,1.7 ,7.1
951320 ,51320 ,88.1 ,13.5 ,27.6 ,1.42 ,6.6
951330 ,51330 ,75.4 ,17.9 ,13.2 ,3.81 ,5.1
951340 ,51340 ,94.2 ,13.9 ,25 ,1.48 ,6.8
951350 ,51350 ,75 ,10 ,21.6 ,0.98 ,5.5
951351 ,51351 ,67.3 ,10.1 ,20.5 ,1.06 ,5.2
951352 ,51352 ,68.4 ,9.8 ,20.1 ,1.09 ,5.3
951370 ,51370 ,80.1 ,16.6 ,10 ,4.05 ,5.4
951380 ,51380 ,77.4 ,15.9 ,28 ,2.32 ,5.5
951390 ,51390 ,166.7 ,0.9 ,4.6 ,0.54 ,4.7
951390 ,51390 ,60.5 ,8.6 ,16.9 ,1.33 ,4.8
951410 ,51410 ,126.9 ,7.8 ,14.2 ,1.2 ,6.6
951420 ,51420 ,80.6 ,15.5 ,22.7 ,2.32 ,5.7
951430 ,51430 ,56.9 ,13 ,28.8 ,2.22 ,4.8
951440 ,51440 ,76.6 ,11.1 ,24.1 ,1.43 ,5.3
951450 ,51450 ,59.6 ,9.4 ,16 ,1.85 ,5.4
951470 ,51470 ,124.8 ,11.3 ,22.6 ,1.4 ,6.6
951500 ,51500 ,113.8 ,8.7 ,16 ,1.27 ,6.5
951501 ,51501 ,108 ,8.7 ,16.7 ,1.21 ,6.6
951502 ,51502 ,105.7 ,8.7 ,16.4 ,1.19 ,6.6
951510 ,51510 ,69 ,10 ,30.1 ,1.22 ,4.7
951520 ,51520 ,109.5 ,14.7 ,16.9 ,1.79 ,6.6
951530 ,51530 ,117.8 ,7.3 ,12.8 ,0.62 ,6.8
951540 ,51540 ,121.7 ,2.3 ,4.3 ,0.56 ,6.1
951550 ,51550 ,57.8 ,4.5 ,11 ,0.62 ,5.1
951551 ,51551 ,49.1 ,5.7 ,12.8 ,0.76 ,5.2
951552 ,51552 ,56.6 ,5.3 ,12.8 ,0.78 ,5.3
951560 ,51560 ,47.4 ,3.8 ,7.9 ,0.61 ,5.2
951570 ,51570 ,92.3 ,5.2 ,17.4 ,1.06 ,6.1
951580 ,51580 ,84.2 ,5.7 ,11.7 ,1.37 ,5.4
951590 ,51590 ,95 ,4 ,7.5 ,0.81 ,6.4
951600 ,51600 ,110 ,2 ,3.7 ,0.49 ,6.5
951601 ,51601 ,136.4 ,2.2 ,4.9 ,0.47 ,6.5
951602 ,51602 ,96.6 ,2.9 ,5.1 ,0.46 ,6.6
951610 ,51610 ,114.5 ,6.2 ,10.6 ,1.08 ,6.1
951620 ,51620 ,71.1 ,7.6 ,22.2 ,1.51 ,5.4
951630 ,51630 ,41.8 ,11 ,26.3 ,1.58 ,4.9
951640 ,51640 ,70.6 ,1.7 ,3 ,0.41 ,4.7
951660 ,51660 ,64.4 ,4.5 ,12.1 ,0.76 ,5.6
951690 ,51690 ,85.4 ,12.3 ,11.7 ,1.88 ,6.5
951700 ,51700 ,78.3 ,8.3 ,17 ,1.31 ,5.3
951701 ,51701 ,77.6 ,8.5 ,15 ,1.43 ,5.4
951702 ,51702 ,75.9 ,8.3 ,15.2 ,1.38 ,5.5
951710 ,51710 ,47.4 ,7.6 ,18 ,1.33 ,4.7
951720 ,51720 ,75.4 ,11.4 ,17.9 ,0.65 ,5.5
951730 ,51730 ,60.9 ,2.3 ,2.2 ,0.53 ,5.2
951750 ,51750 ,79.4 ,3.4 ,7.2 ,0.8 ,5.7
951751 ,51751 ,78.8 ,3.3 ,7.7 ,0.71 ,5.7
951752 ,51752 ,78.1 ,3.2 ,8.1 ,0.69 ,5.7
951760 ,51760 ,93.7 ,6.3 ,18.2 ,0.8 ,5.7
951770 ,51770 ,94.4 ,9 ,22.3 ,0.97 ,6.2
951780 ,51780 ,77.7 ,13 ,33.4 ,1.95 ,5.7
951790 ,51790 ,78 ,12.3 ,16.2 ,1.75 ,5.8
951800 ,51800 ,83.6 ,6.1 ,30.2 ,0.74 ,6.1
951801 ,51801 ,83 ,5.3 ,30.1 ,0.63 ,6.1
951802 ,51802 ,76.8 ,5.6 ,30.5 ,0.65 ,6.1
951810 ,51810 ,68.6 ,3.5 ,8.1 ,0.76 ,5.2
951820 ,51820 ,78.8 ,5.2 ,10.1 ,0.95 ,5.5
951840 ,51840 ,66.3 ,9.8 ,21.6 ,1.83 ,5.2
951850 ,51850 ,103.6 ,5.6 ,12.2 ,0.81 ,6.6
951851 ,51851 ,115.8 ,5.7 ,14.7 ,0.76 ,6.8
951852 ,51852 ,120.7 ,5.8 ,15 ,0.72 ,6.8
951880 ,51880 ,88.4 ,8.6 ,22.9 ,1.57 ,6
951890 ,51890 ,55.1 ,6.9 ,24.1 ,0.86 ,4.5
951900 ,51900 ,64.9 ,7.4 ,20.1 ,0.88 ,5.1
951901 ,51901 ,67.1 ,7.3 ,18.4 ,0.87 ,5.2
951902 ,51902 ,58.5 ,8.2 ,19.9 ,0.87 ,5.3
951910 ,51910 ,115.3 ,17.7 ,26.7 ,1.64 ,7.1
951920 ,51920 ,66 ,15.9 ,23.3 ,1.54 ,5
951930 ,51930 ,86.2 ,11.6 ,28 ,0.93 ,4.8
951940 ,51940 ,89.3 ,17.8 ,25.6 ,1.6 ,6
951950 ,51950 ,38.1 ,12.6 ,18.3 ,2.17 ,5.1
951951 ,51951 ,77.9 ,12.2 ,17.9 ,2.17 ,5.3
951952 ,51952 ,83.1 ,11.8 ,18.4 ,2.17 ,5.7
951960 ,51960 ,59.5 ,7.9 ,10.6 ,1.99 ,5.1
951970 ,51970 ,82.4 ,16.5 ,29.5 ,2.11 ,5.6
951980 ,51980 ,62 ,14.2 ,25.7 ,2.35 ,4.8
951990 ,51990 ,45.9 ,13.5 ,24.5 ,2.41 ,4.6
952000 ,52000 ,54.2 ,11.8 ,28.5 ,1.57 ,4.7
952001 ,52001 ,62.2 ,12.7 ,30.7 ,1.74 ,4.8
952002 ,52002 ,87.7 ,13 ,28.6 ,1.76 ,4.8
