FXUS04 KWBC 061018 PZB

      403873 400869 395865 391864 383867 380871 377884 375890 
      374895 368904 366908 362912 349926 335943 325961 317980 
      312000 311012 311020 312025 318035 319039 323043 334045 
      341042 343040 346035 348023 351017 354016 361013 366011 
      376012 386016 388021 391027 393031 397033 398039 396043 
      394045 391045 386043 378042 373040 366040 363041 359043 
      356047 355051 357055 362057 374057 381062 392060 397060 
      401061 404060 406066 409070 415071 420067 424066 426068 
      431070 437071 442071 444075 446078 449080 456079 460081 
      464078 468073 470066 472053 467042 467033 469030 469025 
      472021 477018 483010 487006 489001 496987 500977 503959 
      505945 508931 508919 
 0.01 448696 446695 444699 445701 447699 448696 
 0.01 442995 441991 441990 441987 438983 435983 432983 429984 
      429985 429989 430993 430994 431996 433000 434000 436001 
      439001 441999 442997 442995 
 0.01 344068 345063 345058 341052 335050 329052 326054 325058 
      327062 330064 333065 334068 334078 335083 336085 338084 
      338082 341081 343072 344068 
 0.25 436654 433649 428647 425647 420649 417653 414659 413667 
      411672 409676 404685 399693 392700 380716 373722 366728 
      359735 351742 346747 340753 334762 329769 325776 320782 
      316789 313799 310804 305810 301811 298809 292805 284802 
      278801 272800 269801 266803 271810 269813 267818 271823 
      274825 281826 288826 296826 295832 292838 288847 283854 
      279860 275867 274876 275879 277881 282883 287880 301869 
      308864 311862 313863 315866 318867 320865 326858 329855 
      332852 338849 340851 342860 348860 356855 364850 372845 
      377840 386833 389831 393826 398820 401818 404819 403809 
      412802 417796 422787 424783 424778 419776 416766 416754 
      417742 420734 423726 431706 433698 437690 440680 440671 
      436654 
 0.25 489961 490954 489947 487943 484942 475944 471944 469940 
      467939 463938 457945 455952 456962 459971 461976 463979 
      467984 473982 480976 486971 489962 489961 
 0.25 468892 469885 466879 462875 456870 453869 449871 444876 
      441884 439893 438902 441909 448915 452918 456919 459916 
      463911 466901 468892 468892 
 0.25 453845 450843 449842 446843 445845 444848 444849 445849 
      448850 449851 451851 452850 453847 453845 
 0.25 416936 415928 413924 406915 400909 396907 393907 390909 
      387913 386917 385924 387939 387950 386964 386969 388976 
      386990 386995 387000 389006 392009 399013 408018 411018 
      414017 417013 419006 418998 416991 416982 416975 416968 
      414960 414947 416936 
 0.25 356949 357943 356939 353936 349939 341949 334960 327973 
      323987 322002 322009 327015 330016 334016 339011 344998 
      348982 351968 355953 356949 
 0.50 435669 434662 432657 429655 427656 420660 417666 416674 
      413680 405692 395706 387717 382723 379727 365737 357741 
      350746 341756 327777 321788 317801 312810 305820 281861 
      279868 282874 286874 289873 293870 304864 310859 315856 
      317858 321857 326853 335843 340840 346842 353850 360847 
      365844 375835 383832 388828 396817 396809 395804 396801 
      400795 405792 410787 412781 411761 412746 416732 426705 
      430696 434686 435677 435669 
 0.50 480967 480963 479959 477957 474958 472960 471961 470965 
      469968 468970 469971 472973 475972 478970 480967 
 0.50 461898 462894 459892 457891 455890 452889 451893 453897 
      454897 455900 458902 460901 461898 
 0.50 410988 409982 405977 402974 397978 394982 393986 391990 
      391998 393003 396007 399008 405009 408007 409003 409999 
      409992 410988 
 0.50 345972 344967 343962 339963 335967 331974 329981 327988 
      327996 327002 332004 336003 339997 341990 343983 344974 
      345972 
 0.50 295817 294814 291812 288810 287810 284808 283808 281807 
      278807 277811 278814 279817 281817 283818 284819 287820 
      288820 291821 294820 295817 
 1.00 426694 426688 424684 420681 419682 411690 398714 387738 
      384744 383744 378740 373742 351751 345757 342761 337770 
      324790 320802 320808 320811 319814 310821 302830 296839 
      291848 287858 286861 287865 291865 303860 311853 325847 
      332840 338831 342825 345825 349826 354823 359825 362828 
      365831 368825 372815 382805 386800 389797 401788 405782 
      405779 401778 400770 401758 403749 406744 411733 426694 
 1.00 390820 388817 385818 383820 382823 384826 385826 387824 
      389821 390820 
 1.00 334984 334985 334984 
 1.50 423692 420689 417689 410696 406704 403711 399718 398723 
      396732 397740 404739 408733 411725 415717 418709 421703 
      423696 423692 
 1.50 383780 383772 381766 377763 376758 375756 371755 369756 
      367761 364760 360757 358755 354757 347763 341771 333786 
      327795 325798 326804 328807 334806 341804 347798 353790 
      358781 361779 365781 366800 371800 374801 377801 379798 
      381794 383780 
 1.50 312834 311830 311827 307828 303832 299838 296843 293849 
      290855 292859 296859 302854 306850 309844 311837 312834 
 2.00 420694 416694 411699 409703 406709 404714 402718 401722 
      401729 404730 406728 409724 410719 413713 416710 418705 
      420699 420694 
 2.00 379786 376784 375783 375784 374789 377789 379786 
 2.00 306839 304837 304836 301837 301838 299841 298842 297844 
      296846 296848 294851 294852 294854 297854 300852 302849 
      303847 304845 305843 305841 306839 
 2.00 375792 374790 374792 375792 375792  
 
24HR QP VT 09/12Z
 0.01 547174 546163 544153 539135 534118 527101 520090 514082 
      509077 504076 500079 495080 491078 485076 478074 472077 
      471083 471089 474098 479112 481117 481121 481129 474146 
      473156 473163 474173 477181 481195 483204 486210 491216 
      495226 496233 499235 502233 504231 507224 508215 512207 
      515206 518208 523208 526206 527204 530205 533207 537208 
      539207 
 0.01 480680 480673 476670 471671 471687 470691 468694 465694 
      460694 448694 443696 439700 435708 431713 425715 420718 
      417722 412735 403749 394761 391767 388773 387779 383784 
      377790 373792 368793 362806 359811 353817 349824 344832 
      338837 332841 328843 324843 326836 328824 332812 341801 
      349789 354781 357774 362759 363756 361753 358751 349752 
      344754 337755 332754 319760 305767 296769 289772 271780 
      267783 259789 251796 243806 238816 236821 236829 239839 
      246853 255867 264879 267883 274886 277889 280896 285908 
      290921 293929 295935 298944 301953 302959 302964 300972 
      304989 303996 303000 305003 310004 313003 315002 318000 
      322002 325008 328013 331014 335014 340010 343008 344004 
      347996 350987 352978 353971 356955 361941 372917 379904 
      386894 388894 390897 392901 393905 393910 394917 398926 
      404944 407951 412956 417959 423962 429962 436961 441958 
      448953 457943 462937 468931 473925 477921 479916 480904 
      481895 482873 482864 482858 481852 478843 476836 475830 
      475821 476812 480795 482776 483765 482751 481739 478728 
      473706 473699 476693 479686 480680 
 0.01 459634 457628 454622 450620 446621 438626 429634 422642 
      420651 423672 422677 420681 418686 416688 413694 410697 
      408701 409707 412708 415708 422702 429693 436687 442683 
      447681 452678 457670 459663 460657 460648 459638 459634 
 0.01 494041 493037 490030 484021 478011 473003 470000 465997 
      460999 458005 458013 459022 464033 467037 470038 475042 
      477046 480050 485054 490052 493045 494041 
 0.01 354068 354061 354058 352055 349053 347050 344045 341044 
      338048 337051 336058 334062 333066 332072 335073 341073 
      347074 352072 354068 
 0.25 534180 536175 536170 534160 531153 527146 523143 515140 
      504136 498133 496130 492128 489128 487131 486134 486138 
      491152 495155 498163 499170 500175 502178 505178 511175 
      512164 514161 517161 520164 522168 523173 527179 533181 
      534180 
 0.25 502214 500209 498209 498213 499217 502214 
 0.25 442737 439736 436739 432746 427749 422754 419760 417768 
      412774 404781 398787 390791 384795 370808 367815 366818 
      368822 376821 385816 387819 389824 386831 377845 373853 
      372860 372864 374866 382866 387862 394857 411849 417844 
      417838 414833 409826 407823 406817 423788 427783 430775 
      432766 435762 439759 444754 444748 442737 
 0.25 467866 465852 464844 462837 458828 454823 450821 445818 
      437818 431822 428827 426832 423838 422843 423846 426853 
      430860 432867 431872 422887 419896 420904 423908 430910 
      440909 444908 452902 458895 461890 464885 466878 467866 
 0.25 359833 356833 354835 353835 354836 357835 359833 
 0.25 344850 342848 340849 336853 332856 330858 326863 323867 
      321870 319874 320879 323879 326877 331873 333870 335867 
      338862 340858 342854 344850 
 0.25 326797 322795 316795 312795 309793 306793 297800 292801 
      285801 278797 273796 269798 264802 258802 253804 249807 
      248810 250813 254814 261814 266814 273819 277823 280829 
      283854 284861 285864 287864 295861 298858 304850 310839 
      319819 323809 325803 326797 
 0.25 340952 340946 339939 333931 329939 327948 323959 321966 
      319972 320976 321979 327985 329988 332987 334977 337967 
      339956 340952 
 0.50 460855 460851 458847 456844 455843 453841 452840 450838 
      448835 447834 446835 445837 444841 443844 443845 444849 
      444853 445857 447861 450862 453861 456861 459860 460855 
 0.50 443887 445883 442881 439883 439885 439889 440889 443888 
      443887 
 0.50 420781 417780 414780 412784 412785 410787 408789 407792 
      409795 411794 412793 414790 415787 416786 418783 420781 
 0.50 390800 389800 386801 386802 387803 389801 390800 
 0.50 384807 381805 379807 377809 376811 377811 380810 382808 
      384807 
 0.50 317815 316809 313807 310808 300814 290817 291828 290837 
      288846 288856 294857 297855 300852 305843 309835 312827 
      315819 317815 
 0.50 334957 334956 334957 334957 
 0.50 332961 331959 331961 332961 332961 
 0.50 260808 258808 256810 258810 260808 
 0.50 496140 495138 494140 495141 496140 
 1.00 311817 305818 300823 297829 295834 293841 291848 293851 
      296851 301845 303840 306834 308828 310821 311817 
 1.50 305830 306826 304826 303827 302829 300831 300832 298835 
      297836 296839 295840 294843 294844 295846 298844 300842 
      302838 302837 303834 304834 305830 305830  
 
$$
