1115317500 3410227473 2499448909
1115317500 101261 2205334 101261 2205334
1115317201 91261 2477717 91261 2477717
1115317200 92182 2508916 229430 7157568
1115316900 229350 7157568 229430 7157568
1115316600 217717 7159648 228876 7313592
1115316300 228844 7313592 228876 7313592
1115316000 224473 7282234 245310 7313592
1115315700 245310 4961799 245310 4961799
1115315400 146225 4961799 146225 4961799
1115315100 165267 2894715 165267 2894715
1115314800 110341 2930508 110341 2930508
1115314500 105594 4815510 149912 4815510
1115314200 149912 4815510 149912 4815510
1115313900 67349 579438 67492 581328
1115313600 24830 14621 24830 14621
1115313300 54758 14305 54758 14305
1115313000 101671 2317538 101671 2317538
1115312700 123107 3259203 216408 3261565
1115312400 216408 2553023 216408 2553023
1115312100 96357 2553023 96357 2553023
1115311800 98855 2190221 155187 4182381
1115311500 155843 4215999 220815 7544243
1115311200 220959 7544243 235290 7544243
1115310900 235301 7539567 238836 7544243
1115310600 238703 6141592 238836 6141592
1115310300 230861 6141592 230914 6141592
1115310000 215055 6141592 215055 6141592
1115309700 119754 3625610 119754 3625610
1115309400 127152 3250692 127152 3250692
1115309100 100027 4821178 100027 4821178
1115308800 148094 4821178 148094 4821178
1115308500 80099 1514682 80099 1514682
1115308200 40474 19101 60293 19117
1115307900 60293 14427 60293 14427
1115307600 20920 13228 20920 13228
1115307300 33249 21135 33249 21135
1115307000 44745 19605 44745 19605
1115306700 22989 18034 52790 22624
1115306400 52790 22624 52790 22624
1115306100 24625 13812 52653 20126
1115305800 52653 20126 52653 20126
1115305500 20790 17605 20790 17605
1115305200 54954 13655 54954 13655
1115304900 19698 16219 19698 16219
1115304600 32291 16063 197974 18056
1115304300 197974 18056 197974 18056
1115304000 53558 12599 53558 12599
1115303700 8988 10100 8988 10100
1115303400 48280 38449 48280 38449
1115303100 24083 38275 39303 38352
1115302800 39303 15309 39303 15309
1115302500 29868 10956 29868 10956
1115302200 62162 14460 62162 14460
1115301900 14522 15558 14522 15558
1115301600 35409 13608 35409 13608
1115301300 30171 13670 34564 15105
1115301000 34564 15105 34564 15105
1115300700 191497 18570 192038 18597
1115300400 29765 10507 29765 10507
1115300100 40450 14659 40450 14659
1115299800 22665 10606 22665 10606
1115299500 37386 18594 37386 18594
1115299200 32196 10499 48244 11758
1115298900 48244 11758 48244 11758
1115298600 54836 16391 54836 16391
1115298300 24350 25926 24482 26215
1115298000 17915 11801 17915 11801
1115297700 33238 21172 35778 21215
1115297400 35778 8527 35778 8527
1115297100 291661 20882 292572 20925
1115296800 19426 8280 19426 8280
1115296500 36767 10286 36767 10286
1115296200 34171 8116 34171 8116
1115295900 40855 6125 40855 6125
1115295600 19124 5811 42888 6294
1115295300 42888 6294 42888 6294
1115295000 43496 16334 43496 16334
1115294700 21947 14266 21947 14266
1115294400 44144 8230 44144 8230
1115294100 21374 6395 21378 6396
1115293800 20281 6249 20281 6249
1115293500 170168 15880 170168 15880
1115293200 40726 8198 40726 8198
1115292900 25977 5161 25977 5161
1115292600 27333 5091 27340 8090
1115292300 25484 8090 25484 8090
1115292000 45285 6388 45285 6388
1115291700 15554 16531 15554 16531
1115291400 64549 9398 64549 9398
1115291100 9815 7215 25859 9976
1115290800 25859 9976 25859 9976
1115290500 32172 6766 32190 9871
1115290200 27087 9871 27087 9871
1115289900 78311 9336 78311 9336
1115289600 60651 19006 60811 19034
1115289300 12959 10746 12959 10746
1115289000 41504 5912 41593 5919
1115288700 15015 4055 15015 4055
1115288400 18712 8652 18712 8652
1115288100 26408 5013 26408 5013
1115287800 46085 5481 46085 5481
1115287500 26506 7417 35927 7418
1115287200 35927 7335 35927 7335
1115286900 22592 5639 22592 5639
1115286600 25138 7467 25138 7467
1115286300 204086 20619 204086 20619
1115286000 20899 7696 36609 8416
1115285700 36609 8416 36609 8416
1115285400 38409 7260 38409 7260
1115285100 18442 9339 18442 9339
1115284800 15735 5584 15735 5584
1115284500 38007 17220 38016 17248
1115284200 35379 8999 35379 8999
1115283900 18471 11979 18471 11979
1115283600 38844 6733 47761 6734
1115283300 47761 6621 47761 6621
1115283000 25754 8485 25754 8485
1115282700 117652 11956 117652 11956
1115282400 30865 8140 30865 8140
1115282100 33568 7812 33615 7819
1115281800 19519 5945 19519 5945
1115281500 27357 7671 36211 24893
1115281200 36206 24837 36211 24893
1115280900 34806 8145 34806 8145
1115280600 41188 11740 41301 11758
1115280300 7643 6373 7643 6373
1115280000 14558 11772 14558 11772
1115279700 42467 17443 42467 17443
1115279400 39167 8177 39167 8177
1115279100 111802 20912 112023 20922
1115278800 45771 18035 45771 18035
1115278500 18151 10352 18151 10352
1115278200 62252 8453 62252 8453
1115277900 43954 7279 43954 7279
1115277600 57558 7654 57633 7898
1115277300 35294 7898 35294 7898
1115277000 27225 11372 27225 11372
1115276700 53342 19875 53342 19875
1115276400 15769 10216 15769 10216
1115276100 47205 11584 47237 16339
1115275800 37844 16339 37844 16339
1115275500 116870 21148 117024 28477
1115275200 70915 28477 70915 28477
1115274900 32980 9512 32980 9512
1115274600 17081 12961 17081 12961
1115274300 51560 24515 51560 24515
1115274000 34153 10183 45078 23874
1115273700 45078 23874 45078 23874
1115273400 45011 7954 45011 7954
1115273100 75486 13830 75486 13830
1115272800 21179 9693 21179 9693
1115272500 25367 7459 53379 10890
1115272200 53379 10890 53379 10890
1115271900 141617 14950 141617 14950
1115271600 51385 11469 51385 11469
1115271300 43392 23978 43392 23978
1115271000 50872 15832 50951 15854
1115270700 27520 9390 27520 9390
1115270400 32761 19321 32761 19321
1115270100 26536 13701 26536 13701
1115269800 30395 13795 30395 13795
1115269500 55645 12796 55672 12801
1115269200 47738 11319 47738 11319
1115268900 35019 19483 35025 21135
1115268600 33330 21135 33330 21135
1115268300 100935 17227 100935 17227
1115268000 59413 10673 59413 10673
1115267700 25211 9991 25211 9991
1115267400 38243 16678 57804 16685
1115267100 57804 14882 57804 14882
1115266800 27744 13662 27744 13662
1115266500 48222 13717 48222 13717
1115266200 50546 15743 50546 15743
1115265900 45225 36271 45314 36332
1115265600 18685 18327 18685 18327
1115265300 73107 15524 73107 15524
1115265000 38074 12436 38074 12436
1115264700 77991 11900 77991 11900
1115264400 69554 12620 69640 12633
1115264100 43852 9008 43852 9008
1115263800 17787 8608 23725 11403
1115263500 23725 11403 23725 11403
1115263200 23725 9927 23725 9927
1115262900 61179 15981 61179 15981
1115262600 44955 12056 44955 12056
1115262300 28125 25994 29357 26033
1115262000 29357 14536 29357 14536
1115261700 55446 14673 55446 14673
1115261400 17682 11456 17682 11456
1115261100 121917 15075 121917 15075
1115260800 52757 11346 52762 11743
1115260500 51405 11743 51405 11743
1115260200 27288 11322 27288 11322
1115259900 35727 11957 35727 11957
1115259600 40366 13055 40366 13055
1115259300 42381 11556 72071 13368
1115259000 72071 13368 72071 13368
1115258700 32483 11880 32483 11880
1115258400 23632 10798 24711 10803
1115258100 24711 9315 24711 9315
1115257800 41092 12124 41092 12124
1115257500 54494 13050 54494 13050
1115257200 57174 12366 57174 12366
1115256900 48498 8995 48503 13623
1115256600 47286 13623 47286 13623
1115256300 26407 10686 26407 10686
1115256000 47188 12215 47188 12215
1115255700 24544 12938 24544 12938
1115255400 35064 16703 50264 16717
1115255100 50264 12573 50264 12573
1115254800 43402 17300 43402 17300
1115254500 46067 11475 46067 11475
1115254200 48056 15019 48056 15019
1115253900 52946 16577 52979 16589
1115253600 43123 13274 43123 13274
1115253300 42005 9122 42023 19708
1115253000 36674 19708 36674 19708
1115252700 54695 13409 54695 13409
1115252400 34278 11019 37721 19609
1115252100 37721 19609 37721 19609
1115251800 22941 16285 73080 37043
1115251500 73080 37043 73080 37043
1115251200 16824 20128 16824 20128
1115250900 54210 24617 54210 24617
1115250600 55640 55821 55640 55821
1115250300 56949 25374 57050 52670
1115250000 27025 52670 27025 52670
1115249700 75727 18416 75727 18416
1115249400 8934 19355 8934 19355
1115249100 47002 15620 47002 15620
1115248800 31902 26741 49789 26781
1115248500 49789 15073 49789 15073
1115248200 32424 17584 32424 17584
1115247900 47879 16097 47879 16097
1115247600 19361 17948 19361 17948
1115247300 52872 36249 52888 36305
1115247000 48291 19595 48291 19595
1115246700 253982 28668 253982 28668
1115246400 36014 35432 36014 35432
1115246100 37846 20868 37846 20868
1115245800 28956 10902 38118 14868
1115245500 38118 14868 38118 14868
1115245200 49146 19494 49204 19508
1115244900 31860 15492 31860 15492
1115244600 29391 28653 29391 28653
1115244300 56845 47547 56845 47547
1115244000 10850 35676 10850 35676
1115243700 41599 17216 41632 20222
1115243400 31836 20222 31836 20222
1115243100 142209 51092 142209 51092
1115242800 31146 32675 31146 32675
1115242500 48113 166324 48113 166324
1115242200 30208 23837 30221 75667
1115241900 26517 75667 26517 75667
1115241600 42085 32133 42085 32133
1115241300 24183 37719 24183 37719
1115241000 46538 20081 46538 20081
1115240700 29835 19242 29835 19242
1115240400 26622 19483 26622 19483
1115240100 34702 19302 34719 19314
1115239800 29841 15917 29841 15917
1115239500 64074 18294 64074 18294
1115239200 51032 18950 51032 18950
1115238900 13255 21351 13255 21351
1115238600 50136 20890 50204 20891
1115238300 29975 20736 29975 20736
1115238000 42407 15249 42431 18354
1115237700 35267 18354 35267 18354
1115237400 41147 21634 41147 21634
1115237100 49680 21907 49680 21907
1115236800 29309 16997 29309 16997
1115236500 44248 14062 44248 14062
1115236200 16155 14250 65924 19225
1115235900 65924 19225 65924 19225
1115235600 27813 14179 69545 14183
1115235300 69545 13180 69545 13180
1115235000 9430 17002 9430 17002
1115234700 56852 30301 56852 30301
1115234400 20103 18823 20103 18823
1115234100 34969 16526 41314 16527
1115233800 41314 16517 41314 16517
1115233500 61715 16684 61715 16684
1115233200 34230 17005 34230 17005
1115232900 39403 18603 39403 18603
1115232600 28543 21863 51607 21883
1115232300 51607 16127 51607 16127
1115232000 47979 18799 47979 18799
1115231700 24218 16667 24218 16667
1115231400 44499 12801 44499 12801
1115231100 48135 16739 48135 16739
1115230800 32166 16376 32166 16376
1115230500 37874 17425 37922 18059
1115230200 23667 18059 23667 18059
1115229900 44344 57533 44344 57533
1115229600 26838 19098 26838 19098
1115229300 55313 29474 55313 29474
1115229000 29483 20278 43468 20284
1115228700 43468 18583 43468 18583
1115228400 61716 18515 61716 18515
1115228100 22312 29007 22312 29007
1115227800 18565 25692 18565 25692
1115227500 26198 20187 62606 20192
1115227200 62606 18965 62606 18965
1115226900 13816 13445 46563 15105
1115226600 46563 15105 46563 15105
1115226300 26961 25288 26961 25288
1115226000 50734 21804 50734 21804
1115225700 19067 14992 19067 14992
1115225400 45887 35256 60476 35288
1115225100 60476 25750 60476 25750
1115224800 31559 14361 31559 14361
1115224500 24540 22411 24540 22411
1115224200 38583 29787 38583 29787
1115223900 38718 20388 38720 20393
1115223600 38215 19060 38215 19060
1115223300 34285 20992 51294 21009
1115223000 51294 16062 51294 16062
1115222700 26311 39310 26311 39310
1115222400 28954 16770 33793 20238
1115222100 33793 20238 33793 20238
1115221800 44917 12299 88219 29055
1115221500 88219 29055 88219 29055
1115221200 44419 14170 44419 14170
1115220900 37639 14540 37639 14540
1115220600 24893 14368 24893 14368
1115220300 28527 13048 39575 16520
1115220000 39575 16520 39575 16520
1115219700 52523 16300 52523 16300
1115219400 29436 17047 29436 17047
1115219100 29508 19783 29508 19783
1115218800 30759 17699 44886 26965
1115218500 44886 26965 44886 26965
1115218200 23372 16525 23372 16525
1115217900 210438 20928 210438 20928
1115217600 53059 17025 53059 17025
1115217300 29729 16326 29775 20365
1115217000 16253 20365 16253 20365
1115216700 40377 16861 40378 17536
1115216400 40080 17536 40080 17536
1115216100 25756 22577 25756 22577
1115215800 40385 21084 40385 21084
1115215500 42458 18937 42458 18937
1115215200 32085 14851 32085 14851
1115214900 22889 18122 42921 18133
1115214600 42921 15067 42921 15067
1115214300 149309 24806 149749 24846
1115214000 17820 13127 17820 13127
1115213700 52447 22375 52447 22375
1115213400 13818 9197 13818 9197
1115213100 31929 12504 31929 12504
1115212800 33797 16673 41722 16687
1115212500 41722 12625 41722 12625
1115212200 25123 43922 25123 43922
1115211900 30841 24319 43704 24459
1115211600 43704 17484 43704 17484
1115211300 18079 26786 47290 39746
1115211000 47290 39746 47290 39746
1115210700 281202 24403 281202 24403
1115210400 19186 13007 19186 13007
1115210100 34441 14276 34441 14276
1115209800 47071 8438 47181 9519
1115209500 14420 9519 14420 9519
1115209200 24542 8447 28023 8454
1115208900 28023 6616 28023 6616
1115208600 31875 10327 31875 10327
1115208300 33211 11134 36498 11140
1115208000 36498 9617 36498 9617
1115207700 21060 9977 39181 10045
1115207400 39181 10045 39181 10045
1115207100 154611 15317 154611 15317
1115206800 40605 17061 40605 17061
1115206500 18816 13333 18816 13333
1115206200 26079 10476 34890 10486
1115205900 34890 7725 34890 7725
1115205600 38762 7171 38762 7171
1115205300 24753 6077 42913 7668
1115205000 42913 7668 42913 7668
1115204700 19030 9907 20754 9919
1115204400 20754 6468 20754 6468
1115204100 47266 14897 47266 14897
1115203800 19868 5777 19868 5777
1115203500 92094 12760 92094 12760
1115203200 22935 8025 36883 9799
1115202900 36883 9799 36883 9799
1115202600 19286 4196 19286 4196
1115202300 38866 5808 38866 5808
1115202000 25482 4898 25482 4898
1115201700 44264 7231 44356 7238
1115201400 16772 5223 16772 5223
1115201100 29577 27889 29577 27889
1115200800 26013 5597 26013 5597
1115200500 43163 7783 43163 7783
1115200200 17913 10145 219246 24038
1115199900 219246 24038 219246 24038
1115199600 35072 7940 35072 7940
1115199300 15725 10446 15725 10446
1115199000 35530 6838 35530 6838
1115198700 16550 12924 20394 12944
1115198400 20394 7152 20394 7152
1115198100 50146 6103 50211 6701
1115197800 30890 6701 30890 6701
1115197500 11482 8924 11482 8924
1115197200 42379 6033 42379 6033
1115196900 22975 6319 34773 6321
1115196600 34773 5753 34773 5753
1115196300 117207 10664 117207 10664
1115196000 18848 14068 28417 31382
1115195700 28417 31382 28417 31382
1115195400 33070 5645 33086 51870
1115195100 28503 51870 28503 51870
1115194800 36083 6906 36134 8137
1115194500 20941 8141 50412 9504
1115194200 50412 9504 50412 9504
1115193900 5586 9484 5586 9484
1115193600 12480 7061 12480 7061
1115193300 32432 19814 32432 19814
1115193000 43619 7927 72493 9543
1115192700 72493 9543 72493 9543
1115192400 45683 10402 45683 10402
1115192100 28762 4641 28762 4641
1115191800 49269 8505 49269 8505
1115191500 28383 6955 43652 6957
1115191200 43652 6388 43652 6388
1115190900 58049 9595 58049 9595
1115190600 46906 7317 46906 7317
1115190300 22940 11360 22940 11360
1115190000 56018 9569 56018 9569
1115189700 46545 9697 46545 9697
1115189400 56292 9658 56292 9658
1115189100 115259 14637 115450 14653
1115188800 58298 9994 58298 9994
1115188500 14229 7792 14229 7792
1115188200 51560 15242 51560 15242
1115187900 29480 6622 29480 6622
1115187600 57559 16477 57596 27516
1115187300 46771 27516 46771 27516
1115187000 29360 14959 47111 14961
1115186700 47111 14413 47111 14413
1115186400 37145 39497 37145 39497
1115186100 26217 63542 55449 63729
1115185800 55449 7674 55449 7674
1115185500 89141 48387 89300 48522
1115185200 41723 8200 41723 8200
1115184900 27939 11191 27939 11191
1115184600 23112 10982 23112 10982
1115184300 55011 10545 55011 10545
1115184000 37617 21382 65304 21405
1115183700 65304 14711 65304 14711
1115183400 38238 25547 38238 25547
1115183100 24941 10816 24941 10816
1115182800 28172 11689 28172 11689
1115182500 36103 8555 78792 19059
1115182200 78792 19059 78792 19059
1115181900 70460 19059 70460 19059
1115181600 59552 18004 59552 18004
1115181300 44834 10643 44834 10643
1115181000 12993 9147 19441 19354
1115180700 19441 19354 19441 19354
1115180400 41746 7260 41746 7260
1115180100 31944 11114 31944 11114
1115179800 76654 12428 76654 12428
1115179500 40734 11115 40734 11115
1115179200 13907 14725 13907 14725
1115178900 37160 10060 37189 10064
1115178600 28560 9022 28560 9022
1115178300 294197 19544 294197 19544
1115178000 50784 9206 50784 9206
1115177700 68288 12362 68288 12362
1115177400 11323 10079 32900 10529
1115177100 32900 10529 32900 10529
1115176800 33921 10246 33921 10246
1115176500 54646 24553 54646 24553
1115176200 39057 11727 39057 11727
1115175900 81168 16709 81404 16722
1115175600 10666 13099 10666 13099
1115175300 18783 15677 18783 15677
1115175000 58732 10611 58732 10611
1115174700 85606 14945 85606 14945
1115174400 37024 10737 37058 12463
1115174100 27002 12463 27002 12463
1115173800 32152 9709 47857 13421
1115173500 47857 13421 47857 13421
1115173200 14931 8237 14931 8237
1115172900 61840 12064 61960 25973
1115172600 25981 25973 25981 25973
1115172300 54925 32728 54925 32728
1115172000 38809 11719 38858 17526
1115171700 24218 17526 24218 17526
1115171400 53868 20657 53868 20657
1115171100 53092 13572 53092 13572
1115170800 52546 17817 52546 17817
1115170500 41824 20179 44509 146222
1115170200 44509 146222 44509 146222
1115169900 24470 33740 38345 33749
1115169600 38345 31244 38345 31244
1115169300 44529 14068 44529 14068
1115169000 37481 9482 42296 13215
1115168700 42296 13215 42296 13215
1115168400 31105 13348 31110 13361
1115168100 29857 9561 29857 9561
1115167800 21834 18916 21834 18916
1115167500 76870 12673 77013 12678
1115167200 34164 11178 34164 11178
1115166900 42268 15150 42337 26782
1115166600 21854 26782 21854 26782
1115166300 35475 26581 35475 26581
1115166000 39526 27045 39526 27045
1115165700 30968 11515 30968 11515
1115165400 28045 12630 63781 15421
1115165100 63781 15421 63781 15421
1115164800 43711 14193 43711 14193
1115164500 28749 15299 28749 15299
1115164200 25587 14781 25587 14781
1115163900 49808 18056 49808 18061
1115163600 49808 16744 49808 16744
1115163300 43126 13890 43126 13890
1115163000 47148 15419 47148 15419
1115162700 29035 19011 29035 19011
1115162400 17254 14311 49534 23691
1115162100 49534 23691 49534 23691
1115161800 38919 23713 51505 27615
1115161500 51505 27615 51505 27615
1115161200 36865 21179 36865 21179
1115160900 42176 39597 42176 39597
1115160600 36710 32314 36710 32314
1115160300 65713 21871 65810 21882
1115160000 36851 18595 36851 18595
1115159700 56737 15935 56737 15935
1115159400 51945 18759 51945 18759
1115159100 21743 16222 21743 16222
1115158800 30341 15820 46526 18031
1115158500 46526 18031 46526 18031
1115158200 29021 25722 29021 25722
1115157900 53223 23769 53223 23769
1115157600 41590 27357 41590 27357
1115157300 15341 19778 57206 19780
1115157000 57206 19326 57206 19326
1115156700 44894 16936 53347 16945
1115156400 53347 14493 53347 14493
1115156100 51523 20298 51523 20298
1115155800 27932 15973 37167 18317
1115155500 37167 18317 37167 18317
1115155200 32095 19689 32151 38902
1115154900 15599 38902 15599 38902
1115154600 46166 14769 46166 14769
1115154300 58188 25320 58188 25320
1115154000 34972 26499 34972 26499
1115153700 24137 24499 44711 24532
1115153400 44711 14828 44711 14828
1115153100 58944 15557 58944 15557
1115152800 35296 13972 35296 13972
1115152500 47128 23569 47128 23569
1115152200 29486 18780 54384 20925
1115151900 54384 20925 54384 20925
1115151600 21660 20009 21660 20009
1115151300 44920 23313 44920 23313
1115151000 26557 18579 26557 18579
1115150700 45845 21208 45845 21208
1115150400 23400 24381 23400 24381
1115150100 59938 12569 59938 12569
1115149800 24036 21359 51920 21369
1115149500 51920 18658 51920 18658
1115149200 44771 35497 44773 35557
1115148900 44371 17822 44371 17822
1115148600 45796 15166 45796 15166
1115148300 36183 18635 36242 18652
1115148000 18659 13701 18659 13701
1115147700 22385 32874 36244 32933
1115147400 36244 15282 36244 15282
1115147100 38495 20376 38495 20376
1115146800 45486 21454 45486 21454
1115146500 29215 21993 29215 21993
1115146200 43554 18072 43563 21393
1115145900 41090 21393 41090 21393
1115145600 43499 20748 43499 20748
1115145300 21561 18925 21561 18925
1115145000 52574 38772 52574 38772
1115144700 42042 20423 49290 38441
1115144400 49290 38441 49290 38441
1115144100 32063 25281 32063 25281
1115143800 35605 71293 35605 71293
1115143500 40011 29226 40011 29226
1115143200 12282 15198 84516 26778
1115142900 84516 26778 84516 26778
1115142600 22110 15295 33163 21236
1115142300 33163 21236 33163 21236
1115142000 28250 12454 28250 12454
1115141700 40557 14022 40636 20190
1115141400 17188 20190 17188 20190
1115141100 45281 20517 45290 20529
1115140800 42808 17003 42808 17003
1115140500 36062 32681 36062 32681
1115140200 39866 16494 39866 16494
1115139900 43510 18799 43510 18799
1115139600 28567 13689 58767 13695
1115139300 58767 11897 58767 11897
1115139000 22620 52452 22620 52452
1115138700 208163 23957 208163 23957
1115138400 50029 21067 50029 21067
1115138100 22476 21895 41170 21918
1115137800 41170 15293 41170 15293
1115137500 36910 22043 50770 32411
1115136000 41058 24489 80556 34540
1115134200 33391 22376 43596 26945
1115132400 43673 20596 82514 29784
1115130600 30509 14101 56241 18831
1115128800 64392 18295 232394 28093
1115127000 31963 43064 51525 100345
1115125200 88330 15746 330131 25332
1115123400 23208 8359 49352 9864
1115121600 37516 15551 61503 52456
1115119800 31719 31430 46708 64640
1115118000 54141 11718 159254 17755
1115116200 26596 8506 36036 15321
1115114400 41981 12420 110028 30448
1115112600 26628 8434 39020 14921
1115110800 40566 7107 111499 9468
1115109000 30350 10072 47897 50243
1115107200 43714 15136 86619 50243
1115105400 47587 9602 85586 12871
1115103600 48259 9349 72372 10554
1115101800 42510 12214 69572 23708
1115100000 46975 18178 74656 30406
1115098200 45392 13869 57280 20511
1115096400 46069 15959 85661 29478
1115094600 43598 28427 96738 57291
1115092800 59256 13704 163410 31234
1115091000 43741 22064 72589 53703
1115089200 49021 25593 115501 60965
1115087400 45693 35917 62992 73401
1115085600 44927 14924 76596 18638
1115083800 41679 13735 80275 16490
1115082000 46537 15944 85173 31523
1115080200 42131 15212 63082 17908
1115078400 45159 17598 118735 26502
1115076600 38951 14562 78440 17884
1115074800 39763 28949 64254 36159
1115073000 35039 25283 57224 37709
1115071200 41601 27364 56154 59753
1115069400 44033 37603 62705 74370
1115067600 41697 35389 59334 64169
1115065800 35715 19122 59250 20494
1115064000 36785 20794 70020 35237
1115062200 34241 42119 47346 89373
1115060400 40507 23081 66868 34765
1115058600 38185 24275 58820 31926
1115056800 38432 22293 56875 31068
1115055000 34932 16915 65837 73052
1115053200 62860 30764 197227 73052
1115051400 35836 19246 56517 25603
1115049600 39359 16770 65675 27592
1115047800 35550 17703 71467 24026
1115046000 48151 18163 133061 27167
1115044200 32656 21219 42571 36303
1115042400 62598 18019 217174 31197
1115040600 31665 17891 50785 27618
1115038800 90648 14404 373298 24244
1115037000 31569 7100 44768 11373
1115035200 38608 7994 85075 11283
1115033400 30130 9881 41740 21024
1115031600 44553 9448 119830 13426
1115029800 30913 6360 37905 9116
1115028000 51242 11459 182291 22741
1115026200 28585 7458 37486 9702
1115024400 34087 6782 48933 8172
1115022600 25989 10012 39938 24279
1115020800 40373 11996 61683 22655
1115019000 43792 9379 64605 17339
1115017200 49344 13020 87600 31279
1115015400 43320 11039 69645 16377
1115013600 43469 12338 57538 25105
1115011800 40908 16948 68407 25105
1115010000 44038 12752 77195 24052
1115008200 41000 14457 61575 26805
1115006400 47536 12959 91768 14789
1115004600 42413 13523 66630 27127
1115002800 50113 21803 104398 37102
1115001000 34750 18090 50570 23131
1114999200 47870 15151 93628 26572
1114997400 42643 14577 61722 19797
1114995600 40066 20511 77140 29293
1114993800 39659 17547 49806 28958
1114992000 44184 13164 84487 20490
1114990200 38560 12561 67686 14651
1114988400 37292 9875 53010 12962
1114986600 38903 13840 77415 18341
1114984800 42341 13329 90596 19375
1114983000 37459 11019 49786 13361
1114981200 37522 13502 63049 19096
1114979400 40587 13541 61146 20758
1114977600 35985 11561 65240 16196
1114975800 35163 21094 43845 45035
1114974000 37724 16587 67754 38115
1114972200 35158 18424 60646 27470
1114970400 48552 16701 125469 25046
1114968600 37351 11679 59819 13697
1114966800 44087 11877 99456 15681
1114965000 34493 13798 41393 20788
1114963200 49931 12944 132817 20074
1114961400 35301 12116 55871 23718
1114959600 51078 14112 112708 22732
1114957800 32386 12123 42760 13921
1114956000 78013 13216 310038 21528
1114954200 33369 13808 51053 26499
1114952400 55061 13175 172331 22288
1114950600 31268 12818 42876 24282
1114948800 38676 8581 78790 14397
1114947000 31340 6876 43927 8113
1114945200 38525 20615 86681 71311
1114943400 27839 9714 34032 21723
1114941600 53358 12104 161336 24456
1114939800 30644 21040 50388 29913
1114938000 38368 7622 81936 10834
1114936200 28083 10287 38104 11892
1114934400 39468 14661 77365 27749
1114932600 42147 9870 68471 13997
1114930800 72679 20804 213064 34789
1114929000 43539 11629 69933 16543
1114927200 51486 14654 96737 35122
1114925400 44223 12995 84847 20515
1114923600 36785 9338 66431 10681
1114921800 37452 13066 73270 15793
1114920000 62340 14441 177306 20575
1114918200 43963 12805 74671 14731
1114916400 47043 15347 90671 21924
1114914600 40037 12911 77063 15924
1114912800 58399 13024 180725 20536
1114911000 40593 11247 68989 13791
1114909200 43700 18385 64678 44220
1114907400 36281 12104 60662 17620
1114905600 62461 14955 132782 21705
1114903800 35744 11182 75328 15063
1114902000 74961 13339 274121 21717
1114900200 37864 13901 60085 22204
1114898400 44676 19848 98356 36973
1114896600 37166 20097 69241 28982
1114894800 41965 15216 65536 22927
1114893000 38358 20804 50185 39347
1114891200 40067 14531 97080 23059
1114889400 35292 14384 67665 17560
1114887600 35547 19511 54371 46235
1114885800 36388 20933 45693 46235
1114884000 71930 18195 235845 33425
1114882200 35451 14580 50352 17589
1114880400 44693 15150 88859 21533
1114878600 35315 20143 45851 37195
1114876800 46798 12652 101956 16246
1114875000 35898 13558 43845 20947
1114873200 51206 22510 125093 35849
1114871400 35059 16965 47320 30176
1114869600 56613 14921 180257 33065
1114867800 34185 15807 44840 34171
1114866000 51714 22120 132845 38508
1114864200 31948 12173 37700 25276
1114862400 51075 27499 147487 50813
1114860600 29864 22520 47244 50813
1114858800 40900 9902 78242 15965
1114857000 26778 9657 33529 25283
1114855200 52726 9633 165918 24734
1114853400 33443 7408 42746 10997
1114851600 35820 8460 75485 15129
1114849800 30038 10254 48279 14322
1114848000 42038 9803 72751 12006
1114846200 47476 11614 82884 23863
1114844400 56962 9535 124137 11993
1114842600 42932 11506 62890 22538
1114840800 53138 11500 75835 15073
1114839000 34054 11700 48528 19075
1114837200 45488 8631 68808 29981
1114835400 44030 14361 59888 29981
1114833600 52148 11914 109706 13506
1114831800 36400 13984 66791 26402
1114830000 49119 24682 119719 53859
1114828200 40684 19245 59828 29035
1114826400 50091 16731 81590 23822
1114824600 41837 15681 56467 30604
1114822800 46034 13824 60845 29469
1114821000 45641 15017 82224 21248
1114819200 43810 13997 73403 15590
1114817400 35893 19481 57218 46729
1114815600 42215 19247 64174 27549
1114813800 46652 25514 72941 56557
1114812000 47956 38027 86945 69648
1114810200 35491 28735 67378 67569
1114808400 41391 31770 81028 71388
1114806600 40319 43066 71468 63402
1114804800 41128 20451 55183 31309
1114803000 41586 20177 58425 32493
1114801200 42880 27849 59678 63633
1114799400 35231 26623 61986 51024
1114797600 62779 27434 197636 51116
1114795800 35960 25463 59208 49926
1114794000 49677 24609 100324 42999
1114792200 38299 22509 44638 39655
1114790400 64931 22147 207089 37980
1114788600 37063 19862 57621 34465
1114786800 53433 16520 131900 22838
1114785000 35123 16524 53669 20953
1114783200 49076 15488 119967 25211
1114781400 32965 15795 47281 27472
1114779600 83038 30344 319337 92146
1114777800 32029 16807 52090 33038
1114776000 42391 20820 102057 40827
1114774200 33672 12515 47737 21562
1114772400 44089 8402 110982 12391
1114770600 29768 6200 44365 8627
1114768800 44814 14578 114902 38675
1114767000 32235 11729 47889 22443
1114765200 49591 8830 117469 11415
1114763400 27112 8287 42882 11702
1114761600 47923 8873 95479 13730
1114759800 43849 13142 77702 21447
1114758000 56218 11762 120625 16222
1114756200 45764 14918 68268 35244
1114754400 48522 14128 82673 23527
1114752600 46085 27257 61910 49778
1114750800 51164 15880 67589 23088
1114749000 37661 21112 65697 30311
1114747200 47261 19113 76061 33593
1114745400 43471 15814 59285 31150
1114743600 54931 10194 81351 11688
1114741800 44122 15993 90399 22864
1114740000 50697 16748 101967 22963
1114738200 33263 20173 51175 33548
1114736400 46286 16123 80730 22232
1114734600 40362 17927 61213 31085
1114732800 44005 19579 54033 25587
1114731000 46264 18055 76850 22171
1114729200 43042 19899 107674 24086
1114727400 31563 25522 48477 36647
1114725600 47873 38700 97623 115094
1114723800 41800 20754 61805 23544
1114722000 50168 26141 75559 35580
1114720200 37384 20519 55361 27110
1114718400 50891 24173 92372 41193
1114716600 42371 28615 53080 39292
1114714800 43046 40564 63308 59567
1114713000 36627 27950 60202 36414
1114711200 37543 20114 63748 34982
1114709400 40749 19041 61561 32003
1114707600 62554 24736 180312 44115
1114705800 37981 20894 49430 31316
1114704000 56702 89117 181526 439563
1114702200 31176 31536 42297 51740
1114700400 57276 24565 163494 33261
1114698600 29482 21260 51369 42167
1114696800 47321 19297 115248 29122
1114695000 33764 15638 60129 33525
1114693200 78399 13493 315675 22367
1114691400 31942 14753 37745 32060
1114689600 46418 11466 90526 19764
1114687800 29268 12783 44721 25114
1114686000 52580 15193 165954 29940
1114684200 23802 10384 40685 19493
1114682400 44652 11424 124025 21352
1114680600 31245 7605 35181 9373
1114678800 46196 11331 118092 53952
1114677000 29560 22992 46855 53952
1114675200 43305 27771 77557 75791
1114673400 47702 19395 73728 25469
1114671600 53207 18784 117770 27034
1114669800 46251 23167 69915 33957
1114668000 42206 24368 88963 33949
1114666200 45677 28931 95366 44413
1114664400 47924 33973 72285 88297
1114662600 26523 52894 56111 99535
1114660800 64366 31213 152108 48429
1114659000 44621 36362 66336 49528
1114657200 49556 39813 101668 93929
1114655400 38494 41714 65176 84113
1114653600 46860 39733 99105 72568
1114651800 46313 48254 72005 79912
1114650000 47931 26824 79217 44061
1114648200 39697 18906 57681 23956
1114646400 46405 22592 111251 30254
1114644600 41235 27074 67489 31689
1114642800 40810 35121 69227 52541
1114641000 38822 41409 55447 89545
1114639200 47569 17616 97612 23139
1114637400 37110 21906 66341 31464
1114635600 41189 31876 53055 53951
1114633800 34886 24382 57600 34254
1114632000 46462 16998 101850 22328
1114630200 35704 19540 48815 28512
1114628400 35976 15825 53390 19961
1114626600 37846 36047 57690 60786
1114624800 38382 23567 61339 41819
1114623000 32753 23176 46139 31390
1114621200 57764 19625 179751 25885
1114619400 31270 29356 45098 49937
1114617600 44924 18504 122103 19982
1114615800 32218 21464 51597 38454
1114614000 32476 14529 51995 20322
1114612200 25563 19055 42939 24071
1114610400 56946 16581 227075 30896
1114608600 29182 16927 198755 28596
1114606800 68504 11686 198755 21408
1114605000 25568 14276 31571 21863
1114603200 36778 9053 82161 16381
1114601400 22815 11506 31191 21980
1114599600 43323 15245 133574 40205
1114597800 16709 8969 20894 13197
1114596000 40401 11293 99983 17471
1114594200 19997 23035 26912 52519
1114592400 43034 20549 111965 50904
1114590600 23474 6553 43192 7636
1114588800 34318 7974 106140 13216
1114587000 32235 17571 44018 42867
1114585200 41889 13967 115648 35356
1114583400 29647 15188 46647 24383
1114581600 36004 9881 82249 12815
1114579800 23108 12675 40526 27474
1114578000 37777 18000 86771 55784
1114576200 27812 16236 47305 35404
1114574400 49098 15238 152850 19607
1114572600 26918 21058 42664 33767
1114570800 46866 19428 131362 27031
1114569000 27997 13914 41863 16211
1114567200 42746 14909 115891 25514
1114565400 29089 18744 49590 38830
1114563600 42973 12503 93239 21824
1114561800 28455 16104 31845 25144
1114560000 38264 27330 100715 65283
1114558200 27742 17678 42452 20559
1114556400 46369 27854 151891 35226
1114554600 28596 20624 41534 30041
1114552800 42311 22909 118165 34848
1114551000 29693 16545 38983 20926
1114549200 36894 18967 77340 23014
1114547400 30408 25080 52704 42777
1114545600 36653 19079 79685 29538
1114543800 28566 18257 58026 21548
1114542000 61654 22442 192399 39180
1114540200 33724 25434 62191 50007
1114538400 44225 23094 142558 32621
1114536600 30404 17435 49623 19456
1114534800 43269 17375 93114 29035
1114533000 28939 17945 43090 29031
1114531200 84283 18339 205343 23897
1114529400 29401 20565 47196 27228
1114527600 59235 16354 221877 22905
1114525800 27437 15077 51552 17673
1114524000 43840 13326 114446 19616
1114522200 25845 14855 54609 25180
1114520400 82189 32422 340888 63385
1114518600 28784 14380 36349 25848
1114516800 45014 7565 125166 11681
1114515000 20669 7461 44840 9547
1114513200 44866 15866 107950 39477
1114511400 24713 9064 35248 21744
1114509600 51772 11833 186223 23114
1114507800 26254 11073 41699 26192
1114506000 35377 7826 83177 11143
1114504200 24570 16643 40085 44116
1114502400 45178 9080 106215 11344
1114500600 35112 7979 64880 12326
1114498800 54237 8963 123792 13268
1114497000 36974 11906 64183 18401
1114495200 44936 9795 71768 11525
1114493400 31540 14723 45171 23721
1114491600 42215 13810 93251 18950
1114489800 36207 15479 58132 28380
1114488000 54079 17650 164858 30022
1114486200 32172 22514 59478 38732
1114484400 53003 28396 123971 64581
1114482600 36671 13403 71562 17220
1114480800 36827 16362 62088 39901
1114479000 38549 20824 62344 33070
1114477200 38663 16420 68219 33184
1114475400 35246 19068 44090 23888
1114473600 53642 17052 160248 23005
1114471800 34965 16859 46497 21418
1114470000 47423 19896 97682 32106
1114468200 36216 18977 62845 24250
1114466400 44897 20190 101984 33094
1114464600 31135 17878 50558 23891
1114462800 33078 18930 64319 29118
1114461000 34401 24796 50528 47086
1114459200 49040 21663 108673 31844
1114457400 33251 22628 52270 28864
1114455600 32055 30478 51540 48226
1114453800 32463 24388 55715 34789
1114452000 31221 18540 52163 24699
1114450200 32564 19777 42133 27797
1114448400 59412 25254 191427 34830
1114446600 23762 24274 40078 43124
1114444800 65626 25799 265206 36188
1114443000 30280 22449 41377 24220
1114441200 39077 29887 96767 51799
1114439400 28030 15829 51524 18527
1114437600 45402 15087 128012 18178
1114435800 26275 17238 38720 29508
1114434000 70882 15987 302468 27906
1114432200 23025 9581 40270 10918
1114430400 33156 10658 74878 24430
1114428600 26155 7783 35400 12142
1114426800 43251 9204 146164 14649
1114425000 26060 30980 40807 59076
1114423200 47116 40172 177059 79959
1114421400 25546 23660 34992 46259
1114419600 33514 23870 82723 71456
1114417800 25689 22341 42789 37400
1114416000 42970 8220 115626 12988
1114414200 37562 11551 84904 31775
1114412400 40182 14066 118647 30056
1114410600 32398 9653 56745 12719
1114408800 32617 10112 65390 13196
1114407000 34082 23787 46415 56495
1114405200 35213 16039 65943 32336
1114403400 36423 20653 59845 41063
1114401600 41395 15688 135778 22764
1114399800 35275 16730 51944 25557
1114398000 40027 20630 64640 35858
1114396200 32023 16900 52827 23699
1114394400 35944 10878 75170 16507
1114392600 30972 16485 61698 33410
1114390800 38091 21693 59574 59049
1114389000 34428 14830 48814 17466
1114387200 46166 27454 124712 41661
1114385400 32931 18709 39075 30929
1114383600 31426 18333 69449 58938
1114381800 34339 30723 51309 58938
1114380000 33002 22431 60198 41306
1114378200 29186 12481 47928 18712
1114376400 42190 21707 100679 43702
1114374600 30179 11999 50844 23797
1114372800 32692 17521 78306 23797
1114371000 31599 12996 58521 23077
1114369200 29358 17281 49394 22196
1114367400 30143 16474 52948 23418
1114365600 34204 19774 53239 32721
1114363800 30671 16711 47992 23341
1114362000 60814 22084 191209 30466
1114360200 26052 14067 45702 21501
1114358400 39661 12695 84958 15887
1114356600 31316 18011 42456 33250
1114354800 36824 15898 69318 30390
1114353000 24261 14112 37432 22068
1114351200 44678 12747 116941 23395
1114349400 30468 11444 39738 15389
1114347600 69115 12406 297230 26927
1114345800 25809 8837 40564 15392
1114344000 52233 12420 168795 36824
1114342200 27040 8222 37449 9884
1114340400 45757 8412 129883 13446
1114338600 24991 7504 42766 10839
1114336800 52865 14629 162403 30494
1114335000 28617 16322 43771 22117
1114333200 46960 8477 132969 11245
1114331400 27286 9116 34636 14271
1114329600 45711 8759 90303 13410
1114327800 36570 10933 62555 22374
1114326000 45442 10186 103375 14789
1114324200 28840 12163 69156 28779
1114322400 42179 11020 79260 13709
1114320600 36562 11940 63565 15037
1114318800 38862 10480 69219 13038
1114317000 38485 12813 63547 18525
1114315200 46169 14016 113638 21677
1114313400 31921 18380 62166 33104
1114311600 41304 12586 75705 15149
1114309800 30326 12919 41565 19092
1114308000 40363 13531 78378 25312
1114306200 35098 31487 73674 66166
1114304400 38368 14157 56268 16954
1114302600 32658 13557 63415 19801
1114300800 42857 10300 113615 19634
1114299000 35655 12413 53519 16494
1114297200 36650 10273 74584 12455
1114295400 35102 14919 53671 24007
1114293600 43326 32954 128956 102852
1114291800 35074 18734 59045 25563
1114290000 34437 10095 53866 12265
1114288200 31002 23485 41586 40600
1114286400 32384 16249 65744 28405
1114284600 35345 11484 65744 13951
1114282800 33619 37338 48665 73026
1114281000 34618 32172 62723 44052
1114279200 30339 16826 55565 42239
1114277400 32491 16654 54991 28982
1114275600 59711 12606 192146 18969
1114273800 29034 13902 42352 17739
1114272000 42602 12697 96972 22559
1114270200 30434 15023 50622 23238
1114268400 37989 10829 64308 13324
1114266600 29181 13537 49207 24694
1114264800 54864 18550 162556 57642
1114263000 29156 15315 43808 56599
1114261200 72924 29977 273674 56599
1114259400 30527 8246 44513 11798
1114257600 53359 10816 173533 22110
1114255800 32866 7505 40760 11805
1114254000 44740 12295 115588 24943
1114252200 28109 7093 44211 11558
1114250400 48925 11359 169118 23501
1114248600 31546 8973 47207 11362
1114246800 45589 10471 126165 22347
1114245000 29903 8765 50020 9752
1114243200 35030 8964 47328 12872
1114241400 43435 11073 69320 15859
1114239600 55783 11756 90615 20572
1114237800 41467 14205 71156 23177
1114236000 43758 12719 79244 14797
1114234200 38399 13911 90174 16184
1114232400 42066 10636 81513 11947
1114230600 35316 15799 57546 17629
1114228800 55574 17326 112192 24359
1114227000 41096 19645 71473 22961
1114225200 45074 22280 75341 29738
1114223400 40530 21191 88050 47583
1114221600 44753 16720 82680 24299
1114219800 39572 17085 72661 24304
1114218000 41133 12488 82306 17637
1114216200 34838 14417 80301 18996
1114214400 41650 13269 54056 19657
1114212600 38884 21194 71198 34498
1114210800 40968 17251 79638 26740
1114209000 37721 18669 78956 26707
1114207200 47887 31644 106354 55189
1114205400 31781 20002 52956 26316
1114203600 36490 18117 70453 28064
1114201800 30809 19735 65748 30272
1114200000 61208 21094 139550 31495
1114198200 26765 26447 52113 37001
1114196400 40512 18830 84185 24452
1114194600 38853 15450 56412 24025
1114192800 33352 19211 72032 24279
1114191000 31647 17162 61024 20832
1114189200 63667 17930 187804 23796
1114187400 30959 22859 48635 36577
1114185600 46709 21340 104647 34204
1114183800 34606 34527 50959 67286
1114182000 46383 18281 99482 28608
1114180200 30989 15284 56667 17692
1114178400 52227 16561 135389 22729
1114176600 30233 16638 50765 35357
1114174800 73171 16058 289461 22554
1114173000 26627 15736 36189 22934
1114171200 49296 12442 161101 23792
1114169400 27709 11536 43257 19653
1114167600 40370 19968 74599 42768
1114165800 22322 8929 40766 11320
1114164000 64673 8713 243460 18490
1114162200 30579 8796 43817 13012
1114160400 48690 10407 153616 21335
1114158600 26646 17264 48578 32378
1114156800 46337 8778 98786 13734
1114155000 41588 10903 58521 17163
1114153200 48187 11889 125362 14294
1114151400 40681 12279 67129 17040
1114149600 47456 21125 130931 36840
1114147800 40860 13587 62491 15614
1114146000 47450 12996 91905 15285
1114144200 38931 18205 61351 29129
1114142400 52820 21399 159749 46537
1114140600 37303 13697 68744 17097
1114138800 41299 16008 63911 21090
1114137000 39312 21260 61822 51839
1114135200 44574 14588 80933 17730
1114133400 38401 16497 57117 22608
1114131600 42911 15707 68012 23432
1114129800 39908 20819 71937 40433
1114128000 51034 16939 172574 31743
1114126200 36182 22415 59380 31743
1114124400 45425 17488 85651 19752
1114122600 33328 16529 53327 21756
1114120800 45935 20423 83212 22796
1114119000 37675 27544 56030 43271
1114117200 42285 24643 66945 30643
1114115400 34714 20626 52232 24934
1114113600 40708 28274 63538 64510
1114111800 37594 26539 55282 45785
1114110000 27082 24713 46242 55538
1114108200 34325 24823 46364 34194
1114106400 29829 25010 49215 31545
1114104600 30627 36463 45975 69874
1114102800 40565 26395 66025 34872
1114101000 35861 23020 60338 49145
1114099200 56371 26514 186574 49145
1114097400 32589 24289 40941 28323
1114095600 43965 20160 99261 23235
1114093800 29453 23133 37855 30344
1114092000 65392 24583 221236 29001
1114090200 30714 23238 34025 46575
1114088400 36966 12139 74994 20474
1114086600 28583 12711 41978 18279
1114084800 36753 13532 97178 25463
1114083000 28165 8451 37670 13045
1114081200 44542 48236 99260 228144
1114079400 25699 13591 33789 20706
1114077600 47479 15133 150622 37457
1114075800 31373 12496 44485 35077
1114074000 46907 10238 111902 14926
1114072200 24231 12966 36621 20571
1114070400 50244 15456 118624 32415
1114068600 34342 15020 62262 35037
1114066800 54589 20712 82205 49292
1114065000 36560 15267 54670 33456
1114063200 43521 14297 68882 16752
1114061400 39515 15470 61165 18923
1114059600 45280 15302 61499 29884
1114057800 38200 17191 57501 24045
1114056000 43549 20806 153885 52639
1114048800 41233 42229 78183 95333
1114041600 54807 47135 320037 152677
1114034400 41712 27953 96292 46792
1114027200 38889 45289 102654 112408
1114020000 47081 33455 265809 70270
1114012800 38611 28843 100036 85225
1114005600 51717 317446 271708 3321475
1113998400 64143 719549 275864 3321475
1113991200 40423 107986 150883 343783
1113984000 45405 16594 132723 32465
1113976800 41883 17611 108520 28893
1113969600 48417 86945 186663 434606
1113962400 45561 96453 113676 448015
1113955200 46849 44063 177563 181627
1113948000 44737 20756 120526 33998
1113940800 43168 26541 101129 48919
1113933600 43019 31828 137618 66369
1113926400 43433 28980 186607 97016
1113919200 40165 13862 158223 31482
1113912000 44665 24976 250012 106504
1113904800 47788 131469 147204 400910
1113897600 46900 40754 92208 192091
1113890400 44298 19565 82985 34459
1113883200 49970 28934 202650 100679
1113876000 43873 31781 106879 137163
1113868800 45084 34595 94131 111707
1113861600 58522 28194 124489 43266
1113854400 65625 29265 243227 48965
1113847200 58347 50165 92500 146649
1113840000 59255 40203 221914 189240
1113832800 62614 25242 273874 45963
1113825600 56674 28519 195157 107091
1113818400 59784 18579 239327 34892
1113811200 64392 20509 150404 34494
1113804000 64863 41389 172924 103375
1113796800 63318 40589 153449 117469
1113789600 66281 141471 126791 393321
1113782400 69468 210844 121571 385486
1113775200 59501 73489 132881 209282
1113768000 51154 46166 100340 107513
1113760800 53588 50877 81162 126182
1113753600 60241 68137 189554 273361
1113746400 65563 127379 230880 453443
1113739200 55511 78711 181607 233397
1113732000 56600 132057 177921 175248
1113724800 68746 139052 179231 208765
1113717600 62089 39952 99848 67041
1113710400 69986 48620 130203 86745
1113703200 60833 54757 122141 121790
1113696000 59374 46219 94886 72698
1113688800 65723 57456 162197 83747
1113681600 56572 40459 107569 135491
1113674400 49608 40089 63384 167921
1113667200 55583 73930 227264 179855
1113660000 61927 46955 307132 227284
1113652800 51492 19339 173424 38007
1113645600 54614 19628 248316 40521
1113638400 59129 24987 125502 90370
1113631200 57292 19641 113683 47925
1113624000 59728 14065 141556 37309
1113616800 52619 15395 97743 40838
1113609600 57227 17874 126106 48967
1113602400 55447 17641 104120 33957
1113595200 51145 20540 77766 35297
1113588000 65762 20969 422051 37186
1113580800 50468 23793 105903 57515
1113573600 76027 434490 248736 2981707
1113566400 65433 255209 231699 2897471
1113559200 48540 12022 137168 48720
1113552000 60487 12383 117754 28556
1113544800 60547 18811 101963 36813
1113537600 61564 20333 140843 37614
1113530400 59724 27730 118033 56926
1113523200 59928 29150 103156 76595
1113516000 60022 24542 133298 47776
1113508800 57756 42514 105934 85505
1113501600 61786 35712 217375 71660
1113494400 54766 25413 89556 81498
1113487200 62030 26490 248470 115233
1113480000 59814 19254 259557 54008
1113472800 50694 20820 167469 74669
1113465600 63144 20611 116690 76429
1113458400 69637 20080 119868 31503
1113451200 66750 18867 194645 33541
1113444000 61542 21774 106924 33531
1113436800 59340 41436 274589 99249
1113429600 59958 32054 289843 70431
1113422400 56168 33474 147702 85646
1113415200 48297 37428 88125 103026
1113408000 50100 37531 165558 85402
1113400800 54145 29179 265906 104653
1113393600 44917 16710 108781 38304
1113386400 45807 19919 143908 66743
1113379200 56928 24555 147881 62253
1113372000 62485 29876 182049 82351
1113364800 61068 25390 221558 38494
1113357600 61315 28414 241266 58317
1113350400 53931 34644 140373 52768
1113343200 52655 40046 164491 73432
1113336000 46739 47419 180691 111082
1113328800 49329 66613 130795 134984
1113321600 58924 51739 278162 108613
1113314400 59985 27714 305412 59470
1113307200 52105 24045 167365 89215
1113300000 54703 11536 313656 36029
1113292800 51989 15242 113028 58154
1113285600 57480 14782 159811 26807
1113278400 60518 18377 193340 39513
1113271200 53431 18490 109788 44302
1113264000 61775 31258 230359 95026
1113256800 58322 29250 150427 62331
1113249600 48217 24144 200251 78299
1113242400 50919 21205 172946 36526
1113235200 55162 26756 343123 104878
1113228000 50260 16813 246927 35224
1113220800 38719 10372 113116 23209
1113213600 42140 11865 126139 37751
1113206400 50092 11064 99777 31587
1113199200 54122 14363 132025 25711
1113192000 52032 21061 145443 47772
1113184800 58313 21152 251240 49102
1113177600 50467 16723 148463 31972
1113170400 47196 14552 143866 34890
1113163200 51854 16261 185305 31321
1113156000 50099 14282 81283 32928
1113148800 48341 18201 145272 30204
1113141600 56755 14938 267260 37800
1113134400 46738 9277 129750 22928
1113127200 46269 14328 164087 61448
1113120000 50335 8450 96289 20087
1113112800 55381 11869 101941 37420
1113105600 55584 19784 183236 43354
1113098400 58777 12134 233378 22591
1113091200 55148 12248 140994 21255
1113084000 51497 11103 121670 21313
1113076800 57702 12998 205690 21478
1113069600 50130 13361 121954 32034
1113062400 46370 12438 153435 29891
1113055200 57514 14504 295141 38206
1113048000 49477 8680 150820 24113
1113040800 49105 9415 159871 31820
1113033600 54623 11060 140256 31532
1113026400 61639 17399 150004 43142
1113019200 60050 17186 207609 71956
1113012000 57696 19882 217103 42644
1113004800 53731 20154 127366 57885
1112997600 50712 17880 106366 35697
1112990400 51290 18645 170328 34771
1112983200 46979 19164 98153 36558
1112976000 54737 15977 201255 32438
1112968800 52068 11118 261464 20626
1112961600 45115 12100 123498 30129
1112954400 45511 19316 123888 58487
1112947200 59821 13613 205439 25989
1112940000 55263 18111 105846 36325
1112932800 58298 19412 110091 43652
1112925600 64204 19439 237949 51228
1112918400 58554 22533 238169 40822
1112911200 45563 20606 81085 46787
1112904000 41496 15930 82986 31021
1112896800 47083 15792 230012 30913
1112889600 59806 15490 134189 27787
1112882400 77624 480164 244480 3270124
1112875200 63421 342936 159692 2869937
1112868000 52638 13529 139085 41835
1112860800 65687 11880 147924 42586
1112853600 69546 20622 139417 55486
1112846400 63612 18807 156291 31447
1112839200 64545 16173 107143 47000
1112832000 65861 26152 228400 73622
1112824800 59683 26088 96498 49272
1112817600 64578 29183 233643 94709
1112810400 77837 21839 331753 46085
1112803200 37893 21661 138150 116807
1112796000 23751 10674 32362 17683
1112788800 23292 19042 32514 52592
1112781600 19911 13992 34003 46721
1112774400 27119 9915 84446 20386
1112767200 39903 12563 156804 19002
1112760000 66223 14201 157204 19764
1112752800 58565 14145 179401 29031
1112745600 67742 24046 222332 66337
1112738400 56974 23508 139899 78339
1112731200 59814 26519 245206 61033
1112724000 61468 20882 229973 28569
1112716800 57243 21225 261625 59730
1112709600 86971 815906 273185 3404600
1112702400 50561 20408 121852 62576
1112695200 48946 18663 115456 38909
1112688000 63482 18729 167035 58370
1112680800 66814 19679 181688 51295
1112673600 67837 16126 217590 38171
1112666400 62457 19540 191782 48957
1112659200 60339 19004 146617 36185
1112652000 57416 16559 188918 37460
1112644800 54197 19539 86845 63666
1112637600 62200 20878 275573 45272
1112630400 56582 17811 132641 52574
1112623200 64108 19708 271236 96000
1112616000 52970 16751 142572 58381
1112608800 51067 13697 206146 61710
1112601600 62107 13056 111415 42776
1112594400 65964 14581 158211 40930
1112587200 60151 13813 127929 28204
1112580000 61665 13837 108680 29726
1112572800 58517 12783 155962 36268
1112565600 59296 15316 157903 38465
1112558400 57814 12494 105824 23891
1112551200 62194 15053 237156 35463
1112544000 57079 11777 220483 26686
1112536800 61653 8140 268741 17834
1112529600 52826 6368 133750 12442
1112522400 45654 7318 76862 10258
1112515200 62335 18924 159469 145595
1112508000 61522 13125 151472 23075
1112500800 59487 12151 102039 22443
1112493600 62055 15291 139976 42629
1112486400 55686 10952 103189 27944
1112479200 53173 12211 85924 35033
1112472000 61438 12297 244078 21510
1112464800 55233 12467 158392 22326
1112457600 56644 12031 204083 25841
1112450400 57357 10168 289539 42268
1112443200 52689 7777 164068 19986
1112436000 53000 7426 132525 11558
1112428800 64425 13320 133624 23084
1112421600 63052 18733 158192 74177
1112414400 60182 16987 140772 52492
1112407200 61610 19789 160529 63467
1112400000 59613 14945 135506 27176
1112392800 55449 17715 103922 27103
1112385600 57197 18141 204924 48276
1112378400 53553 20188 145848 66484
1112371200 64198 15743 304640 50095
1112364000 60665 11149 260189 22851
1112356800 49489 8291 114645 19975
1112349600 49313 9925 91226 29120
1112342400 64399 13842 149569 31949
1112335200 61293 14759 149173 42379
1112328000 67585 14200 277206 24881
1112320800 55324 16912 189940 37885
1112313600 59634 22784 140047 43987
1112306400 59731 22662 215833 54391
1112299200 56593 23656 121790 41072
1112292000 59554 18751 232130 42836
1112284800 55750 15151 146093 27862
1112277600 86616 801430 298820 3303947
1112270400 48777 11289 96949 32708
1112263200 54012 17541 117339 114525
1112256000 63163 12851 134438 23757
1112248800 67412 16462 156438 35021
1112241600 61669 18168 116715 55837
1112234400 61007 18750 113678 47799
1112227200 57720 23393 96702 57155
1112220000 65144 28543 220643 62112
1112212800 59832 31817 148800 102399
1112205600 61811 27691 240593 70921
1112198400 63619 16999 218114 27551
1112191200 62962 15720 248592 45804
1112184000 51882 12414 115296 32640
1112176800 55144 11398 136999 23463
1112169600 70434 13886 139109 32868
1112162400 67607 19787 104073 56933
1112155200 66464 20129 98117 44282
1112148000 62845 22532 110613 68528
1112140800 66378 28458 120872 69270
1112133600 67753 31770 167837 133545
1112126400 69887 23872 167517 34944
1112119200 71494 24970 260480 57901
1112112000 68728 22994 182857 57334
1112104800 100816 812649 354655 3245784
1112097600 66833 15418 174401 35685
1112090400 70123 15873 145359 39126
1112083200 81347 23800 194339 49925
1112076000 83411 32962 228377 85253
1112068800 78400 26738 158201 48248
1112061600 77029 31052 168326 44152
1112054400 75682 39855 117510 91077
1112047200 79758 54398 217641 109199
1112040000 60581 59757 127553 93524
1112032800 72128 56753 287261 139007
1112025600 63527 31663 202562 133070
1112018400 69219 30225 314549 131142
1112011200 56978 11629 140690 46461
1112004000 58472 12510 101535 34390
1111996800 75565 15049 119316 46217
1111989600 73200 23833 135163 55363
1111982400 69853 23972 141977 53329
1111975200 66790 20469 98702 65011
1111968000 66713 32525 122560 91398
1111960800 66191 16663 186152 34931
1111953600 63888 31880 181538 226071
1111946400 66411 14956 257486 25390
1111939200 58334 14962 117859 29596
1111932000 61983 18428 294006 53445
1111924800 52358 18387 112651 41134
1111917600 50578 9883 100718 27815
1111910400 62050 11392 124710 26514
1111903200 62446 12930 115965 32500
1111896000 59305 19828 93842 57432
1111888800 53919 14207 95205 40800
1111881600 53458 14446 90022 36444
1111874400 57079 11996 191274 30941
1111867200 51757 11084 197415 18166
1111860000 55900 12322 243587 25127
1111852800 52510 12784 145526 21870
1111845600 51660 8698 273642 20519
1111838400 43933 10708 103785 31295
1111831200 44711 8809 92948 21965
1111824000 56323 11642 119302 30921
1111816800 59419 15950 127834 50092
1111809600 54613 11418 100566 24866
1111802400 60159 13114 221046 39062
1111795200 53905 14789 115147 22884
1111788000 66229 16260 303544 44875
1111780800 61185 34036 261162 80600
1111773600 54689 23539 254778 51957
1111766400 54143 12342 263100 28363
1111759200 54850 9274 298605 24262
1111752000 44509 8379 116723 21272
1111744800 48924 6886 163162 12084
1111737600 62311 11463 194251 38177
1111730400 60872 13418 200306 35146
1111723200 54682 12003 109818 20603
1111716000 52912 16900 99942 30115
1111708800 63859 16812 260637 42415
1111701600 58534 17413 238854 37017
1111694400 56293 20679 212921 73101
1111687200 51561 22922 103307 66098
1111680000 53191 15009 115969 34800
1111672800 56404 12633 274764 31810
1111665600 51349 7761 109110 22377
1111658400 52089 9744 111755 24083
1111651200 73359 13127 281223 26371
1111644000 70471 11992 178918 19025
1111636800 63549 15071 153655 28155
1111629600 64056 19709 155856 51728
1111622400 75389 23386 303222 38439
1111615200 66055 28821 146927 117615
1111608000 65305 39935 265510 348683
1111600800 66083 25111 318140 66467
1111593600 60214 22021 180132 48627
1111586400 62621 11831 190055 23584
1111579200 61068 11604 211900 46688
1111572000 59372 11138 116250 33145
1111564800 72282 12488 220970 20789
1111557600 83547 17417 353510 26742
1111550400 70396 26100 129952 64284
1111543200 77066 60716 108071 165195
1111536000 66878 21306 163153 63641
1111528800 69423 24042 234183 55912
1111521600 72575 25035 345740 53769
1111514400 68534 20914 300368 31879
1111507200 69185 18977 265363 57965
1111500000 72167 14157 416500 26648
1111492800 66875 9995 290285 27026
1111485600 60239 10482 133093 22701
1111478400 70373 9805 144810 15341
1111471200 71352 13397 166826 25282
1111464000 71450 16103 196335 36280
1111456800 64677 21261 140332 64330
1111449600 63993 26992 87862 50342
1111442400 59052 26089 110827 102793
1111435200 62434 25022 133813 46624
1111428000 61770 21483 194382 51138
1111420800 60594 17882 187118 30142
1111413600 66243 11584 319607 31380
1111406400 55839 10525 175608 48370
1111399200 57120 10226 104577 31843
1111392000 66665 11370 122593 18006
1111384800 66343 14460 132728 28863
1111377600 65006 15620 144161 41474
1111370400 63595 18317 110827 62756
1111363200 59778 18430 106599 54849
1111356000 63532 17993 107433 52945
1111348800 59689 25289 91259 127941
1111341600 57521 18343 95163 49427
1111334400 64708 14458 188367 28420
1111327200 61861 12424 306241 87602
1111320000 57200 13355 155427 28265
1111312800 56617 48412 113037 225148
1111305600 69059 47452 122995 163933
1111298400 64397 17460 102182 44571
1111291200 62198 15425 104040 24147
1111284000 56988 13692 86550 26583
1111276800 58741 16691 94096 41028
1111269600 56172 20277 101829 90531
1111262400 54349 15844 87477 30921
1111255200 53522 15289 141754 31120
1111248000 54427 11920 132064 21038
1111240800 56016 13175 267897 73875
1111233600 50322 11623 147531 40728
1111226400 47890 7870 93501 23853
1111219200 57355 8882 81473 15120
1111212000 64080 12934 233142 29096
1111204800 54596 18693 93283 50174
1111197600 63939 21687 168830 70077
1111190400 55437 20096 127851 47256
1111183200 62891 22560 207440 50890
1111176000 51312 23982 89728 67716
1111168800 57417 22154 154619 34332
1111161600 56379 19759 177944 34506
1111154400 78362 799117 258494 3428180
1111147200 51054 11581 160367 58513
1111140000 61381 11262 314186 25868
1111132800 62659 13308 105803 27717
1111125600 56146 20811 95595 57491
1111118400 58186 17880 78942 45248
1111111200 58271 19320 106853 55957
1111104000 62676 23633 200136 49251
1111096800 56728 16607 164363 27978
1111089600 54450 21936 137911 75842
1111082400 57777 22775 147822 43316
1111075200 54903 23255 127041 67120
1111068000 56275 21807 230185 101962
1111060800 51177 9659 145176 17541
1111053600 49242 11308 97521 25056
1111046400 63504 27057 94351 67378
1111039200 59591 19640 103887 61580
1111032000 57528 19510 90440 40105
1111024800 56076 20859 95363 61155
1111017600 56680 17517 92422 24787
1111010400 54818 22665 102560 53550
1111003200 98093 20991 333171 31944
1110996000 56125 20508 149837 47505
1110988800 62424 18720 347724 39914
1110981600 46668 9170 86364 17176
1110974400 52197 10619 169670 29594
1110967200 48817 18611 91575 58646
1110960000 69663 13521 243606 27704
1110952800 67899 14807 239547 31640
1110945600 59482 14771 97446 21113
1110938400 56293 17081 116541 40183
1110931200 93504 22397 1048122 69607
1110924000 53065 26930 93557 111796
1110916800 48393 20502 74643 38766
1110909600 50654 20134 81738 78377
1110902400 49300 15417 74651 25722
1110895200 45766 12354 67568 42237
1110888000 45244 10141 70824 23609
1110880800 50203 9187 111343 33439
1110873600 59255 14246 107848 43562
1110866400 61347 16200 109481 28262
1110859200 55100 16287 87100 26638
1110852000 56764 18356 86080 28036
1110844800 52481 25512 83777 39133
1110837600 56905 33410 77536 64368
1110830400 51868 24909 85478 55755
1110823200 49193 24896 76135 38562
1110816000 48338 31236 67519 79962
1110808800 47554 21757 66715 124139
1110801600 43098 15276 72383 34115
1110794400 47503 17349 116713 48736
1110787200 59043 14855 101162 29383
1110780000 56394 21237 104396 88472
1110772800 55229 19465 101793 30212
1110765600 55158 24562 94459 37033
1110758400 59941 24856 85593 65631
1110751200 50024 10433 87297 22575
1110744000 50333 17747 72365 53363
1110736800 49148 37669 97988 154294
1110729600 47579 13358 80427 42683
1110722400 45019 12322 69462 39901
1110715200 46740 20759 73417 103700
1110708000 47845 13597 87175 27496
1110700800 58784 12193 87065 28526
1110693600 58335 15975 101086 41477
1110686400 58607 14969 90922 36389
1110679200 53388 15886 85977 34442
1110672000 53968 11515 83580 23188
1110664800 53551 13559 84206 33359
1110657600 50431 16448 76945 40885
1110650400 50685 18821 75455 69148
1110643200 48801 14078 68797 29087
1110636000 47691 11232 68613 25815
1110628800 47595 9757 65958 21750
1110621600 49628 8923 127109 12708
1110614400 63294 12554 115894 26445
1110607200 58690 15100 96658 29836
1110600000 59914 16303 105431 48267
1110592800 56082 16736 109257 38724
1110585600 56648 16628 99601 39512
1110578400 55101 20571 88169 39626
1110571200 53239 20893 76713 44520
1110564000 53543 19714 76890 42692
1110556800 50665 17615 83002 64320
1110549600 50393 13197 86401 27181
1110542400 47339 9808 85902 23350
1110535200 52190 8909 97400 25200
1110528000 64735 11545 108251 24047
1110520800 62333 12729 133409 23235
1110513600 63551 16576 123034 26483
1110506400 65769 23853 105873 64991
1110499200 58860 24988 118555 59682
1110492000 57229 30449 92922 74355
1110484800 54955 22256 90690 58345
1110477600 59111 24613 103826 56608
1110470400 64169 22485 196640 59178
1110463200 60255 17616 249931 53053
1110456000 58376 12962 155541 29060
1110448800 57610 13435 92480 47713
1110441600 69257 15959 124445 32419
1110434400 68308 20523 128994 40810
1110427200 65349 16392 117929 31506
1110420000 64753 17875 119701 36617
1110412800 46482 20376 144319 38489
1110405600 48672 25611 174032 59242
1110398400 63550 28005 169784 62043
1110391200 58190 24084 158754 42989
1110384000 55309 19635 123763 43691
1110376800 62366 13764 273326 31523
1110369600 56710 14182 161084 48406
1110362400 55319 13630 100453 65911
1110355200 68164 12703 281192 22459
1110348000 66261 19258 142388 55472
1110340800 66713 18378 168175 33435
1110333600 65490 24371 170205 50136
1110326400 66988 22895 227924 92601
1110319200 55467 24364 112720 50023
1110312000 59792 24467 155144 82301
1110304800 58325 23335 157021 44719
1110297600 65634 20862 235237 57733
1110290400 59059 16406 251127 62630
1110283200 56305 14570 168359 26398
1110276000 53724 10648 91591 23144
1110268800 64239 20450 162850 69153
1110261600 63004 24461 102000 53331
1110254400 61405 23435 115033 61387
1110247200 57236 19940 98257 39615
1110240000 61486 24635 115445 66557
1110232800 62214 24215 121694 83231
1110225600 58507 23965 92838 36479
1110218400 55463 22765 93776 37109
1110211200 61325 23400 155902 46414
1110204000 58565 12656 245056 27242
1110196800 53862 13659 132817 40721
1110189600 53151 12470 93428 43234
1110182400 67630 18988 139545 43943
1110175200 59701 15314 108519 26374
1110168000 64206 25271 110134 55669
1110160800 60812 18134 98062 54901
1110153600 60969 19734 97964 53948
1110146400 55807 15245 80871 39319
1110139200 59308 17782 105390 40936
1110132000 57083 19603 98387 56240
1110124800 57679 16473 151001 33185
1110117600 57391 10151 258526 22365
1110110400 57873 20339 156697 54167
1110103200 52246 11693 94799 30052
1110096000 66080 19458 148334 48053
1110088800 62863 17204 115478 46779
1110081600 60490 16376 104697 49915
1110074400 59538 15708 81180 41385
1110067200 58669 16001 114691 35925
1110060000 56850 24010 76730 75940
1110052800 57256 26363 115237 79269
1110045600 55790 22796 119409 71625
1110038400 57609 14085 154077 36936
1110031200 69920 15520 340252 79059
1110024000 58349 11548 183797 30398
1110016800 53138 11529 104928 25712
1110009600 63257 13090 116395 21577
1110002400 61527 11757 103088 17921
1109995200 62318 12912 114839 32629
1109988000 53724 14670 109424 27889
1109980800 67639 22478 244097 37581
1109973600 57868 28811 101514 57423
1109966400 54807 25663 143156 53347
1109959200 56176 24713 105825 84448
1109952000 64327 23420 345218 117045
1109944800 50083 17011 107548 80176
1109937600 52531 12459 195469 23333
1109930400 51304 10020 110326 30707
1109923200 67057 12332 164440 26133
1109916000 63615 14003 101854 18588
1109908800 60593 14760 99824 37616
1109901600 55796 17855 98953 53482
1109894400 58709 17474 131254 30915
1109887200 61928 16571 301417 29534
1109880000 58006 21220 178147 67007
1109872800 59119 21656 194217 32682
1109865600 56104 17597 124624 43799
1109858400 51688 14867 126425 41653
1109851200 81265 765809 276575 3183797
1109844000 53518 19864 115013 124649
1109836800 64567 15013 145790 38576
1109829600 59811 15356 144455 44339
1109822400 63029 16364 110144 36350
1109815200 58642 20316 86687 54598
1109808000 56181 19823 85641 35082
1109800800 58201 18556 96920 33504
1109793600 56817 23350 145460 71688
1109786400 56843 24128 109486 68542
1109779200 60283 25555 179685 52810
1109772000 58344 14081 237776 26034
1109764800 59921 12095 165507 28276
1109757600 56112 23901 112507 138114
1109750400 65123 20787 181295 47568
1109743200 62530 34858 106225 135289
1109736000 62483 21835 155495 45622
1109721600 56669 17848 228493 87413
1109635200 54095 18337 219911 75470
1109548800 53349 15167 276356 84012
1109462400 49682 15640 172818 106876
1109376000 52060 17142 279484 100421
1109289600 52454 17016 282510 90104
1109203200 55859 20011 304426 120615
1109116800 53580 18277 302829 77362
1109030400 55777 15416 225074 125242
1108944000 54584 13621 219237 51530
1108857600 57611 13449 318252 52921
1108771200 57393 17521 247967 167622
1108684800 61896 86002 259671 3434308
1108598400 59518 23017 336833 140463
1108512000 58912 86623 256679 3428311
1108425600 55947 18161 241547 60904
1108339200 57353 16706 324442 74439
1108252800 54733 15417 251802 98808
1108166400 55711 17703 235626 145127
1108080000 55216 18383 247753 82211
1107993600 53847 19603 316709 118532
1107907200 60014 87265 229835 3393912
1107820800 56913 19765 228254 78606
1107734400 52788 17183 236563 93637
1107648000 51720 30204 316223 193046
1107561600 55780 26885 371912 144314
1107475200 57250 22204 363988 79130
1107388800 60639 25323 324504 189700
1107302400 63894 78722 389104 3097349
1107216000 59200 19903 365705 112577
1107129600 57225 14262 261243 61731
1107043200 57896 13713 218302 117522
1106956800 63778 25269 279994 144094
1106870400 58576 20151 246932 169611
1106784000 58605 18945 240602 109255
1106697600 59792 77150 300911 2935652
1106611200 57607 20190 256726 201420
1106524800 54627 14196 220757 88179
1106438400 54694 13559 244461 50437
1106352000 58003 18840 251539 139029
1106265600 58737 18781 242445 173796
1106179200 59898 19166 270813 84078
1106092800 55839 86375 211763 3151631
1106006400 54404 18563 198987 94540
1105920000 53467 13511 187625 60413
1105833600 53330 13826 233980 87537
1105747200 53613 16259 247733 76707
1105660800 56041 21508 367100 135865
1105574400 58282 23537 221699 86220
1105488000 60234 86656 313384 3281257
1105401600 58487 19950 209889 93611
1105315200 62426 19336 237551 290686
1105228800 64427 24382 189536 124217
1105142400 58328 27589 454543 95169
1105056000 60011 35902 431812 167997
1104969600 59753 24382 400193 83562
1104883200 63254 90777 430033 3557337
1104796800 56475 63973 166044 401643
1104710400 56019 41021 221991 190126
1104624000 61912 69294 261594 335423
1104537600 69286 107336 370716 425914
1104451200 69048 46397 982372 589259
1104364800 63519 101545 414134 3265732
1104278400 60535 32729 331688 110535
1104192000 69002 39494 293400 145540
1104105600 73197 24970 194994 85654
1104019200 53536 9991 217136 43835
1103932800 59516 12696 343143 60217
1103846400 61476 14092 429728 75261
1103760000 62252 17740 240371 164133
1103673600 58370 16232 221434 65052
1103587200 52439 14940 303742 87529
1103500800 51786 11131 211670 49694
1103414400 58680 14452 396488 90639
1103328000 57775 19865 327475 115895
1103241600 58568 19777 278186 83512
1103155200 66189 70502 307657 3502317
1103068800 63636 18889 360610 58371
1102982400 61732 18793 206812 78197
1102896000 61111 17086 299771 63163
1102809600 64552 16345 277821 61299
1102723200 61341 23196 291714 418538
1102636800 56291 20924 86601 73096
1102550400 59507 23595 145459 100285
1102464000 78665 21070 168450 82543
1102377600 74458 20074 163756 70035
1102291200 69421 19582 133998 144148
1102204800 65034 16272 134718 63641
1102118400 67594 18216 148090 90202
1102032000 58809 18416 236805 47108
1101945600 54516 17965 298467 88261
1101859200 55434 82220 229954 3445418
1101772800 57888 28877 197486 123131
1101686400 61816 18790 162092 158410
1101600000 56854 15070 257519 55342
1101513600 55268 16470 197166 101956
1101427200 53706 16589 255988 142088
1101340800 56773 22691 232758 106698
1101254400 53212 76301 251313 3577588
1101168000 54728 19846 207019 79724
1101081600 59281 15209 270564 69416
1100995200 59522 16700 248012 48692
1100908800 62669 44054 312240 329689
1100822400 59095 37857 206508 388007
1100736000 56126 22410 342914 116672
1100649600 60471 78229 252821 2976344
1100563200 60981 19784 271749 103169
1100476800 57848 20750 165706 88609
1100390400 53954 15332 285834 61191
1100304000 56171 19810 176549 103345
1100217600 58086 18740 218136 58500
1100131200 58625 22680 255808 114267
1100044800 55384 82842 209643 3318052
1099958400 56091 29132 263836 274873
1099872000 55939 15402 147131 67933
1099785600 59618 18693 253083 138735
1099699200 61119 24101 220381 194316
1099612800 61988 22246 165583 133105
1099526400 56640 18783 148270 78201
1099440000 57387 77094 184708 3186015
1099353600 58516 21124 169773 129300
1099267200 59608 24815 190579 415066
1099180800 58692 18089 175879 82019
1099094400 57472 18875 242298 83173
1099008000 55469 25907 215824 100191
1098921600 64934 25365 261564 88982
1098835200 69369 90601 267434 3196836
1098748800 60577 29571 273610 293831
1098662400 61197 21956 236798 183761
1098576000 62013 19396 393815 76704
1098489600 60807 25079 339242 175624
1098403200 65646 22213 303875 102216
1098316800 70434 27245 286337 99425
1098230400 62771 92353 265302 3353042
1098144000 45613 26618 214060 116803
1098057600 52739 22893 225920 80457
1097971200 58253 22853 233071 85959
1097884800 58311 30605 281984 118800
1097798400 60005 29502 245442 126119
1097712000 59964 30578 267016 209953
1097625600 46934 95972 249637 3776025
1097539200 60280 29772 274275 115073
1097452800 64130 27680 268700 103765
1097366400 64166 28131 294688 130362
1097280000 60698 33090 347825 98975
1097193600 53818 34595 312256 84079
1097107200 50091 40513 263873 109498
1097020800 59896 120194 243662 3698842
1096934400 54516 57256 311911 215855
1096848000 52884 50245 279775 204751
1096761600 60158 53939 299522 189121
1096675200 66161 87061 291899 242796
1096588800 76512 136024 295629 735148
1096502400 82106 172013 328392 725295
1096416000 85304 237749 495242 3356909
1096329600 54037 40715 293148 799033
1096243200 55208 17792 291137 96987
1096156800 51376 22513 150991 132493
1096070400 53541 24653 326063 157297
1095984000 52628 24902 236616 71354
1095897600 44609 25070 230529 73113
1095811200 57176 87867 315982 3438787
1095724800 55351 33301 255605 354692
1095638400 64611 40878 279222 111557
1095552000 55168 16324 247684 120246
1095465600 52488 20687 267469 215088
1095379200 54495 18199 225481 72869
1095292800 55885 19448 350318 232863
1095206400 57021 79938 300316 3364567
1095120000 52918 16718 251992 60862
1095033600 51519 13899 233846 44070
1094947200 49327 20911 246665 148442
1094860800 51098 21856 422104 106691
1094774400 51927 29182 313408 166865
1094688000 51641 15749 389314 61738
1094601600 50665 83545 410766 3518027
1094515200 38274 24521 245380 257300
1094428800 33855 16690 279895 96409
1094342400 38794 15483 242714 146617
1094256000 41226 23246 232632 155346
1094169600 50403 25300 274042 135033
1094083200 52279 21785 230088 78709
1093996800 55058 23706 306112 90243
1093910400 52986 81774 279565 3439306
1093824000 47026 17335 104950 205674
1093737600 53989 13560 277754 121250
1093651200 59699 16312 355894 109917
1093564800 61585 18112 515649 189410
1093478400 64672 17335 1342260 94628
1093392000 57280 15688 398130 92698
1093305600 53100 17208 367109 69637
1093219200 52642 19086 277257 222423
1093132800 54543 28453 284217 211602
1093046400 56350 14439 343182 48850
1092960000 53003 20457 187086 195032
1092873600 50386 16399 142204 98490
1092787200 51840 77710 253476 3476421
1092700800 50206 15566 191740 49916
1092614400 51489 14251 294409 129629
1092528000 52408 12815 196640 70677
1092441600 53123 19551 204930 223531
1092355200 49393 15450 210340 56837
1092268800 51790 13725 265157 41770
1092182400 40379 75600 217704 3191847
1092096000 48984 14000 314493 105762
1092009600 49689 15908 191651 120864
1091923200 52042 10812 204581 71891
1091836800 53040 24758 209440 500836
1091750400 54748 16150 222987 66350
1091664000 56388 19710 328002 102456
1091577600 54905 18144 423845 63724
1091491200 41327 20043 353117 111155
1091404800 44243 13761 107184 59944
1091318400 50988 11560 143115 61554
1091232000 50923 15761 148560 117623
1091145600 51926 20173 205443 253645
1091059200 51763 19141 287551 302994
1090972800 53343 77954 157572 3275517
1090886400 52640 11484 674950 66969
1090800000 48831 14618 124058 162554
1090713600 49408 16630 139000 139448
1090627200 51743 16093 154234 78920
1090540800 53810 17757 275517 84197
1090454400 48691 16862 261944 213092
1090368000 52050 75716 280692 3019568
1090281600 50786 15533 173282 55619
1090195200 46486 12912 133851 59177
1090108800 48007 14345 268861 68140
1090022400 49909 17564 293258 116838
1089936000 51470 18524 253319 64887
1089849600 49887 19594 202321 59963
1089763200 53662 81362 475630 3081061
1089676800 46795 39733 131262 952352
1089590400 49828 24937 365931 134008
1089504000 52246 15091 174014 77850
1089417600 56423 16884 339204 74277
1089331200 54966 17888 191120 111467
1089244800 55817 20589 274250 69542
1089158400 52948 79122 291879 3011026
1089072000 49126 21697 212269 135713
1088985600 45226 16645 231668 79941
1088899200 50517 29400 333667 338128
1088812800 58046 26683 462362 105928
1088726400 56539 22898 438421 114198
1088640000 60495 24403 263627 93321
1088553600 63788 91289 193252 3283050
1088467200 59174 29199 232116 144530
1088380800 50714 14539 227397 82546
1088294400 51437 13330 243036 60859
1088208000 54166 18185 376610 63266
1088121600 51646 16466 273663 118904
1088035200 52340 18161 207329 151812
1087948800 55647 76715 286128 3089392
1087862400 50229 18816 279002 66238
1087776000 50426 22222 274208 249251
1087689600 52882 15114 273488 167743
1087603200 44813 20235 326492 100277
1087516800 46148 29586 223358 175890
1087430400 55022 61477 292326 306798
1087344000 47335 98796 391116 3141893
1087257600 39221 17233 468876 134155
1087171200 35523 15273 254243 99907
1087084800 36825 19163 256994 132396
1086998400 47079 38949 344646 323608
1086912000 46442 22308 353303 123448
1086825600 42019 18661 209883 61151
1086739200 46524 77601 290820 3265965
1086652800 42318 19956 410150 119403
1086566400 43049 14496 344715 90403
1086480000 37434 19394 307628 103315
1086393600 38647 19471 199536 71494
1086307200 41601 27918 188587 364735
1086220800 37080 16766 149958 77837
1086134400 41644 78668 248169 3119123
1086048000 37030 15621 114979 73863
1085961600 37177 16092 135376 137565
1085875200 37921 16591 148452 96293
1085788800 37916 20026 128854 65900
1085702400 36830 19285 110087 174664
1085616000 37159 19782 120963 72387
1085529600 39009 74385 212103 3222793
1085443200 42502 26527 135536 276171
1085356800 43504 18257 159598 180338
1085270400 41297 16646 145284 143624
1085184000 36630 18447 139637 113170
1085097600 36673 14347 189333 72318
1085011200 38434 13344 208063 43970
1084924800 40064 65400 222085 3484533
1084838400 34818 14747 127163 75954
1084752000 43298 13120 138455 86497
1084665600 44532 11094 143110 43889
1084579200 45239 14889 173702 68760
1084492800 46406 16272 163690 69429
1084406400 49692 15395 251695 77787
1084320000 53438 73476 268783 3458255
1084233600 51049 19770 271847 98460
1084147200 51073 20076 201028 113234
1084060800 55021 11171 343416 67890
1083974400 58050 15983 319707 88351
1083888000 61417 17847 414612 86573
1083801600 58061 20684 259926 97815
1083715200 59590 77435 378710 3215321
1083628800 53618 19367 432405 75680
1083542400 47455 13123 212492 45395
1083456000 47004 12647 296502 189291
1083369600 53711 15346 260376 92450
1083283200 55694 16782 227526 173451
1083196800 55385 19430 314320 76609
1083110400 56206 74268 262511 3034028
1083024000 49771 14799 233016 99474
1082937600 47098 11584 213354 64191
1082851200 48186 11656 301082 78057
1082764800 57439 17724 247202 201525
1082678400 68254 17508 233026 92950
1082592000 72249 16004 245992 79596
1082505600 67578 72883 387075 3111108
1082419200 58925 16749 237460 97561
1082332800 56668 12311 254735 57390
1082246400 59406 14338 265104 82247
1082160000 63605 15792 239488 74463
1082073600 65832 16534 362254 102707
1081987200 62251 13965 314644 112580
1081900800 62132 73451 245745 3372336
1081814400 55489 22463 246112 264589
1081728000 55741 15502 248023 213065
1081641600 58694 21520 261715 120502
1081555200 61133 15097 428944 94416
1081468800 59392 21161 382863 250728
1081382400 61630 13296 436919 52539
1081296000 65717 71580 309444 3047864
1081209600 56567 17352 334781 93972
1081123200 51279 15411 109759 215522
1081036800 58294 20799 221366 137156
1080950400 66273 16155 262471 85403
1080864000 62563 17169 256488 71688
1080777600 65218 14397 253578 41767
1080691200 64593 67293 246389 3185728
1080604800 59390 15271 251029 68784
1080518400 57282 12074 213019 84988
1080432000 62679 17679 243275 198078
1080345600 68819 13868 224586 93680
1080259200 49243 13043 235096 54257
1080172800 53283 14731 247973 96764
1080086400 54301 73275 312183 3090835
1080000000 55068 13763 443340 53678
1079913600 52502 13755 425313 226327
1079827200 54241 13400 346179 85553
1079740800 54542 15978 407816 184311
1079654400 54085 26218 352200 156481
1079568000 52875 16651 406216 108670
1079481600 58040 81762 306780 3359933
1079395200 49991 12563 257819 69670
1079308800 51438 12535 239926 96299
1079222400 54321 12537 296963 92135
1079136000 55115 16840 362492 111582
1079049600 63756 16516 716033 89861
1078963200 66480 14442 405324 64936
1078876800 62896 58683 386298 3397241
1078790400 60069 12546 253736 170229
1078704000 60312 11600 401799 87523
1078617600 61554 14861 389944 389385
1078531200 65225 19158 411948 191154
1078444800 62465 19147 449868 294448
1078358400 38873 20150 388311 226180
1078272000 31877 71355 170186 3257250
1078185600 26474 13616 206240 174735
1078099200 39258 21531 214285 1448962
1078012800 61056 12601 242431 235219
1077926400 71949 17642 276610 146398
1077840000 75927 11766 505206 194182
1077753600 67757 67946 267478 3546964
1077667200 59902 10106 223313 157120
1077580800 58646 15054 296110 158759
1077494400 58742 13082 220627 154852
1077408000 59083 17219 249331 112593
1077321600 63116 26506 241856 218718
1077235200 66660 22479 241283 398029
1077148800 81274 55478 291190 3702907
1077062400 77211 18137 368395 80182
1076976000 65207 18167 269076 226397
1076889600 64698 14247 260008 51359
1076803200 69071 19150 274473 245277
1076716800 63422 17212 190772 137755
1076630400 61740 21490 251507 228784
1076544000 63195 70838 252447 3697575
1076457600 66285 21470 559061 151572
1076371200 60559 20938 229961 479574
1076284800 63843 17671 219801 125160
1076198400 66762 15138 315184 102748
1076112000 61461 30766 341228 255543
1076025600 64378 37480 384749 2356231
1075939200 67678 63004 241856 3671852
1075852800 70381 23558 355664 173732
1075766400 64684 21872 198620 164627
1075680000 62820 16683 240304 120446
1075593600 71235 20104 191644 152372
1075507200 70074 23292 304933 334336
1075420800 66175 27385 226557 241941
1075334400 68190 23732 318213 303278
1075248000 64668 24795 201564 324976
1075161600 60475 20833 226509 186555
1075075200 61450 19051 254024 123444
1074988800 59929 18708 259853 96748
1074902400 62049 27097 226285 177811
1074816000 54029 40553 245821 1520737
1074729600 66800 38208 245531 263287
1074643200 63862 33529 242477 169251
1074556800 63756 22915 263339 156666
1074470400 63694 19210 258478 101461
1074384000 64219 21547 247184 162818
1074297600 68606 25983 265548 216570
1074211200 65307 24035 185809 158369
1074124800 68780 24594 349180 95455
1074038400 68720 25926 328066 159950
1073952000 65487 22282 436910 135021
1073865600 60027 23858 241539 168198
1073779200 65096 42075 231272 2228348
1073692800 83188 288276 405335 5919023
1073606400 71516 25730 277934 119955
1073520000 68868 28429 319975 172340
1073433600 66285 31151 330914 200068
1073347200 60736 29715 270162 169680
1073260800 60175 25393 267245 207490
1073174400 69471 26558 285637 193749
1073088000 74522 37612 333112 600146
1073001600 71258 26930 251326 103356
1072915200 74065 37031 291014 182522
1072828800 81071 46252 263140 232543
1072742400 75312 72361 246679 1571687
1072656000 67182 38404 258107 130570
1072569600 73605 43049 282831 184007
1072483200 77279 62221 248812 377136
1072396800 84824 49874 268619 216749
1072310400 84357 68802 290981 254548
1072224000 109473 181748 341982 1940508
1072137600 92266 153126 375781 1383426
1072051200 62224 20566 268643 92436
1071964800 67813 17622 250593 182911
1071878400 70860 61361 388860 3758470
1071792000 193429 30803 531282 697586
1071705600 194319 22369 409145 131127
1071619200 190237 22401 365695 118074
1071532800 189949 26213 376425 990395
1071446400 191425 18651 407711 88372
1071360000 186865 19356 410283 120236
1071273600 185394 59128 374339 3000099
1071187200 194857 28128 492028 332872
1071100800 186977 33928 440744 1008761
1071014400 178339 25204 395600 120887
1070928000 177740 28783 384545 963874
1070841600 181006 28313 345738 260697
1070755200 186902 19844 403054 89992
1070668800 187901 67293 378196 3879113
1070582400 176299 25334 416642 105658
1070496000 173566 24249 422854 1196655
1070409600 171723 30388 412207 893497
1070323200 181039 48797 514636 3713354
1070236800 172262 18129 363966 110769
1070150400 170756 16479 345217 85951
1070064000 164887 55782 404536 3476947
1069977600 163568 20262 392606 175244
1069891200 167187 73419 399854 3540384
1069804800 157477 27213 376683 918851
1069718400 154955 64216 345504 3753503
1069632000 151118 17026 334191 62576
1069545600 154029 18440 346399 117816
1069459200 154375 60886 354225 3655070
1069372800 157404 26279 455881 204167
1069286400 159200 64905 474672 3628762
1069200000 152310 38157 405691 517090
1069113600 147953 60984 375673 3324950
1069027200 139038 17829 306748 124085
1068940800 137920 18222 217770 79385
1068854400 139212 23739 360158 164736
1068768000 130711 28361 343691 624906
1068681600 135326 23111 346054 125675
1068595200 130527 26871 292733 956547
1068508800 145217 65752 500923 3436000
1068422400 134583 40312 485543 1546541
1068336000 125849 16696 313715 84466
1068249600 124347 27493 311605 189393
1068163200 197954 79136 474197 3887497
1068076800 52067 57729 411121 3581845
1067990400 40154 25903 375110 874364
1067904000 29636 93300 576740 115532
1067817600 31593 100051 162636 1302360
1067731200 40996 14347 187743 96115
1067644800 45024 51322 229876 3564848
1067558400 48686 33891 252185 613513
1067472000 44898 52869 302850 3782923
1067385600 37893 25601 168968 890306
1067299200 41323 59385 224564 3785119
1067212800 39482 24581 258876 1582792
1067126400 40551 17457 203428 228967
1067040000 48762 54686 272181 3739978
1066953600 7228 3591 418291 129565
1066867200 12 10 168 167
1066780800 7 3 91 120
1066694400 9 7 179 191
1066608000 5 2 82 91
1066521600 4 1 62 88
1066435200 4 3 58 102
1066348800 6 5 135 232
1066262400 5 6 65 100
1066176000 2 1 58 73
1066089600 4 2 73 85
1066003200 2 2 20 80
1065916800 0 0 30 86
1065830400 4 2 77 77
1065744000 10 8 130 168
1065657600 9 7 145 165
1065571200 9 4 142 133
1065484800 6 5 105 116
1065398400 4 1 29 69
1065312000 4 3 89 98
1065225600 8 6 100 154
1065139200 5 2 74 75
1065052800 8 7 131 132
1064966400 6 4 101 101
1064880000 8 6 126 165
1064793600 5 4 46 86
1064707200 5 2 102 116
1064620800 8 5 113 223
1064534400 5 3 63 67
1064448000 6 4 108 147
1064361600 6 3 76 78
1064275200 8 4 118 171
1064188800 4 1 35 72
1064102400 5 2 36 75
1064016000 5 4 97 100
1063929600 6 2 70 98
1063843200 7 5 98 115
1063756800 6 2 49 77
1063670400 9 7 117 209
1063584000 4 2 59 107
1063497600 5 1 68 74
1063411200 8 5 108 119
1063324800 8 5 78 92
1063238400 8 5 137 160
1063152000 5 3 60 100
1063065600 8 5 129 166
1062979200 4 2 44 80
1062892800 4 1 36 59
1062806400 10 9 137 217
1062720000 5 2 87 116
1062633600 7 5 118 140
1062547200 5 2 47 74
1062460800 5 3 127 167
1062374400 4 2 40 81
1062288000 6 4 56 84
1062201600 4 4 58 105
1062115200 4 3 42 100
1062028800 4 3 54 88
1061942400 4 3 39 80
1061856000 4 4 46 112
1061769600 1 1 46 74
1061683200 2 1 44 105
1061596800 3 2 65 131
1061510400 4 5 81 85
1061424000 4 5 55 86
1061337600 6 6 64 92
1061251200 38 37 137 192
1061164800 31 30 135 173
1061078400 4 4 38 104
1060992000 3 3 65 98
1060905600 5 4 32 93
1060819200 7 6 82 97
1060732800 6 6 73 86
1060646400 6 8 66 275
1060560000 4 5 73 83
1060473600 5 5 69 67
1060387200 5 5 87 82
1060300800 5 5 79 60
1060214400 7 5 66 88
1060128000 7 7 77 85
1060041600 7 7 72 84
1059955200 19 20 163 188
1059868800 4 3 56 86
1059782400 8 7 84 176
1059696000 7 7 56 122
1059609600 8 8 79 107
1059523200 5 6 70 112
1059436800 9 10 90 153
1059350400 5 4 83 84
1059264000 6 6 62 120
1059177600 24 24 137 180
1059091200 7 8 95 101
1059004800 6 6 75 86
1058918400 7 6 53 69
1058832000 5 6 40 89
1058745600 6 7 29 88
1058659200 5 5 71 90
1058572800 11 9 112 137
1058486400 10 10 109 143
1058400000 7 7 82 98
1058313600 3 3 56 118
1058227200 4 5 51 71
1058140800 2 2 28 88
1058054400 4 4 28 99
1057968000 7 6 85 98
1057881600 5 6 49 73
1057795200 5 5 63 146
1057708800 5 5 51 70
1057622400 7 6 63 103
1057536000 5 6 69 271
1057449600 6 6 47 88
1057363200 7 8 68 83
1057276800 6 7 56 92
1057190400 6 5 80 73
1057104000 12 13 209 219
1057017600 7 7 82 107
1056931200 6 6 90 122
1056844800 6 6 61 62
1056758400 7 9 105 146
1056672000 37 37 152 201
1056585600 32 33 165 225
1056499200 5 4 67 63
1056412800 8 8 61 90
1056326400 4 5 50 112
1056240000 39 40 167 281
1056153600 32 34 155 204
1056067200 5 5 61 65
1055980800 7 7 55 144
1055894400 39 38 143 170
1055808000 47 46 169 211
1055721600 5 6 44 97
1055635200 6 6 65 78
1055548800 5 4 52 93
1055462400 5 5 30 83
1055376000 6 4 74 125
1055289600 6 6 50 104
1055203200 6 6 76 100
1055116800 5 4 45 92
1055030400 5 4 29 89
1054944000 6 6 63 111
1054857600 5 6 44 171
1054771200 9 10 137 153
1054684800 6 5 36 80
1054598400 7 7 63 84
1054512000 13 13 145 177
1054425600 5 6 30 94
1054339200 7 7 54 101
1054252800 8 9 59 162
1054166400 7 8 51 76
1054080000 9 8 57 107
1053993600 7 8 71 87
1053907200 6 6 45 131
1053820800 7 7 70 76
1053734400 9 8 90 135
1053648000 7 7 42 122
1053561600 7 8 48 199
1053475200 5 6 62 114
1053388800 5 7 46 68
1053302400 5 4 40 78
1053216000 4 5 38 80
1053129600 6 6 67 123
1053043200 5 6 37 88
1052956800 8 9 87 145
1052870400 36 36 146 195
1052784000 29 29 148 184
1052697600 3 2 29 100
1052611200 4 3 46 152
1052524800 4 5 58 64
1052438400 5 5 34 66
1052352000 5 4 35 66
1052265600 7 7 84 124
1052179200 5 5 48 133
1052092800 3 3 34 71
1052006400 4 5 72 265
1051920000 6 5 49 79
1051833600 5 4 39 94
1051747200 4 5 40 80
1051660800 7 7 81 109
1051574400 6 5 63 96
1051488000 5 3 32 59
1051401600 6 4 70 274
1051315200 7 8 81 155
1051228800 5 4 38 79
1051142400 7 7 84 163
1051056000 6 7 84 265
1050969600 6 7 70 87
1050883200 5 5 49 74
1050796800 6 7 80 88
1050710400 6 7 50 102
1050624000 5 6 44 72
1050537600 6 6 35 80
1050451200 3 4 57 89
1050364800 2 2 33 88
1050278400 1 0 30 59
1050192000 3 3 36 56
1050105600 5 5 59 80
1050019200 5 5 35 82
1049932800 6 5 64 84
1049846400 5 6 72 87
1049760000 5 5 41 92
1049673600 4 4 27 73
1049587200 4 4 60 76
1049500800 7 7 61 98
1049414400 6 7 60 82
1049328000 5 6 54 88
1049241600 8 8 168 192
1049155200 124 122 165 221
1049068800 122 122 181 227
1048982400 122 118 170 213
1048896000 79 78 203 222
1048809600 20 13 179 243
1048723200 8 8 94 114
1048636800 8 8 94 96
1048550400 6 8 56 134
1048464000 5 4 36 80
1048377600 5 6 73 83
1048291200 6 5 39 69
1048204800 6 6 69 74
1048118400 6 6 42 93
1048032000 6 6 35 84
1047945600 6 6 51 147
1047859200 5 5 38 65
1047772800 6 5 65 84
1047686400 7 8 48 99
1047600000 6 7 51 93
1047513600 8 9 79 103
1047427200 9 8 112 162
1047340800 7 6 55 123
1047254400 7 8 72 117
1047168000 9 9 90 126
1047081600 6 6 58 112
1046995200 6 7 56 106
1046908800 106 108 253 371
1046822400 144 143 281 366
1046736000 133 128 266 350
1046649600 128 130 238 316
1046563200 128 123 258 350
