390,0,689	Version, Format, Confidence

c:\Prdev\images\spalding\00159\00019U.fix	1	1
0,0,0,10,4,600,64,5,0,5440,8448,0,1,	Page settings
2	# of Zones
0,8,0,0,5408,0,5438,8446,	Zone Settings
00019U.000
1,0,1,999999,0,64,5342,8382,	Zone Settings
57	# of Lines
1590,797,4378,827,88
SPALDING'S OFFICIAL BASE BALL GUIDE.
999999999998999899999988999999968878
111111111111111111111111111111111111
8,8,8,8,8,8,8,8,8,8,8,8,8,8,8,8,8,8,8,8,8,8,8,8,8,8,8,8,8,8,8,8,8,8,8,8,
1590,1663,1741,1832,1913,2006,2054,2148,2240,2272,2385,2432,2518,2596,2673,2724,2804,2851,2941,3073,3120,3204,3292,3356,3485,3534,3620,3704,3782,3821,3954,4042,4132,4180,4274,4350,
708,709,712,711,713,718,713,716,716,716,696,722,720,720,722,726,724,725,725,702,729,730,729,724,704,733,734,742,735,708,738,720,741,741,754,771,
1660,1738,1827,1912,1999,2044,2140,2228,2262,2340,2478,2508,2588,2668,2718,2800,2845,2937,3022,3170,3198,3280,3348,3429,3583,3614,3700,3782,3863,3868,4037,4127,4174,4263,4348,4376,
796,794,794,796,796,798,800,804,756,806,741,806,805,806,807,812,808,811,810,747,813,813,816,812,749,819,819,826,822,804,824,809,825,826,834,827,
841,1050,5128,1082,89
catcher. Of the two, the former entails by far the greater exertion
8857888888888889998899999999988888888888889999999999999999999999999
1111111111111111111111111111111111111111111111111111111111111111111
8,8,8,8,8,8,8,8,8,8,8,8,8,8,8,8,8,8,8,8,8,8,8,8,8,8,8,8,8,8,8,8,8,8,8,8,8,8,8,8,8,8,8,8,8,8,8,8,8,8,8,8,8,8,8,8,8,8,8,8,8,8,8,8,8,8,8,
842,905,975,1019,1087,1162,1232,1287,1399,1474,1568,1651,1682,1724,1801,1903,1934,1992,2078,2150,2222,2256,2306,2392,2478,2510,2563,2634,2689,2802,2866,2953,2982,3048,3124,3171,3240,3282,3324,3415,3448,3515,3614,3648,3702,3774,3798,3890,3939,4026,4110,4140,4215,4271,4334,4404,4453,4520,4604,4638,4698,4771,4836,4892,4943,4985,5050,
970,962,950,963,956,964,974,998,945,964,966,949,969,969,970,950,973,1000,972,973,952,977,974,1010,951,979,992,992,992,978,997,969,980,980,981,981,982,982,983,959,994,984,960,995,1007,1007,970,997,998,1034,972,1012,1013,1014,1013,1004,1015,1017,975,1019,1018,1019,1015,1008,1006,1019,1022,
901,972,1016,1084,1161,1228,1284,1318,1553,1563,1619,1715,1723,1800,1869,1968,1978,2086,2149,2185,2292,2303,2378,2446,2543,2558,2628,2685,2795,2862,2921,3013,3048,3123,3164,3238,3280,3323,3382,3481,3510,3578,3684,3696,3766,3828,3832,3936,4012,4078,4174,4211,4263,4330,4397,4449,4512,4571,4670,4696,4767,4832,4886,4940,4979,5050,5127,
1049,1052,1040,1050,1048,1050,1050,1054,990,1056,1056,994,1058,1058,1059,995,1064,1066,1062,1062,997,1067,1064,1074,996,1068,1070,1070,1070,1068,1073,1014,1069,1070,1070,1071,1071,1071,1072,1004,1082,1074,1005,1083,1084,1085,1068,1086,1086,1100,1017,1098,1089,1092,1091,1092,1093,1094,1020,1095,1094,1097,1094,1097,1095,1096,1101,
838,1160,5124,1197,88
in a single game. It is possible that every team, must always carry
8789999999999999999999999999999999999999999999985999999999999999999
1111111111111111111111111111111111111111111111111111111111111111111
8,8,8,8,8,8,8,8,8,8,8,8,8,8,8,8,8,8,8,8,8,8,8,8,8,8,8,8,8,8,8,8,8,8,8,8,8,8,8,8,8,8,8,8,8,8,8,8,8,8,8,8,8,8,8,8,8,8,8,8,8,8,8,8,8,8,8,
838,876,988,1011,1115,1146,1203,1244,1320,1398,1436,1528,1552,1624,1691,1806,1864,1974,2052,2112,2195,2224,2270,2355,2384,2458,2528,2586,2642,2683,2754,2794,2889,2920,2972,3053,3124,3206,3236,3294,3368,3430,3486,3589,3620,3668,3732,3810,3908,3946,3976,4086,4162,4220,4301,4332,4400,4441,4548,4615,4689,4775,4808,4870,4942,4998,5053,
1056,1073,1091,1083,1073,1086,1076,1087,1088,1078,1089,1076,1092,1091,1092,1108,1117,1066,1092,1088,1069,1096,1120,1079,1102,1102,1103,1103,1094,1095,1096,1107,1071,1098,1097,1109,1101,1084,1134,1134,1113,1113,1116,1076,1108,1118,1118,1140,1154,1086,1121,1123,1123,1115,1087,1125,1115,1126,1126,1126,1129,1088,1130,1130,1130,1131,1133,
880,959,1039,1080,1181,1199,1240,1315,1391,1434,1496,1583,1620,1686,1795,1864,1891,2134,2098,2162,2259,2254,2320,2420,2454,2522,2578,2636,2680,2748,2786,2854,2954,2968,3043,3117,3173,3270,3290,3358,3426,3482,3553,3655,3664,3728,3799,3914,3916,4007,4081,4156,4215,4265,4367,4396,4439,4536,4611,4682,4741,4841,4866,4936,4996,5050,5123,
1161,1161,1136,1158,1118,1164,1160,1162,1174,1170,1167,1121,1176,1169,1169,1174,1171,1111,1176,1176,1114,1180,1184,1124,1188,1179,1178,1180,1181,1182,1181,1184,1116,1185,1184,1186,1187,1129,1200,1198,1190,1189,1201,1121,1195,1195,1196,1210,1182,1131,1199,1199,1199,1202,1132,1202,1202,1205,1203,1214,1206,1133,1207,1207,1210,1209,1218,
837,1269,5130,1308,89
many pitchers so long as the present distance rule is in effect, but
99999999999999999999999999999999999999999999999999999999998899999999
11111111111111111111111111111111111111111111111111111111111111111111
8,8,8,8,8,8,8,8,8,8,8,8,8,8,8,8,8,8,8,8,8,8,8,8,8,8,8,8,8,8,8,8,8,8,8,8,8,8,8,8,8,8,8,8,8,8,8,8,8,8,8,8,8,8,8,8,8,8,8,8,8,8,8,8,8,8,8,8,
838,949,1019,1094,1202,1228,1310,1352,1401,1465,1542,1609,1665,1764,1796,1853,1958,1986,2031,2100,2175,2285,2314,2388,2482,2514,2562,2646,2740,2766,2848,2902,2968,3026,3089,3166,3255,3286,3360,3403,3461,3508,3579,3656,3719,3756,3854,3908,3985,4027,4127,4160,4206,4298,4329,4372,4485,4517,4574,4574,4660,4722,4782,4827,4902,4937,5004,5078,
1194,1196,1196,1199,1187,1199,1189,1191,1202,1191,1204,1205,1205,1192,1209,1209,1179,1200,1210,1209,1212,1193,1214,1232,1183,1206,1204,1234,1195,1220,1220,1221,1221,1223,1221,1212,1187,1216,1214,1225,1218,1228,1228,1229,1231,1201,1233,1234,1224,1236,1183,1225,1262,1184,1226,1238,1196,1241,1240,1240,1242,1241,1231,1265,1184,1232,1264,1233,
947,1014,1091,1164,1266,1301,1346,1396,1463,1538,1604,1660,1720,1839,1847,1917,2027,2026,2096,2169,2245,2354,2381,2440,2556,2561,2635,2702,2805,2838,2899,2963,3020,3085,3161,3214,3325,3359,3401,3458,3508,3575,3651,3717,3782,3792,3905,3980,4021,4086,4202,4197,4258,4368,4366,4444,4559,4573,4656,4656,4712,4774,4824,4856,4981,5005,5082,5130,
1274,1272,1272,1285,1232,1288,1274,1276,1280,1278,1282,1281,1283,1237,1285,1286,1224,1288,1289,1288,1299,1238,1292,1296,1228,1293,1293,1300,1240,1306,1297,1299,1300,1300,1300,1302,1232,1306,1303,1303,1305,1308,1306,1307,1308,1300,1309,1311,1310,1314,1228,1311,1326,1229,1314,1315,1241,1318,1328,1328,1318,1320,1319,1330,1229,1322,1334,1322,
836,1382,5132,1424,88
itf is being proved every year that tea datchers need be only numerr
88299999999999999999999998999899999764461488999999999999999999999884
11111111111111111111111111111111111111111111111111111111111111111111
8,8,8,8,8,8,8,8,8,8,8,8,8,8,8,8,8,8,8,8,8,8,8,8,8,8,8,8,8,8,8,8,8,8,8,8,8,8,8,8,8,8,8,8,8,8,8,8,8,8,8,8,8,8,8,8,8,8,8,8,8,8,8,8,8,8,8,8,
838,888,888,977,998,1043,1136,1160,1230,1294,1336,1409,1518,1542,1620,1673,1743,1815,1878,1988,2014,2079,2150,2216,2268,2333,2404,2478,2540,2614,2705,2730,2786,2864,2936,2984,3052,3170,3179,3378,3260,3327,3453,3501,3561,3632,3697,3747,3839,3865,3941,4008,4067,4175,4202,4274,4366,4393,4463,4536,4577,4685,4712,4789,4863,4974,5035,5089,
1300,1301,1284,1286,1301,1313,1286,1302,1326,1302,1315,1316,1298,1318,1317,1320,1319,1322,1311,1302,1325,1325,1327,1326,1328,1288,1329,1330,1329,1316,1291,1322,1320,1334,1325,1290,1319,1337,1322,1290,1360,1322,1329,1340,1328,1362,1342,1345,1304,1346,1346,1368,1338,1296,1340,1372,1306,1352,1350,1342,1354,1306,1354,1355,1353,1347,1336,1367,
880,940,948,1033,1036,1095,1201,1226,1282,1332,1403,1479,1582,1612,1671,1738,1808,1874,1947,2054,2075,2145,2209,2265,2335,2403,2470,2534,2602,2663,2770,2781,2859,2933,2986,3050,3098,3236,3250,3492,3320,3398,3498,3558,3629,3686,3746,3802,3895,3937,4000,4062,4135,4241,4266,4330,4431,4459,4531,4574,4645,4751,4786,4860,4969,5032,5082,5131,
1388,1388,1388,1331,1386,1388,1331,1390,1390,1386,1390,1402,1343,1403,1392,1397,1396,1398,1399,1347,1400,1401,1403,1401,1411,1378,1412,1406,1407,1404,1336,1409,1408,1411,1413,1380,1407,1415,1400,1335,1442,1411,1416,1419,1419,1424,1418,1422,1349,1421,1422,1430,1424,1341,1425,1438,1351,1427,1428,1429,1438,1351,1431,1431,1430,1432,1424,1448,
836,1496,5130,1524,89
ous enough to guard against inlury,: asiS by no means uncommon
89999999999999999999999999848848864465644699999999998879999996
11111111111111111111111111111111111111111111111111111111111111
8,8,8,8,8,8,8,8,8,8,8,8,8,8,8,8,8,8,8,8,8,8,8,8,8,8,8,8,8,8,8,8,8,8,8,8,8,8,8,8,8,8,8,8,8,8,8,8,8,8,8,8,8,8,8,8,8,8,8,8,8,8,
837,909,983,1074,1096,1157,1234,1303,1376,1450,1561,1584,1637,1743,1764,1839,1917,1987,2042,2151,2174,2243,2312,2382,2424,2499,2544,2643,2672,2720,2805,2850,2930,2974,2995,3082,3029,3153,3219,3318,3460,3432,3652,3724,3762,3855,3928,4031,4054,4166,4229,4293,4372,4468,4494,4564,4641,4701,4770,4879,4986,5052,
1408,1420,1421,1405,1421,1421,1423,1423,1424,1414,1396,1416,1427,1406,1429,1428,1430,1431,1422,1407,1433,1434,1434,1423,1436,1437,1423,1397,1434,1456,1411,1452,1454,1426,1411,1420,1417,1398,1429,1429,1438,1400,1450,1472,1418,1454,1455,1411,1454,1456,1457,1458,1459,1413,1448,1461,1462,1462,1461,1462,1465,1450,
907,980,1037,1134,1154,1230,1299,1374,1446,1521,1625,1633,1705,1803,1836,1911,1982,2039,2115,2204,2241,2312,2380,2420,2494,2554,2583,2671,2716,2795,2844,2920,2986,3044,3031,3120,3050,3230,3278,3354,3531,3483,3722,3786,3806,3923,3992,4095,4162,4225,4293,4361,4425,4515,4563,4635,4698,4767,4875,4983,5051,5127,
1496,1498,1499,1450,1498,1500,1498,1498,1511,1502,1441,1504,1504,1451,1515,1506,1506,1507,1509,1452,1511,1521,1511,1511,1512,1513,1511,1487,1518,1520,1500,1525,1518,1515,1501,1510,1518,1488,1517,1518,1527,1490,1536,1556,1519,1529,1532,1456,1531,1533,1534,1534,1536,1458,1525,1536,1539,1540,1538,1541,1544,1531,
835,1612,5134,1643,89
for a catcher to take part in oiehnidregames. While it is true
88888888888888889999999999778786865426788999989999999999999988
11111111111111111111111111111111111111111111111111111111111111
8,8,8,8,8,8,8,8,8,8,8,8,8,8,8,8,8,8,8,8,8,8,8,8,8,8,8,8,8,8,8,8,8,8,8,8,8,8,8,8,8,8,8,8,8,8,8,8,8,8,8,8,8,8,8,8,8,8,8,8,8,8,
838,892,966,1058,1084,1194,1222,1289,1356,1400,1468,1544,1612,1706,1732,1774,1892,1920,1970,2038,2107,2214,2236,2317,2390,2446,2492,2564,2604,2671,2748,2842,2894,3045,3157,3250,3261,3324,3379,3584,3654,3728,3835,3896,3950,4044,4138,4268,4344,4385,4424,4528,4556,4602,4693,4722,4764,4858,4886,4937,5002,5070,
1522,1539,1539,1527,1533,1528,1542,1534,1532,1543,1526,1536,1537,1517,1534,1538,1518,1538,1549,1536,1551,1530,1553,1550,1553,1544,1524,1545,1556,1525,1556,1536,1548,1532,1554,1539,1524,1578,1552,1584,1580,1564,1570,1571,1593,1547,1561,1562,1564,1565,1579,1522,1574,1568,1522,1574,1581,1523,1571,1579,1598,1580,
889,959,1019,1123,1152,1264,1281,1356,1399,1463,1542,1606,1662,1772,1773,1848,1965,1965,2034,2108,2173,2272,2311,2385,2443,2496,2562,2603,2678,2741,2812,2886,2952,3112,3224,3293,3328,3378,3438,3656,3728,3828,3890,3945,3981,4175,4264,4337,4382,4420,4482,4601,4592,4652,4763,4758,4816,4928,4935,4989,5070,5132,
1616,1618,1616,1572,1616,1573,1618,1620,1620,1620,1616,1620,1620,1562,1624,1624,1563,1628,1626,1626,1631,1575,1640,1630,1630,1636,1614,1633,1637,1615,1637,1640,1637,1638,1644,1630,1614,1648,1631,1662,1658,1652,1649,1648,1650,1592,1653,1652,1652,1654,1657,1567,1666,1657,1567,1666,1660,1568,1662,1659,1680,1662,
838,1732,5134,1763,89
that the catchers have mOr:i. work .t do it.i a wav, because they are
999999899999999999999987441444877751647847524575585899999999999999998
111111111111111111111111111111111111111111111111111111111111111111111
8,8,8,8,8,8,8,8,8,8,8,8,8,8,8,8,8,8,8,8,8,8,8,8,8,8,8,8,8,8,8,8,8,8,8,8,8,8,8,8,8,8,8,8,8,8,8,8,8,8,8,8,8,8,8,8,8,8,8,8,8,8,8,8,8,8,8,8,8,
838,891,974,1046,1135,1156,1200,1285,1392,1412,1478,1547,1596,1661,1739,1801,1860,1958,1980,2056,2121,2194,2295,2322,2375,2411,2566,2379,2606,2628,2674,2781,2854,2908,2977,3013,3038,3152,3216,3286,3388,3466,3500,3545,3515,3562,3634,3699,3748,3866,3940,4014,3353,4106,4176,4238,4298,4371,4445,4501,4599,4624,4672,4748,4810,4921,4946,5018,5073,
1642,1638,1654,1646,1633,1642,1642,1657,1645,1658,1659,1646,1658,1646,1654,1661,1661,1633,1650,1663,1664,1667,1645,1668,1656,1659,1670,1642,1692,1643,1671,1661,1662,1644,1644,1663,1668,1644,1665,1675,1645,1682,1674,1667,1662,1645,1657,1646,1657,1685,1699,1671,1654,1677,1688,1688,1687,1689,1691,1692,1639,1690,1682,1696,1696,1648,1694,1696,1694,
887,966,1043,1098,1191,1204,1279,1351,1452,1473,1542,1593,1658,1732,1799,1856,1916,2023,2050,2118,2191,2252,2355,2426,2445,2460,2576,2416,2629,2670,2776,2854,2904,2983,3033,3040,3094,3208,3288,3351,3454,3498,3557,3584,3548,3628,3702,3755,3838,3947,4002,4040,3397,4172,4234,4296,4363,4438,4497,4560,4664,4668,4742,4808,4880,4987,5012,5071,5134,
1732,1730,1732,1734,1678,1734,1732,1734,1690,1736,1734,1732,1734,1734,1738,1736,1736,1678,1740,1740,1744,1746,1690,1747,1753,1745,1756,1739,1744,1733,1752,1750,1748,1751,1734,1751,1756,1734,1753,1755,1735,1760,1761,1756,1750,1735,1747,1736,1747,1763,1765,1760,1756,1767,1765,1766,1766,1766,1768,1770,1684,1774,1771,1774,1783,1693,1773,1773,1775,
840,1848,5134,1869,89
directly behind the bat: -ost ofi.:thetlhite :issalso true that arti-
999999999999999999988884447887881415888616241177288899999999999999996
111111111111111111111111111111111111111111111111111111111111111111111
8,8,8,8,8,8,8,8,8,8,8,8,8,8,8,8,8,8,8,8,8,8,8,8,8,8,8,8,8,8,8,8,8,8,8,8,8,8,8,8,8,8,8,8,8,8,8,8,8,8,8,8,8,8,8,8,8,8,8,8,8,8,8,8,8,8,8,8,8,
840,917,959,1015,1080,1144,1189,1233,1353,1382,1454,1517,1594,1636,1710,1827,1854,1903,1990,2084,2112,2190,2261,2315,2219,2365,2492,2560,2625,2670,2746,2814,3742,2922,2874,2964,2997,3072,3203,3264,3256,3330,3620,3412,3666,3520,3722,3777,3629,3914,3979,4017,4079,4194,4224,4275,4331,4408,4515,4544,4596,4675,4746,4844,4873,4946,5000,5058,5082,
1756,1758,1769,1771,1771,1760,1758,1773,1746,1758,1775,1758,1762,1775,1764,1747,1764,1764,1790,1747,1768,1765,1770,1764,1766,1794,1774,1777,1770,1756,1780,1777,1812,1805,1766,1778,1769,1780,1781,1768,1780,1774,1758,1801,1759,1784,1760,1785,1759,1800,1787,1787,1804,1752,1793,1803,1805,1806,1753,1797,1794,1800,1799,1763,1810,1810,1801,1802,1796,
915,954,1010,1075,1138,1187,1228,1303,1431,1450,1514,1589,1630,1706,1780,1901,1902,1975,2044,2144,2189,2258,2310,2354,2269,2416,2556,2622,2676,2740,2810,2864,3782,2942,2882,3001,3066,3134,3254,3300,3330,3362,3664,3466,3732,3546,3759,3834,3753,3980,4017,4071,4144,4272,4272,4328,4405,4470,4589,4593,4670,4744,4800,4918,4941,4996,5046,5098,5133,
1848,1846,1846,1848,1848,1848,1846,1859,1791,1850,1852,1848,1848,1852,1852,1792,1854,1854,1860,1792,1861,1858,1862,1847,1864,1849,1863,1862,1867,1846,1867,1866,1882,1853,1844,1867,1868,1868,1869,1874,1872,1868,1848,1875,1849,1862,1873,1874,1884,1878,1875,1876,1881,1797,1882,1881,1883,1883,1798,1885,1882,1887,1888,1808,1889,1890,1889,1892,1868,
836,1961,5127,1985,89
ficial protection has com.,to their relief in: the way of chest pro.
88868889999999875888887444455786788888888848815848899989999999999998
11111111111111111111111111111111111111111111111111111111111111111111
8,8,8,8,8,8,8,8,8,8,8,8,8,8,8,8,8,8,8,8,8,8,8,8,8,8,8,8,8,8,8,8,8,8,8,8,8,8,8,8,8,8,8,8,8,8,8,8,8,8,8,8,8,8,8,8,8,8,8,8,8,8,8,8,8,8,8,8,
836,880,918,982,1022,1093,1182,1214,1290,1345,1416,1464,1534,1594,1650,1681,1755,1883,1912,1992,2064,2164,2196,2254,2311,2393,2500,2507,2550,2674,2763,2805,2889,2950,2994,3047,3138,3185,3251,3291,3335,3401,3448,3519,3568,3672,3641,3728,3775,3854,3965,3996,4100,4169,4284,4316,4389,4470,4516,4579,4656,4716,4774,4868,4894,4971,5025,5094,
1870,1872,1883,1863,1883,1872,1868,1885,1880,1887,1878,1887,1896,1880,1874,1881,1891,1856,1878,1893,1890,1863,1885,1876,1857,1931,1962,1873,1873,1860,1889,1882,1888,1890,1892,1861,1893,1903,1892,1894,1893,1895,1862,1896,1896,1934,1863,1898,1880,1908,1871,1914,1914,1914,1872,1919,1907,1874,1920,1907,1922,1922,1911,1872,1940,1923,1923,1936,
881,919,981,1020,1088,1130,1265,1282,1342,1408,1461,1526,1588,1640,1688,1752,1834,1964,1985,2060,2114,2234,2264,2319,2405,2420,2530,2550,2628,2758,2805,2882,2951,2992,3049,3131,3185,3249,3291,3331,3399,3456,3523,3570,3640,3684,3721,3780,3847,3916,4044,4092,4165,4236,4364,4380,4434,4540,4575,4649,4714,4771,4824,4938,4962,5021,5089,5127,
1960,1962,1962,1951,1962,1960,1913,1972,1958,1964,1964,1964,1962,1966,1964,1966,1970,1901,1968,1973,1972,1908,1972,1965,1947,1980,2004,1962,1963,1950,1978,1978,1966,1979,1980,1951,1981,1982,1984,1982,1985,1987,1952,1990,1985,1990,1953,1994,1970,1990,1916,1992,1993,2002,1917,1995,1995,1919,1997,1997,2000,1999,1998,1917,2016,1999,2001,1988,
842,2074,5137,2095,89
tectors and huge gloves for their-hands antd the injuries have dc,
699999999999899998888884878787688177888786457868889999999999999984
111111111111111111111111111111111111111111111111111111111111111111
8,8,8,8,8,8,8,8,8,8,8,8,8,8,8,8,8,8,8,8,8,8,8,8,8,8,8,8,8,8,8,8,8,8,8,8,8,8,8,8,8,8,8,8,8,8,8,8,8,8,8,8,8,8,8,8,8,8,8,8,8,8,8,8,8,8,
842,890,957,1022,1071,1146,1201,1310,1338,1408,1488,1605,1632,1711,1778,1854,1897,1994,2066,2110,2176,2246,2311,2399,2438,2491,2564,2616,2696,2744,2822,2892,2934,3736,3068,3142,3210,3292,3367,3414,3500,3571,3614,3648,3726,3798,3841,3921,4033,4062,4108,4186,4235,4313,4369,4412,4478,4583,4614,4689,4757,4830,4938,4970,5036,5126,
1986,1997,1999,1990,2001,2000,2000,1985,2001,2010,1990,1975,1990,2006,2006,2006,1992,2007,1994,2001,2002,2009,2010,1982,1998,2004,1993,1982,2000,1998,2007,1993,2012,2044,1993,1998,2011,2000,2012,1985,2021,2010,2025,1996,1986,2018,2012,2025,1977,2018,2028,2018,2031,2031,2024,2034,2036,1981,2026,2036,2037,2041,1979,2030,2040,2078,
884,955,1019,1068,1140,1197,1256,1390,1403,1478,1556,1683,1704,1778,1851,1915,1949,2065,2104,2176,2246,2311,2372,2436,2490,2562,2616,2696,2745,2816,2890,2928,2987,3754,3141,3210,3286,3364,3417,3494,3568,3648,3638,3725,3796,3848,3917,3986,4111,4102,4181,4226,4308,4365,4407,4473,4532,4664,4684,4755,4826,4888,5021,5036,5087,5136,
2078,2078,2078,2078,2077,2072,2076,2030,2076,2078,2080,2020,2078,2083,2092,2084,2088,2094,2080,2088,2086,2087,2089,2072,2088,2090,2091,2072,2092,2088,2094,2092,2092,2062,2086,2096,2098,2101,2100,2075,2102,2088,2106,2106,2076,2106,2104,2107,2022,2106,2106,2114,2110,2106,2111,2112,2115,2026,2114,2115,2115,2119,2024,2118,2118,2096,
841,2190,5128,2215,89
creased almost' tenfold,     W There was a timewhn  catchers were lucky
99998999999998169999999555555277888867888778788444458888888888888888881
11111111111111111111111111111311111111111111111111111111111111111111111
8,8,8,8,8,8,8,8,8,8,8,8,8,8,8,8,8,8,8,8,8,8,8,8,8,8,8,8,8,7,8,8,8,8,8,8,8,8,8,8,8,8,8,8,8,8,8,8,8,8,8,8,8,8,8,8,8,8,8,8,8,8,8,8,8,8,8,8,8,8,8,
841,907,961,1025,1088,1151,1214,1328,1344,1416,1460,1570,1640,1698,1746,1775,1806,1861,1918,1998,2052,2120,2164,2234,2479,2546,2613,2680,2747,2814,2783,2416,2509,2580,2651,2705,2767,2814,2924,2996,3153,3104,3168,3232,3288,3330,3442,3546,3651,3712,3899,0,3920,3988,4056,4107,4169,4243,4310,4359,4419,4479,4582,4646,4695,4754,4818,4860,4936,4998,5052,
2115,2114,2115,2116,2109,2118,2103,2103,2117,2104,2119,2119,2122,2108,2112,2098,2110,2123,2130,2106,2124,2108,2110,2130,2130,2130,2130,2130,2130,2130,2090,2099,2106,2121,2126,2112,2101,2130,2125,2132,2091,2124,2102,2120,2104,2144,2138,2121,2109,2125,2104,0,2143,2132,2133,2146,2134,2135,2135,2136,2106,2137,2138,2139,2139,2107,2142,2152,2152,2142,2119,
904,958,1022,1087,1144,1211,1284,1387,1411,1452,1560,1632,1690,1748,1780,1803,1852,1912,1990,2048,2114,2156,2232,2266,2579,2646,2713,2780,2847,2914,2925,2506,2583,2649,2703,2767,2814,2914,2994,3050,3270,3174,3229,3284,3328,3434,3499,3646,3720,3785,3922,0,3980,4046,4104,4166,4242,4304,4359,4416,4475,4581,4643,4694,4758,4815,4856,4930,4994,5062,5119,
2194,2188,2192,2190,2192,2194,2194,2148,2190,2192,2192,2194,2196,2194,2140,2188,2198,2198,2196,2198,2200,2198,2204,2187,2187,2187,2187,2187,2187,2210,2135,2202,2200,2204,2200,2215,2191,2210,2212,2213,2136,2212,2192,2214,2217,2214,2218,2207,2206,2206,2194,0,2224,2221,2222,2224,2224,2224,2225,2226,2196,2227,2228,2224,2229,2197,2230,2232,2231,2231,2209,
842,2294,5126,2314,89
it they were not out:Of: thie game-:every ifoitn:-lt, but that time
8899999999999999998844845545886887448587885854644468788999999998888
1111111111111111111111111111111111111111111111111111111111111111111
8,8,8,8,8,8,8,8,8,8,8,8,8,8,8,8,8,8,8,8,8,8,8,8,8,8,8,8,8,8,8,8,8,8,8,8,8,8,8,8,8,8,8,8,8,8,8,8,8,8,8,8,8,8,8,8,8,8,8,8,8,8,8,8,8,8,8,
842,890,996,1022,1078,1156,1216,1339,1372,1476,1540,1596,1707,1740,1818,1884,1987,2016,2089,2164,2224,2296,2370,2454,2424,2504,2550,2524,2623,2687,2768,2848,2920,3020,3154,3150,3177,3236,3310,3370,3422,3539,3501,3582,3638,3664,3765,3812,3804,3789,3948,4090,4132,4203,4259,4328,4406,4508,4538,4596,4672,4744,4840,4872,4930,4976,5084,
2214,2214,2205,2218,2214,2240,2240,2214,2238,2242,2238,2242,2214,2242,2244,2224,2215,2246,2219,2214,2250,2227,2212,2234,2217,2219,2225,2209,2248,2217,2232,2214,2250,2231,2250,2240,2256,2234,2233,2233,2256,2199,2245,2224,2210,2230,2234,2238,2230,2277,2227,2252,2264,2250,2234,2272,2252,2208,2256,2252,2276,2260,2211,2264,2256,2274,2280,
880,946,1074,1072,1148,1210,1282,1428,1468,1530,1592,1652,1795,1808,1876,1936,2067,2084,2164,2225,2234,2359,2418,2464,2449,2549,2622,2587,2694,2741,2845,2910,3018,3084,3162,3170,3240,3304,3369,3423,3493,3606,3528,3638,3714,3696,3807,3886,3830,3800,3986,4136,4164,4287,4328,4398,4456,4591,4586,4662,4732,4788,4924,4922,4966,5074,5130,
2302,2304,2250,2304,2302,2304,2322,2259,2306,2306,2302,2306,2259,2306,2308,2310,2260,2312,2307,2306,2314,2316,2316,2318,2314,2275,2314,2307,2318,2314,2320,2320,2328,2312,2254,2316,2324,2312,2313,2311,2344,2244,2315,2328,2300,2324,2330,2318,2254,2285,2317,2338,2326,2295,2324,2340,2340,2253,2342,2338,2342,2346,2256,2350,2342,2342,2348,
844,2419,5134,2453,89
seems to have vanishe6 ln Base -Eawi. :N wand then a catcher
999999999999999988844444848858844644551444888855888888888885
111111111111111111111119911111111111119911111199991111111111
8,8,8,8,8,8,8,8,8,8,8,8,8,8,8,8,8,8,8,8,8,8,8,8,8,8,8,8,8,8,8,8,8,8,8,8,8,8,8,8,8,8,8,8,8,8,8,8,8,8,8,8,8,8,8,8,8,8,8,8,
844,900,965,1028,1137,1247,1282,1330,1458,1496,1569,1637,1710,1828,1862,1937,2006,2084,2128,2241,2262,2268,2402,2477,2532,2595,2700,2799,2864,2932,3024,3039,3088,3102,3679,3304,3320,3355,3488,3514,3112,3681,3872,3942,4022,4087,4185,4231,4299,4369,4441,4540,4601,4702,4763,4832,4880,4944,5019,5081,
2341,2340,2341,2341,2342,2321,2332,2344,2318,2330,2344,2346,2348,2330,2356,2348,2345,2332,2342,2333,2339,2325,2326,2335,2343,2327,2340,2347,2348,2348,2351,2380,2331,2348,2378,2330,2339,2329,2408,2341,2346,2354,2365,2369,2347,2331,2349,2346,2359,2364,2332,2375,2333,2377,2377,2367,2378,2365,2380,2366,
898,962,1022,1130,1190,1340,1330,1398,1557,1565,1634,1707,1769,1921,1932,2004,2079,2126,2186,2331,2325,2328,2486,2531,2602,2694,2797,2863,2916,2984,3077,3076,3158,3172,3782,3329,3355,3510,3512,3604,3124,3774,3939,4010,4091,4181,4231,4306,4365,4444,4535,4608,4695,4760,4829,4878,4940,5014,5080,5129,
2418,2416,2416,2414,2418,2366,2416,2416,2363,2416,2418,2418,2422,2375,2422,2424,2426,2420,2430,2423,2419,2426,2416,2425,2431,2417,2436,2428,2437,2436,2396,2430,2427,2438,2447,2419,2429,2419,2450,2431,2444,2432,2449,2447,2448,2421,2437,2437,2449,2452,2422,2452,2423,2453,2453,2454,2455,2452,2456,2454,
844,2531,5136,2557,89
splits a finger or receves a. asty k-f::ck.re-aon of -a foul tip
8899999999999999998887248878448887141512412764144155526889999999
1111111111111111111111111111111111111111111111111111111111111111
8,8,8,8,8,8,8,8,8,8,8,8,8,8,8,8,8,8,8,8,8,8,8,8,8,8,8,8,8,8,8,8,8,8,8,8,8,8,8,8,8,8,8,8,8,8,8,8,8,8,8,8,8,8,8,8,8,8,8,8,8,8,8,8,
844,903,980,1024,1066,1116,1229,1258,1380,1410,1451,1493,1566,1640,1702,1809,1838,1908,1936,2039,2106,2162,2222,2313,2401,2464,2576,2602,2660,2670,2840,2906,2967,3020,2772,3265,2720,3448,3328,3579,3419,3445,3147,3826,3867,3888,3935,4046,4114,4209,4291,4363,4412,4464,4507,4033,4656,4706,4772,4847,4940,4974,5025,5070,
2460,2462,2442,2442,2442,2453,2443,2455,2431,2442,2445,2457,2456,2457,2458,2444,2461,2459,2451,2462,2473,2470,2437,2446,2464,2467,2440,2464,2487,2440,2460,2460,2462,2461,2464,2453,2498,2464,2454,2441,2453,2441,2441,2466,2467,2471,2469,2456,2457,2445,2459,2459,2446,2473,2460,2455,2476,2488,2490,2479,2435,2480,2478,2500,
904,970,1014,1060,1111,1174,1313,1326,1464,1464,1488,1564,1635,1695,1755,1892,1904,1962,1984,2096,2158,2222,2286,2383,2462,2519,2637,2665,2689,2750,2902,2962,3018,3088,2772,3334,2744,3528,3340,3713,3488,3508,3201,3867,3921,3917,4004,4114,4182,4293,4362,4410,4496,4511,4572,4092,4701,4768,4842,4884,5029,5019,5061,5136,
2532,2552,2530,2530,2532,2528,2488,2534,2476,2531,2531,2536,2544,2534,2532,2489,2539,2537,2550,2542,2542,2550,2527,2535,2545,2549,2485,2547,2545,2530,2548,2549,2555,2550,2464,2542,2520,2560,2564,2576,2546,2531,2550,2555,2555,2494,2557,2546,2546,2535,2548,2548,2536,2561,2549,2554,2564,2566,2567,2566,2480,2568,2564,2588,
844,2646,5138,2682,89
which shoots awkwardy egspecialny if, it: happens to be the after
89999899999988888164617425527824784444884785668788888888888899999
11111111111111111111111111111111111111111111111111111111111111111
8,8,8,8,8,8,8,8,8,8,8,8,8,8,8,8,8,8,8,8,8,8,8,8,8,8,8,8,8,8,8,8,8,8,8,8,8,8,8,8,8,8,8,8,8,8,8,8,8,8,8,8,8,8,8,8,8,8,8,8,8,8,8,8,8,
844,950,1028,1072,1132,1262,1294,1350,1427,1496,1565,1615,1726,1758,1824,1934,2002,2104,2178,2342,2360,2486,2554,2611,2621,2672,2748,2813,2874,2914,2982,2984,3060,2663,3221,3265,3251,3340,3392,3450,3539,3496,3586,3661,3736,3797,3882,3940,4018,4067,4157,4216,4256,4368,4432,4542,4576,4625,4708,4816,4850,4920,4966,5021,5087,
2570,2560,2556,2582,2558,2559,2574,2556,2574,2575,2564,2575,2558,2576,2573,2564,2584,2588,2558,2563,2560,2553,2584,2582,2552,2573,2573,2552,2572,2585,2552,2577,2579,2561,2568,2562,2620,2556,2580,2586,2576,2556,2581,2580,2585,2585,2590,2606,2596,2558,2590,2610,2577,2594,2603,2550,2594,2592,2622,2558,2605,2594,2595,2606,2605,
943,1022,1064,1126,1203,1351,1345,1419,1490,1563,1614,1671,1814,1827,1929,2002,2102,2178,2240,2421,2426,2552,2616,2674,2676,2745,2808,2878,2910,2982,3021,3061,3132,2716,3263,3317,3261,3401,3444,3510,3556,3580,3666,3727,3797,3870,3940,4014,4071,4156,4208,4276,4317,4426,4486,4631,4619,4695,4760,4906,4913,4973,5014,5080,5137,
2648,2650,2644,2646,2646,2604,2646,2644,2648,2648,2650,2656,2603,2656,2658,2650,2654,2654,2656,2671,2682,2643,2666,2671,2642,2661,2652,2642,2658,2664,2642,2666,2669,2657,2658,2658,2641,2646,2668,2674,2630,2646,2671,2659,2674,2675,2676,2676,2676,2648,2678,2682,2661,2674,2681,2595,2680,2678,2686,2603,2680,2680,2682,2682,2684,
852,2757,5146,2774,89
effect of a spitball: u   'ie. number of broken: Afingers has shrunk
89998886888868788784444555464482899998788888877161879999987888888888
11111111111111111111111111111111111111111111111111111111111111111111
8,8,8,8,8,8,8,8,8,8,8,8,8,8,8,8,8,8,8,8,8,8,8,8,8,8,8,8,8,8,8,8,8,8,8,8,8,8,8,8,8,8,8,8,8,8,8,8,8,8,8,8,8,8,8,8,8,8,8,8,8,8,8,8,8,8,8,8,
852,911,934,1002,1066,1124,1230,1260,1328,1431,1457,1515,1611,1668,1742,1785,1840,1905,1978,2012,2080,2084,2196,2364,2431,2498,2565,2496,2586,2552,2751,2726,2808,2886,2995,3071,3136,3282,3274,3344,3392,3482,3549,3604,3676,3738,3808,3896,3872,3965,3964,3964,4046,4122,4196,4256,4311,4359,4454,4532,4604,4642,4736,4794,4870,4920,4995,5070,
2673,2668,2668,2683,2674,2674,2674,2676,2670,2671,2678,2677,2673,2688,2674,2678,2674,2683,2675,2672,2680,2670,2677,2677,2677,2677,2691,2670,2674,2752,2662,2671,2695,2706,2689,2702,2701,2663,2693,2692,2680,2696,2701,2696,2696,2697,2706,2698,2675,2699,2696,2696,2722,2711,2722,2722,2713,2677,2688,2704,2704,2678,2705,2702,2707,2707,2708,2706,
910,980,999,1059,1125,1173,1318,1327,1378,1511,1526,1571,1667,1740,1784,1836,1908,1971,2014,2051,2117,2173,2262,2381,2448,2515,2582,2538,2653,2567,2806,2801,2885,2994,3066,3128,3191,3391,3340,3395,3441,3540,3602,3670,3742,3801,3878,3916,3956,4065,4032,4036,4116,4190,4246,4312,4365,4448,4522,4592,4652,4726,4789,4863,4920,4995,5070,5145,
2760,2756,2756,2758,2756,2760,2719,2758,2758,2716,2764,2770,2763,2776,2762,2766,2768,2761,2763,2762,2774,2760,2767,2767,2767,2767,2740,2774,2767,2771,2707,2761,2777,2779,2780,2778,2776,2708,2780,2782,2773,2784,2780,2785,2782,2786,2790,2728,2765,2789,2784,2784,2786,2797,2784,2786,2788,2767,2777,2790,2794,2768,2795,2790,2790,2794,2792,2792,
842,2874,5138,2896,89
to nothing compared towhat it once was and the number of bruised
9999999988888868888886854857688888889999998999778888899999999999
1111111111111111111111111199911111111111111111111111111111111111
8,8,8,8,8,8,8,8,8,8,8,8,8,8,8,8,8,8,8,8,8,8,8,8,8,8,9,9,8,8,8,8,8,8,8,8,8,8,8,8,8,8,8,8,8,8,8,8,8,8,8,8,8,8,8,8,8,8,8,8,8,8,8,8,
842,893,1011,1024,1104,1175,1222,1300,1338,1415,1404,1552,1617,1685,1801,1868,1938,1992,2051,2082,2183,2238,2344,2459,2544,2618,2673,2727,2780,2899,2880,2948,3020,3080,3185,3206,3312,3384,3477,3492,3564,3640,3745,3776,3826,3905,3962,4018,4098,4175,4290,4352,4420,4513,4530,4606,4625,4712,4782,4835,4909,4951,5006,5070,
2784,2797,2784,2796,2797,2788,2782,2786,2791,2791,2792,2801,2793,2800,2794,2786,2796,2805,2788,2793,2798,2798,2808,2785,2800,2802,2780,2791,2803,2786,2804,2815,2805,2814,2814,2828,2828,2820,2786,2819,2820,2810,2793,2806,2808,2825,2784,2813,2826,2825,2820,2828,2842,2788,2832,2820,2796,2821,2828,2832,2816,2831,2835,2823,
894,965,1072,1099,1170,1218,1296,1339,1415,1492,1445,1613,1689,1790,1873,1938,1986,2052,2123,2133,2238,2312,2460,2541,2616,2674,2724,2762,2819,2993,2949,3016,3082,3141,3244,3300,3366,3434,3537,3561,3635,3716,3789,3826,3900,3964,4018,4093,4170,4280,4350,4409,4468,4577,4594,4648,4659,4777,4830,4904,4940,5001,5065,5137,
2874,2874,2829,2870,2874,2872,2872,2874,2874,2881,2882,2878,2878,2880,2884,2884,2884,2881,2882,2883,2887,2877,2890,2877,2879,2890,2870,2881,2892,2831,2892,2892,2892,2892,2859,2898,2897,2900,2831,2899,2900,2902,2838,2900,2896,2905,2874,2903,2902,2900,2906,2906,2906,2833,2908,2906,2886,2902,2906,2910,2902,2908,2912,2912,
846,2987,4070,2995,89
joints also has: growns    : :    -   .    : - :
899999699988888258787526555141855568557855577254
111111111111111119999991999111111111111111111111
8,8,8,8,8,8,8,8,8,8,8,8,8,8,8,8,8,8,8,8,8,8,8,8,8,8,8,8,8,8,8,8,8,8,8,8,8,8,8,8,8,8,8,8,8,8,8,8,
846,900,973,1008,1092,1139,1195,1276,1344,1390,1435,1507,1592,1662,1732,1632,1780,1861,2005,1997,2058,2155,1808,0,0,0,0,2678,0,2786,2233,0,0,0,3116,2347,0,0,3423,0,0,0,0,3733,0,3733,3931,3998,
2898,2912,2900,2911,2904,2913,2875,2913,2900,2924,2906,2876,2900,2909,2910,2876,2877,2911,2918,2912,2920,2927,2878,0,0,0,0,2962,0,2902,2878,0,0,0,2966,2878,0,0,2953,0,0,0,0,2933,0,2926,2926,2919,
892,964,1007,1083,1136,1195,1275,1339,1378,1442,1506,1587,1662,1725,1784,1756,1855,1929,2065,2065,2160,2239,1942,0,0,0,0,2696,0,2796,2308,0,0,0,3160,2417,0,0,3432,0,0,0,0,3749,0,3779,3945,4012,
3006,2988,2985,2987,2988,2988,2965,2990,2988,2988,2992,2966,2990,2998,2998,3000,2967,3000,2997,2994,2998,2997,3012,0,0,0,0,3012,0,2968,2968,0,0,0,2982,2968,0,0,3003,0,0,0,0,3005,0,3014,3014,2976,
1000,3104,5146,3123,89
Some managers have thought that the increased number of players
999999999999999998788848724888887888487887587899999999999999999
111111111111111111111111111111111111111111111111111111111111111
8,8,8,8,8,8,8,8,8,8,8,8,8,8,8,8,8,8,8,8,8,8,8,8,8,8,8,8,8,8,8,8,8,8,8,8,8,8,8,8,8,8,8,8,8,8,8,8,8,8,8,8,8,8,8,8,8,8,8,8,8,8,8,
1000,1074,1144,1251,1355,1366,1478,1546,1624,1691,1764,1826,1880,1984,1996,2070,2142,2212,2319,2335,2382,2464,2535,2606,2678,2763,2808,2866,2914,2994,3070,3159,3166,3213,3296,3340,3418,3462,3540,3602,3650,3720,3788,3846,3916,3974,4038,4114,4189,4299,4371,4434,4529,4542,4612,4699,4708,4784,4828,4895,4971,5036,5092,
3014,3026,3027,3029,3015,3029,3028,3029,3030,3025,3033,3033,3034,3002,3018,3042,3042,3036,3002,3019,3014,3038,3029,3044,3020,3010,3012,3030,3026,3043,3032,3007,3035,3032,3046,3025,3037,3038,3036,3038,3039,3036,3038,3038,3040,3016,3044,3053,3054,3044,3057,3056,3016,3057,3046,3015,3058,3046,3060,3061,3061,3059,3058,
1070,1139,1245,1309,1411,1472,1542,1617,1689,1762,1823,1879,1937,2043,2066,2140,2214,2271,2379,2385,2456,2530,2595,2680,2752,2805,2864,2912,2995,3069,3118,3208,3213,3290,3362,3380,3451,3528,3599,3650,3715,3782,3842,3906,3977,4030,4107,4182,4291,4363,4427,4484,4588,4606,4658,4750,4780,4825,4893,4963,5029,5087,5145,
3105,3104,3104,3106,3060,3102,3104,3106,3106,3119,3110,3108,3110,3047,3112,3112,3112,3112,3047,3116,3116,3114,3109,3136,3124,3100,3102,3122,3118,3122,3124,3052,3124,3120,3124,3113,3126,3124,3115,3126,3128,3115,3117,3130,3131,3106,3126,3130,3128,3132,3132,3132,3061,3134,3134,3060,3147,3134,3138,3147,3140,3134,3134,
849,3206,5146,3227,89
carried by different clubs i- .recent, years las been a handicap to
9999999999999999999988888844445887688188888885876888889999999999999
1111111111111111111111111111111111111111111111111111111111111111111
8,8,8,8,8,8,8,8,8,8,8,8,8,8,8,8,8,8,8,8,8,8,8,8,8,8,8,8,8,8,8,8,8,8,8,8,8,8,8,8,8,8,8,8,8,8,8,8,8,8,8,8,8,8,8,8,8,8,8,8,8,8,8,8,8,8,8,
849,915,986,1042,1097,1140,1203,1333,1358,1426,1550,1576,1650,1693,1716,1786,1850,1904,1965,2042,2073,2182,2247,2277,2360,2424,2477,2554,2603,2680,2731,2768,2820,2888,2940,3006,3090,3182,3143,3224,3296,3364,3430,3492,3539,3626,3701,3766,3818,3912,3980,4040,4106,4167,4258,4383,4410,4487,4554,4631,4706,4747,4810,4876,5005,5032,5088,
3138,3137,3138,3138,3127,3139,3130,3118,3130,3143,3117,3130,3130,3128,3128,3146,3143,3145,3146,3128,3129,3148,3136,3148,3132,3147,3124,3124,3153,3125,3212,3137,3145,3162,3160,3140,3146,3212,3126,3149,3156,3150,3158,3159,3127,3147,3140,3140,3128,3146,3155,3156,3166,3129,3166,3117,3156,3168,3169,3156,3158,3170,3172,3171,3117,3162,3176,
913,981,1039,1094,1135,1203,1277,1411,1424,1492,1634,1649,1689,1760,1783,1845,1900,1964,2035,2093,2131,2241,2285,2357,2422,2486,2561,2582,2635,2764,2748,2819,2884,2954,3004,3086,3144,3200,3218,3286,3358,3424,3484,3543,3623,3654,3766,3822,3907,3977,4039,4099,4173,4251,4326,4467,4479,4550,4625,4701,4743,4806,4876,4949,5088,5077,5146,
3216,3216,3214,3214,3214,3216,3218,3163,3220,3230,3162,3222,3218,3220,3220,3222,3220,3222,3222,3224,3231,3224,3228,3227,3226,3230,3214,3228,3201,3215,3232,3232,3235,3234,3238,3236,3230,3242,3216,3238,3236,3236,3231,3238,3217,3235,3236,3230,3218,3244,3242,3242,3242,3219,3245,3162,3244,3244,3244,3246,3246,3248,3250,3260,3162,3250,3246,
848,3328,5144,3348,89
some players in not bringing -out the best. there is in them. That,
9999999999999999999998878578828999999989994588889999999999999999998
1111111111111111111111111111111111111111111111111111111111111111111
8,8,8,8,8,8,8,8,8,8,8,8,8,8,8,8,8,8,8,8,8,8,8,8,8,8,8,8,8,8,8,8,8,8,8,8,8,8,8,8,8,8,8,8,8,8,8,8,8,8,8,8,8,8,8,8,8,8,8,8,8,8,8,8,8,8,8,
852,906,975,1085,1197,1214,1291,1332,1403,1476,1544,1599,1709,1728,1768,1892,1910,1986,2061,2083,2184,2254,2308,2352,2434,2503,2550,2623,2730,2730,2764,2836,2896,2928,3028,3078,3152,3198,3296,3364,3424,3486,3550,3529,3604,3656,3736,3798,3852,3886,3988,4029,4136,4156,4198,4322,4345,4393,4468,4530,4643,4763,4826,4920,4998,5068,5120,
3257,3257,3256,3256,3241,3258,3246,3260,3261,3250,3260,3262,3229,3248,3262,3241,3272,3272,3252,3245,3254,3263,3254,3268,3268,3240,3270,3268,3269,3336,3263,3268,3264,3246,3264,3259,3276,3247,3265,3266,3282,3264,3303,3236,3270,3268,3274,3269,3270,3248,3268,3283,3231,3274,3286,3229,3272,3270,3287,3286,3309,3228,3274,3272,3287,3280,3338,
903,970,1080,1143,1267,1286,1328,1399,1471,1539,1597,1653,1783,1758,1839,1963,1978,2054,2109,2124,2250,2309,2348,2426,2510,2544,2620,2697,2771,2738,2833,2905,2960,2969,3080,3150,3216,3251,3360,3423,3474,3534,3576,3599,3646,3730,3794,3849,3914,3931,4026,4084,4209,4190,4268,4400,4390,4463,4528,4637,4671,4918,4912,4988,5058,5120,5144,
3334,3332,3330,3332,3286,3345,3332,3334,3346,3334,3332,3336,3274,3334,3335,3286,3336,3336,3340,3340,3340,3338,3340,3344,3355,3332,3346,3357,3314,3344,3346,3344,3348,3341,3344,3346,3352,3342,3354,3352,3348,3356,3354,3326,3354,3354,3362,3352,3358,3343,3355,3354,3276,3356,3358,3274,3360,3356,3362,3358,3358,3273,3360,3358,3360,3364,3380,
852,3444,5148,3468,89
too, may be true, for there arel many ball players who do little
9999999999999999888888888788888488888999999999899999999999999999
1111111111111111111111111111111111111111111111111111111111111111
8,8,8,8,8,8,8,8,8,8,8,8,8,8,8,8,8,8,8,8,8,8,8,8,8,8,8,8,8,8,8,8,8,8,8,8,8,8,8,8,8,8,8,8,8,8,8,8,8,8,8,8,8,8,8,8,8,8,8,8,8,8,8,8,
854,896,965,1034,1128,1160,1270,1338,1471,1502,1570,1689,1716,1766,1822,1899,1957,2085,2092,2145,2218,2313,2362,2418,2494,2556,2608,2739,2764,2840,2895,2940,3022,3046,3158,3220,3303,3435,3466,3534,3606,3644,3744,3772,3849,3892,3956,4035,4099,4154,4269,4294,4399,4474,4600,4630,4702,4827,4858,4903,4946,4995,5044,5087,
3360,3371,3371,3395,3360,3371,3373,3374,3349,3358,3374,3350,3362,3376,3376,3378,3372,3349,3362,3373,3384,3378,3368,3362,3382,3377,3377,3360,3384,3390,3394,3371,3360,3394,3388,3388,3390,3349,3376,3389,3380,3376,3358,3392,3380,3384,3389,3396,3395,3397,3360,3399,3384,3400,3348,3386,3403,3349,3388,3384,3388,3388,3380,3404,
900,962,1030,1061,1226,1264,1334,1405,1569,1565,1628,1778,1766,1818,1895,1960,1995,2158,2142,2217,2274,2380,2410,2488,2549,2607,2672,2805,2832,2890,2962,2965,3084,3160,3216,3292,3366,3532,3531,3596,3634,3684,3806,3844,3884,3956,4031,4092,4150,4208,4353,4391,4468,4538,4693,4700,4766,4920,4894,4938,4990,5040,5081,5148,
3448,3450,3448,3458,3405,3446,3446,3461,3394,3446,3450,3395,3452,3446,3452,3452,3460,3394,3452,3450,3450,3423,3456,3456,3456,3454,3462,3405,3462,3456,3462,3462,3405,3468,3460,3461,3475,3394,3462,3467,3468,3462,3403,3482,3468,3466,3468,3468,3466,3468,3405,3474,3470,3474,3393,3476,3478,3394,3474,3468,3472,3476,3470,3477,
852,3555,5146,3567,89
from one season to another. Of these there are the younger type.
9999999999999999878888678888878999998999998999999999999999999996
1111111111111111111111111111111111111111111111111111111111111111
8,8,8,8,8,8,8,8,8,8,8,8,8,8,8,8,8,8,8,8,8,8,8,8,8,8,8,8,8,8,8,8,8,8,8,8,8,8,8,8,8,8,8,8,8,8,8,8,8,8,8,8,8,8,8,8,8,8,8,8,8,8,8,8,
852,906,964,1034,1191,1210,1278,1358,1470,1488,1548,1610,1682,1738,1808,1931,1947,1998,2007,2140,2208,2294,2362,2410,2497,2555,2609,2601,2798,2894,3000,3020,3074,3152,3208,3270,3380,3398,3454,3530,3594,3652,3785,3782,3854,3916,4026,4048,4100,4180,4287,4310,4384,4452,4524,4600,4672,4736,4841,4860,4918,4982,5060,5128,
3472,3492,3492,3492,3473,3494,3496,3494,3473,3498,3500,3494,3498,3498,3490,3464,3482,3484,3473,3500,3500,3492,3480,3472,3496,3469,3508,3474,3474,3474,3463,3492,3482,3488,3488,3510,3461,3490,3486,3510,3510,3516,3471,3514,3512,3520,3463,3500,3492,3522,3472,3522,3520,3518,3520,3522,3522,3520,3460,3502,3524,3524,3520,3562,
904,960,1028,1136,1266,1272,1346,1416,1543,1540,1600,1670,1730,1800,1876,2002,1996,2067,2044,2208,2284,2360,2416,2484,2554,2612,2639,2686,2882,2941,3072,3064,3142,3208,3264,3328,3450,3448,3524,3586,3648,3708,3816,3848,3908,3970,4105,4092,4170,4230,4367,4372,4442,4518,4596,4666,4730,4788,4914,4910,4982,5048,5116,5146,
3562,3560,3562,3556,3518,3562,3560,3562,3518,3564,3564,3562,3564,3562,3564,3509,3566,3562,3565,3568,3566,3570,3568,3562,3570,3568,3565,3566,3572,3570,3508,3578,3574,3576,3576,3578,3506,3576,3574,3576,3584,3582,3516,3584,3580,3584,3508,3582,3578,3586,3517,3600,3584,3584,3584,3604,3588,3584,3505,3588,3606,3608,3590,3586,
852,3672,5156,3698,89
who are on probation,, so 'to Ispeak, and the older type, who are
88888888688888888888826886487625888849999888869999999999999999999
11111111111111111111111111111111111111111111111111111111111111111
8,8,8,8,8,8,8,8,8,8,8,8,8,8,8,8,8,8,8,8,8,8,8,8,8,8,8,8,8,8,8,8,8,8,8,8,8,8,8,8,8,8,8,8,8,8,8,8,8,8,8,8,8,8,8,8,8,8,8,8,8,8,8,8,8,
852,957,1030,1105,1189,1262,1311,1379,1465,1535,1606,1698,1776,1832,1904,1972,2044,2094,2140,2208,2286,2275,2347,2413,2468,2526,2582,2616,2666,2740,2700,2838,2878,2956,3018,3080,3153,3193,3282,3348,3432,3511,3593,3636,3715,3819,3872,3936,3982,4057,4118,4232,4260,4307,4388,4454,4517,4612,4640,4744,4817,4945,4970,5042,5106,
3604,3590,3606,3691,3604,3606,3608,3692,3606,3608,3693,3608,3608,3608,3598,3606,3595,3600,3610,3608,3658,3691,3695,3610,3614,3696,3593,3598,3655,3659,3652,3622,3618,3618,3616,3598,3681,3652,3622,3618,3598,3653,3613,3613,3619,3699,3626,3602,3609,3628,3628,3630,3610,3630,3628,3628,3676,3639,3630,3615,3632,3638,3630,3630,3630,
955,1030,1103,1189,1254,1311,1378,1463,1535,1606,1700,1775,1828,1898,1968,2034,2090,2134,2202,2276,2308,2310,2408,2462,2527,2615,2595,2665,2739,2769,2704,2890,2946,3014,3080,3154,3181,3281,3348,3420,3504,3569,3635,3712,3783,3870,3938,3974,4051,4113,4169,4322,4308,4375,4454,4512,4545,4706,4738,4814,4884,5032,5036,5092,5156,
3679,3680,3681,3781,3678,3682,3683,3782,3684,3681,3783,3696,3687,3687,3688,3689,3682,3689,3690,3691,3698,3724,3785,3692,3688,3786,3607,3693,3726,3704,3658,3696,3720,3686,3698,3688,3729,3744,3694,3686,3692,3745,3702,3703,3698,3789,3702,3690,3701,3700,3699,3675,3696,3714,3716,3702,3718,3684,3704,3703,3706,3683,3706,3706,3696,
852,3784,5154,3818,93
carried to fill in for three or: tour, places should some one happen to
99999999999999998999998876884475846781688888888888888999999999999999999
11111111111111111111111111111111111111111111111111111111111111111111111
8,8,8,8,8,8,8,8,8,8,8,8,8,8,8,8,8,8,8,8,8,8,8,8,8,8,8,8,8,8,8,8,8,8,8,8,8,8,8,8,8,8,8,8,8,8,8,8,8,8,8,8,8,8,8,8,8,8,8,8,8,8,8,8,8,8,8,8,8,8,8,
852,914,986,1043,1099,1140,1206,1251,1342,1390,1506,1516,1559,1598,1639,1728,1738,1785,1907,1922,1973,2044,2095,2156,2214,2284,2348,2404,2468,2551,2616,2655,2652,2654,2765,2844,2920,2976,2973,3030,3109,3146,3221,3285,3344,3076,3469,3526,3600,3672,3748,3789,3856,3922,3979,4046,4154,4264,4280,4344,4424,4526,4540,4618,4687,4759,4837,4899,5023,5038,5087,
3722,3720,3724,3720,3701,3720,3700,3813,3706,3726,3803,3704,3703,3702,3705,3802,3704,3726,3802,3706,3728,3726,3921,3710,3713,3824,3726,3730,3922,3718,3820,3726,3923,3715,3736,3734,3734,3786,3924,3734,3713,3736,3738,3740,3742,3801,3738,3724,3738,3740,3722,3721,3926,3746,3744,3742,3746,3813,3748,3746,3750,3800,3728,3746,3746,3746,3752,3750,3801,3730,3756,
913,981,1038,1096,1136,1203,1276,1292,1386,1457,1565,1563,1594,1630,1677,1788,1778,1853,1976,1970,2040,2099,2156,2210,2290,2339,2408,2471,2524,2597,2650,2667,2708,2699,2838,2918,2974,2986,3024,3103,3145,3211,3279,3344,3399,3136,3525,3597,3669,3746,3787,3861,3917,3972,4039,4146,4211,4333,4341,4412,4478,4590,4612,4683,4756,4828,4894,4971,5089,5086,5154,
3789,3790,3789,3789,3790,3791,3792,3900,3792,3795,3848,3792,3792,3788,3792,3847,3790,3794,3847,3792,3798,3795,4011,3798,3803,3841,3802,3800,4012,3804,3843,3802,4013,3804,3807,3808,3807,3804,4014,3824,3805,3810,3807,3807,3812,3846,3813,3814,3814,3812,3809,3812,4016,3813,3813,3812,3815,3858,3817,3816,3814,3845,3816,3817,3830,3830,3820,3820,3846,3816,3823,
849,3912,5154,3933,89
be hurt. There are few   6iowadayo of. :the old-fashioned all-around
99999999999999999988878554476868428881818274888888888999999999999999
11111111111111111111111111111111111111199991111111111111111111111111
8,8,8,8,8,8,8,8,8,8,8,8,8,8,8,8,8,8,8,8,8,8,8,8,8,8,8,8,8,8,8,8,8,8,8,8,8,8,8,8,8,8,8,8,8,8,8,8,8,8,8,8,8,8,8,8,8,8,8,8,8,8,8,8,8,8,8,8,
852,924,1044,1062,1141,1219,1279,1327,1455,1512,1606,1682,1748,1803,1928,1948,2020,2075,2200,2220,2270,2330,2384,0,0,2590,2595,2568,2641,2756,2834,2904,2970,3186,3243,3185,3254,3300,3349,3316,3384,3376,3515,3622,3658,3728,3766,3844,3884,3936,4010,4068,4148,4190,4249,4331,4396,4523,4544,4614,4660,4696,4742,4809,4863,4934,5014,5092,
3812,3832,3859,3813,3834,3832,3817,3878,3859,3810,3818,3836,3830,3838,3870,3836,3834,3840,3858,3816,3836,3836,3880,0,0,3806,3857,3838,3840,3836,3834,3840,3844,3848,3886,3848,3838,3928,3886,3818,3840,3824,3848,3859,3846,3833,3826,3874,3826,3848,3850,3835,3836,3850,3850,3856,3834,3868,3856,3836,3836,3884,3854,3856,3858,3858,3858,3838,
918,986,1122,1138,1218,1278,1321,1359,1609,1604,1679,1744,1800,1864,2011,2016,2070,2136,2256,2268,2330,2428,2421,0,0,2671,2662,2640,2756,2828,2910,2968,3044,3246,3278,3254,3302,3334,3377,3344,3434,3582,3578,3686,3729,3768,3836,3883,3936,4002,4060,4138,4180,4246,4325,4389,4462,4606,4609,4652,4690,4737,4805,4861,4930,5004,5084,5156,
3904,3905,3904,3904,3905,3904,3904,3907,3904,3902,3906,3908,3908,3909,3915,3909,3911,3911,3903,3906,3906,3912,3968,0,0,3918,3964,3921,3922,3922,3923,3924,3930,3918,3931,3926,3926,3967,3931,3906,3928,3968,3924,3904,3930,3923,3916,3911,3914,3925,3925,3924,3925,3926,3926,3929,3924,3913,3930,3922,3916,3918,3930,3930,3934,3934,3928,3932,
853,4016,5148,4043,89
ball player, whose boast it wasg that he :could play any position, on
999999999999999999999968888478816888868884889999999999999999999986488
111111111111111111111111111111111111111111111111111111111111111111111
8,8,8,8,8,8,8,8,8,8,8,8,8,8,8,8,8,8,8,8,8,8,8,8,8,8,8,8,8,8,8,8,8,8,8,8,8,8,8,8,8,8,8,8,8,8,8,8,8,8,8,8,8,8,8,8,8,8,8,8,8,8,8,8,8,8,8,8,8,
854,924,995,1042,1129,1142,1219,1262,1332,1407,1473,1528,1619,1634,1738,1816,1886,1942,1975,2076,2147,2217,2290,2342,2386,2463,2502,2553,2628,2728,2802,2802,2890,2926,2982,3057,3130,3237,3252,3326,3435,3445,3459,3520,3592,3666,3708,3740,3848,3922,3964,4034,4160,4179,4242,4319,4445,4464,4539,4609,4667,4710,4754,4796,4863,4932,5018,5016,5086,
3930,3948,3930,3924,3961,3950,3931,3945,3950,3952,3946,3992,3960,3952,3933,3954,3953,3956,3967,3934,3954,3950,3956,3934,3967,3948,3940,3988,3954,3954,3956,3928,3985,3944,3952,3957,3953,3947,3948,3964,3986,3944,3966,3961,3960,3944,3952,3969,3964,3951,3968,3970,3958,3969,3970,3974,3957,3972,3972,3972,3958,3952,3958,3972,3979,3993,3957,3976,3969,
922,990,1032,1076,1195,1214,1258,1330,1403,1468,1526,1559,1693,1735,1811,1883,1938,2003,2016,2136,2214,2283,2345,2394,2459,2507,2558,2623,2731,2794,2858,2866,2934,2974,3054,3125,3180,3288,3322,3382,3501,3465,3512,3584,3656,3700,3774,3782,3918,3958,4029,4101,4238,4241,4312,4386,4524,4533,4603,4661,4702,4758,4792,4862,4934,4968,5054,5080,5146,
4021,4021,4020,4018,4006,4038,4020,4020,4036,4023,4021,4038,4005,4026,4024,4026,4026,4027,4057,4024,4028,4029,4034,4024,4057,4036,4028,4078,4037,4033,4034,4030,4030,4036,4040,4034,4041,3992,4040,4039,4031,4036,4032,4039,4034,4032,4042,4059,4050,4040,4042,4056,4003,4044,4038,4057,4002,4058,4046,4047,4047,4042,4047,4047,4057,4056,4002,4050,4044,
848,4128,2956,4140,89
the diamond.     .       -.^'
99999999999985555745555555644
11111111111111111111111111111
8,8,8,8,8,8,8,8,8,8,8,8,8,8,8,8,8,8,11,8,8,8,8,8,8,8,8,6,6,
850,902,992,1112,1126,1203,1244,1312,1423,1492,1570,1645,1670,0,0,0,0,2015,0,0,0,0,0,0,0,2511,2611,2756,2918,
4042,4038,4060,4037,4040,4038,4053,4054,4055,4055,4042,4078,4047,0,0,0,0,4076,0,0,0,0,0,0,0,4055,4085,4057,4046,
912,981,1054,1185,1198,1241,1309,1418,1490,1566,1639,1674,1792,0,0,0,0,2027,0,0,0,0,0,0,0,2545,2634,2829,2934,
4142,4132,4136,4082,4132,4130,4130,4130,4132,4132,4134,4135,4137,0,0,0,0,4127,0,0,0,0,0,0,0,4131,4138,4138,4102,
1162,4497,4860,4520,123
;NICKNAMES. FOR MJOR LOAGUE TEAMS
288888888825441116447528877888888
111111111111111111111111111111111
11,11,11,11,11,11,11,11,11,11,11,11,11,11,11,11,11,11,11,11,11,11,11,11,11,11,11,11,11,11,11,11,11,
1162,1162,1292,1352,1470,1600,1730,1860,2021,2130,2228,2267,2317,2442,2558,2687,2753,2790,3008,3171,3276,3458,3126,3694,3822,3940,4081,4169,4259,4368,4477,4606,4766,
4367,4374,4377,4374,4379,4380,4381,4382,4382,4384,4385,4366,4376,4376,4365,4367,4366,4366,4379,4379,4360,4382,4386,4396,4396,4398,4398,4406,4402,4400,4402,4404,4404,
227,1291,1351,1469,1599,1729,1859,2016,2129,2227,2271,2314,2442,2607,2685,2748,2916,2896,3170,3322,3345,3555,3244,3814,3936,4078,4184,4209,4367,4476,4605,4762,4863,
4491,4498,4500,4503,4502,4504,4506,4507,4508,4509,4509,4489,4500,4501,4488,4490,4489,4510,4503,4504,4421,4506,4512,4518,4523,4524,4524,4510,4524,4522,4524,4528,4530,
996,4648,5156,4668,89
The editor of the GUUlE qhas been. asked to give information as to
999989999998868888814448188999999499999999998888888888899999999999
111111111111111111111111111111111111111111111111111111111111111111
8,8,8,8,8,8,8,8,8,8,8,8,8,8,8,8,8,8,8,8,8,8,8,8,8,8,8,8,8,8,8,8,8,8,8,8,8,8,8,8,8,8,8,8,8,8,8,8,8,8,8,8,8,8,8,8,8,8,8,8,8,8,8,8,8,8,
996,1090,1163,1203,1290,1356,1430,1473,1521,1592,1698,1710,1780,1827,1892,1938,2018,1936,2146,2232,2267,2327,2363,2511,2372,2580,2660,2732,2762,2848,2915,2976,3035,3105,3181,3180,3249,3305,3377,3444,3569,3578,3625,3670,3758,3832,3874,3945,4058,4066,4110,4188,4236,4308,4364,4472,4546,4604,4648,4710,4838,4852,4921,5027,5036,5087,
4560,4562,4574,4565,4576,4566,4566,4567,4577,4579,4579,4590,4569,4553,4570,4570,4562,4566,4570,4553,4563,4583,4564,4555,4558,4570,4577,4594,4567,4576,4578,4588,4589,4593,4559,4588,4591,4578,4591,4578,4552,4585,4595,4569,4606,4584,4606,4596,4550,4586,4596,4584,4576,4604,4582,4606,4590,4584,4606,4610,4557,4601,4605,4548,4592,4604,
1088,1160,1225,1245,1353,1426,1469,1518,1588,1645,1757,1768,1828,1893,1944,2011,2081,1980,2230,2316,2344,2357,2428,2577,2444,2656,2726,2788,2796,2914,2972,3035,3105,3132,3221,3246,3304,3377,3441,3514,3628,3626,3692,3713,3824,3876,3938,4001,4123,4110,4180,4238,4302,4362,4472,4542,4598,4638,4704,4780,4912,4914,4974,5091,5086,5156,
4650,4652,4654,4652,4654,4655,4652,4656,4656,4652,4624,4658,4656,4643,4658,4656,4658,4653,4658,4643,4653,4680,4653,4645,4676,4659,4662,4662,4654,4665,4662,4666,4666,4651,4604,4664,4666,4668,4667,4670,4597,4672,4670,4656,4662,4666,4674,4672,4595,4672,4674,4670,4676,4674,4672,4676,4676,4670,4672,4676,4602,4674,4678,4593,4678,4680,
858,4764,5162,4787,89
the nicknames or "pe  .aew       bchareestowedupon *the various
999999999999999998784544545555555445555777747777786288899999999
111111111111111111111199991111111111111111111111111111111111111
8,8,8,8,8,8,8,8,8,8,8,8,8,8,8,8,8,8,8,8,8,8,8,8,8,8,8,8,8,8,8,8,8,9,8,8,8,8,8,8,8,8,8,8,8,8,8,8,8,8,9,9,8,8,8,8,8,8,8,8,8,8,8,
858,908,986,1108,1110,1189,1231,1292,1364,1442,1510,1620,1688,1793,1808,1878,1903,1996,2064,2140,2313,0,2365,2476,2644,2811,2593,2660,2727,2794,2861,2928,2995,3062,3044,3108,3252,3321,3376,3432,3508,3671,3619,3704,3894,3961,4104,4180,4249,4320,4447,4459,4464,4516,4598,4711,4718,4794,4864,4918,4960,5030,5107,
4672,4672,4689,4672,4686,4674,4691,4676,4691,4690,4691,4694,4693,4698,4694,4708,4673,4680,4689,4704,4667,0,4770,4679,4696,4685,4685,4685,4685,4685,4685,4685,4685,4682,4683,4676,4668,4687,4684,4684,4684,4692,4685,4685,4703,4696,4705,4706,4707,4700,4671,4709,4699,4693,4710,4671,4716,4717,4714,4696,4716,4719,4720,
906,982,1052,1165,1182,1227,1288,1360,1434,1506,1618,1680,1742,1849,1873,1930,1939,2054,2136,2198,2379,0,2375,2540,2704,2914,2675,2742,2809,2876,2943,3010,3077,3144,3105,3185,3319,3374,3436,3508,3573,3712,3704,3826,3961,4035,4180,4249,4318,4394,4502,4516,4518,4592,4654,4776,4789,4856,4913,4954,5026,5100,5161,
4764,4766,4769,4717,4764,4764,4768,4764,4768,4772,4768,4773,4774,4743,4770,4774,4765,4765,4778,4777,4757,0,4789,4772,4778,4770,4770,4770,4770,4770,4770,4770,4770,4771,4767,4766,4758,4770,4772,4773,4774,4782,4774,4775,4784,4788,4794,4795,4790,4788,4716,4797,4791,4787,4794,4716,4790,4788,4782,4782,4786,4788,4794,
856,4881,5156,4904,89
teams. that -consttuqte e^hi:moqleagues.  Suppose ^tat we begin
999987899999488888244885644424544878788785758848844288888878886
111111111111111111111111111111111111111111111111111111111111111
8,8,8,8,8,8,8,8,8,8,8,8,8,8,8,8,8,8,8,8,8,8,8,8,8,8,8,8,8,8,8,8,8,8,8,8,8,8,8,8,8,8,8,8,8,8,8,8,8,8,8,8,8,8,8,8,8,8,8,8,8,8,8,
856,903,968,1039,1153,1218,1212,1292,1346,1428,1505,1531,1620,1642,1710,1781,1861,1919,2012,2060,2066,2138,2198,2374,2441,2386,2566,2634,2725,2615,2846,2881,3026,3093,3129,3230,3306,3377,3434,3485,3520,0,3690,3765,3840,3906,3978,4056,4112,4167,4210,4256,4390,4460,4507,4599,4702,4791,4846,4914,4972,5045,5088,
4792,4804,4804,4803,4807,4828,4782,4796,4794,4807,4799,4792,4826,4802,4809,4810,4813,4796,4782,4801,4820,4802,4811,4811,4816,4796,4796,4797,4784,4808,4822,4806,4799,4812,4817,4814,4814,4815,4815,4816,4789,0,4804,4809,4808,4809,4809,4821,4821,4791,4809,4790,4811,4818,4792,4825,4838,4803,4812,4833,4834,4821,4838,
902,968,1038,1154,1214,1241,1287,1348,1424,1499,1553,1582,1665,1698,1780,1854,1916,1967,2054,2133,2142,2198,2254,2433,2500,2435,2634,2672,2819,2717,2912,2957,3063,3150,3193,3302,3374,3434,3485,3520,3685,0,3763,3837,3909,3978,4049,4108,4176,4251,4314,4302,4458,4508,4596,4694,4761,4843,4909,4969,5040,5081,5156,
4880,4882,4883,4882,4886,4877,4872,4882,4882,4882,4884,4887,4884,4890,4886,4884,4886,4888,4872,4879,4906,4894,4890,4890,4890,4883,4886,4886,4899,4890,4890,4898,4888,4892,4896,4902,4892,4892,4892,4894,4879,0,4894,4890,4912,4899,4889,4898,4900,4881,4909,4880,4912,4904,4882,4906,4908,4848,4900,4904,4918,4900,4902,
862,4991,5168,5010,89
with Boston, witeh isifarthest/east. - "Braves;'. hici -is .betowed
8878888888888824446874446887551889999248899999464847848788848899999
1111111111111111111111111111111111111111111111111111111333111111111
8,8,8,8,8,8,8,8,8,8,8,8,8,8,8,8,8,8,8,8,8,8,8,8,8,8,8,8,8,8,8,8,8,8,8,8,8,8,8,8,8,8,8,8,8,8,8,8,9,8,8,8,8,8,8,8,8,8,8,8,8,8,8,8,8,8,8,
862,971,1015,1070,1136,1210,1307,1380,1439,1476,1549,1622,1660,1748,1926,1928,1973,2030,2104,2187,2230,2319,2348,2405,2482,2527,2577,2672,2695,2773,2846,2924,2988,3055,3118,3163,3208,3218,0,3356,3420,3518,3572,3648,3716,3782,3820,3867,4002,3897,4126,4199,4252,4325,4435,4430,4462,4504,4565,4624,4633,4702,4822,4872,4940,5044,5102,
4911,4903,4905,4904,4886,4904,4907,4908,4908,4909,4909,4910,4887,4911,4887,4906,4928,4887,4889,4905,4918,4918,4898,4903,4912,4912,4906,4904,4888,4896,4918,4932,4914,4927,4918,4951,4905,4923,0,4914,4914,4930,4931,4940,4933,4930,4940,4929,4949,4894,4908,4918,4942,4930,4904,4966,4928,4940,4916,4958,4928,4936,4926,4942,4943,4943,4928,
966,1009,1070,1136,1206,1302,1376,1436,1482,1549,1622,1661,1744,1850,1965,1978,2030,2102,2184,2228,2286,2356,2405,2475,2534,2576,2652,2736,2751,2820,2868,2986,3054,3112,3166,3191,3353,3224,0,3412,3506,3570,3637,3720,3777,3838,3852,3893,4021,4015,4202,4248,4308,4362,4536,4440,4500,4560,4609,4648,4702,4764,4870,4940,5032,5098,5166,
4990,4986,4992,4995,4976,4988,4990,4996,4990,4990,4990,4999,4977,4996,4977,4992,4999,4977,4979,4994,4994,5003,4989,4992,4998,4996,4992,4996,4978,4987,5000,5000,4996,4998,4996,4996,4993,5013,0,5004,4998,4998,5000,5002,5003,5002,5017,4981,4997,4984,4994,5006,5006,5008,4949,4972,5006,5010,4996,5019,5020,5008,5010,5012,5014,5010,5010,
866,5094,5167,5115,96
upon the Boston; Nationial League team, is the chiice :iv  toz the
887888886877777164876444457687888999987999988888461687161454715877
11111111111111111111111111111111111111111111111111111111111111111
8,8,8,8,8,8,8,8,8,8,8,8,8,8,8,8,8,8,8,8,8,8,8,8,8,8,8,8,8,8,8,8,8,8,8,8,8,8,8,8,8,8,8,8,8,8,8,8,8,8,8,8,8,8,8,8,8,8,8,10,10,8,10,8,8,8,
866,938,1012,1082,1154,1233,1282,1358,1418,1493,1592,1662,1722,1778,1836,1926,1905,1992,2092,2164,2188,2259,2330,2378,2407,2478,2360,2604,2676,2754,2822,2892,2965,3023,3108,3164,3224,3298,3399,3428,3512,3556,3587,3682,3729,3803,3782,3948,4004,4152,4113,4200,4255,4369,4370,4457,4495,4567,0,4789,4831,4719,4897,4974,5021,5092,
5015,5015,5017,5004,4999,5008,5008,5020,5000,5006,5020,5026,5014,5038,5040,5064,5001,5008,5018,5008,5004,5019,5016,4957,5020,5010,5014,5008,5023,5020,5014,5022,5027,5005,5026,5046,5044,5042,5047,5019,5028,5050,5019,5030,5016,5030,5020,5049,5016,5030,5006,5048,5049,5021,5008,5030,5008,5009,0,5018,5028,5023,5010,5040,5023,5023,
937,1011,1081,1160,1229,1281,1354,1420,1488,1589,1663,1722,1774,1838,1914,1940,1989,2096,2164,2215,2235,2331,2404,2426,2474,2516,2418,2690,2753,2820,2894,2960,3025,3103,3156,3216,3288,3394,3427,3476,3544,3604,3644,3738,3802,3872,3840,4003,4071,4194,4170,4256,4308,4434,4400,4500,4565,4784,0,4835,4901,4829,4977,5026,5092,5156,
5094,5104,5095,5102,5089,5097,5099,5097,5090,5098,5098,5104,5106,5106,5110,5100,5091,5106,5106,5098,5098,5098,5106,0,5098,5098,5099,5104,5101,5099,5128,5099,5109,5095,5114,5110,5108,5108,5110,5106,5112,5114,5106,5112,5105,5109,5107,5114,5108,5114,5096,5118,5118,5066,5090,5126,5098,5099,0,5118,5113,5134,5100,5124,5113,5113,
862,5212,5142,5233,96
club'by frienvst t:of terincipa: owner, J.ames GOaffey,'eof   rk,
88785888888871448415444647788862589999994499988646778844478855884
1111111111111111199991111111111111111111111111111111111111111111
8,8,8,8,8,8,8,8,8,8,8,8,8,8,8,8,8,8,8,8,8,8,8,8,8,8,8,8,8,8,8,8,8,8,8,8,8,8,8,8,8,8,8,8,8,8,8,8,8,8,8,8,8,8,8,8,7,8,8,8,8,8,8,8,8,
862,924,966,1044,1112,1152,1232,1244,1360,1418,1476,1520,1576,1624,1728,1919,1672,2079,1828,1852,1921,1975,2030,2156,2350,2412,2467,2534,2596,2630,2709,2264,2824,2890,2955,3057,3134,3198,3250,3271,3352,3356,3431,3499,3610,3670,3707,3782,3782,3884,3952,3971,4106,4171,4243,4292,4163,4342,4408,4318,0,0,5002,5056,5129,
5144,5124,5121,5122,5120,5123,5124,5129,5120,5125,5126,5124,5135,5122,5122,5127,5130,5127,5116,5119,5122,5120,5121,5150,5126,5128,5140,5143,5128,5143,5135,5122,5122,5138,5146,5146,5148,5146,5172,5132,5134,5133,5149,5148,5148,5144,5133,5138,5131,5146,5134,5129,5148,5149,5167,5140,5172,5150,5140,5120,0,0,5147,5139,5179,
922,960,1040,1110,1142,1224,1300,1290,1415,1474,1512,1578,1655,1674,1786,1971,1718,2116,1842,1925,1975,2026,2080,2224,2412,2458,2556,2588,2630,2703,2777,2380,2885,2959,3052,3126,3189,3246,3275,3321,3420,3389,3495,3606,3669,3730,3741,3874,3881,3944,4000,4038,4170,4243,4272,4320,4181,4408,4460,4444,0,0,5055,5133,5156,
5214,5214,5216,5218,5160,5219,5220,5221,5216,5216,5216,5218,5218,5172,5217,5227,5222,5224,5192,5209,5219,5210,5215,5220,5220,5214,5224,5222,5216,5235,5215,5238,5212,5222,5219,5221,5222,5218,5237,5224,5224,5226,5222,5222,5234,5228,5225,5230,5222,5228,5224,5221,5230,5245,5230,5170,5224,5234,5230,5165,0,0,5238,5229,5242,
858,5318,5164,5340,96
who is, a' proinnt -many Iman. Prior to "'B rave' the,: : :
88888848828484644884888654888488888468881674885748542625242
11111111111111111111111111111111111111111111111111999999I91
8,8,8,8,8,8,9,8,8,8,8,8,8,8,8,8,8,8,8,9,8,8,8,8,8,8,8,8,8,8,8,8,8,8,8,8,8,8,8,8,8,8,8,9,8,8,8,8,8,8,8,8,8,8,8,8,8,8,8,
858,968,1046,1165,1174,1218,1285,1271,1332,1394,1417,1452,1540,1604,1779,1832,1952,2030,2087,1412,2419,2532,2600,2682,2743,2770,2814,2925,2995,3076,3064,3256,3348,3411,3456,3528,3598,3640,3688,3753,3829,3833,3884,1840,3990,4048,4118,4195,4229,4372,4446,4492,3416,2788,3663,4149,4216,0,4025,
5264,5238,5264,5264,5242,5266,5292,5240,5254,5240,5241,5266,5262,5254,5241,5239,5255,5248,5243,5252,5252,5252,5256,5266,5245,5236,5258,5257,5257,5316,5245,5248,5262,5246,5260,5259,5247,5256,5262,5248,5246,5254,5248,5256,5272,5246,5263,5261,5250,5249,5259,5260,5258,5322,5224,5224,5224,0,5218,
960,1040,1112,1220,1210,1274,1304,1332,1400,1416,1450,1538,1598,1673,1824,1904,2026,2088,2143,1420,2526,2593,2672,2748,2809,2808,2916,2991,3065,3102,3257,3342,3404,3454,3528,3586,3635,3690,3754,3823,3894,3851,3978,1860,4046,4112,4191,4258,4246,4442,4493,4574,3508,2808,3815,4301,4368,0,4183,
5334,5332,5334,5309,5332,5338,5311,5330,5332,5330,5331,5358,5330,5336,5332,5329,5334,5334,5333,5256,5333,5332,5335,5348,5335,5340,5338,5335,5335,5338,5335,5336,5336,5336,5338,5338,5337,5344,5345,5338,5336,5295,5348,5350,5344,5350,5340,5342,5300,5339,5350,5350,5350,5340,5376,5376,5376,0,5376,
859,5415,4515,5454,89
were kno-w    or:'yer  as "Bean- Eaters."- Te Bostwn
7999888444455546145614575881447488888888447475414142
111111111111111111111111111111111111111111111111111
8,8,8,8,8,8,8,8,8,8,8,8,8,8,8,8,9,8,8,8,8,8,8,8,8,8,8,8,8,8,8,8,8,8,8,8,8,8,8,8,8,8,8,8,8,8,8,8,8,8,8,8,
860,970,1034,1092,1220,1240,1310,1387,1478,1461,1559,0,0,0,1780,1854,1930,1947,1991,2067,2204,2327,0,2416,2484,2535,2639,2700,2802,2866,2933,3018,2532,3109,3200,3276,3322,3388,3447,3508,3540,3612,3606,3753,3926,3994,4078,4217,4280,4329,4356,4427,
5376,5380,5376,5376,5385,5352,5372,5362,5360,5363,5343,0,0,0,5363,5364,5380,5365,5365,5362,5350,5352,0,5366,5367,5352,5355,5352,5365,5363,5367,5416,5385,5357,5380,5358,5368,5368,5369,5390,5356,5410,5356,5360,5373,5357,5358,5367,5367,5367,5386,5367,
960,1024,1088,1150,1302,1310,1384,1458,1500,1558,1610,0,0,0,1850,1908,1938,1964,2066,2130,2255,2411,0,2480,2537,2634,2696,2796,2866,2931,3002,3024,2603,3200,3272,3322,3388,3445,3505,3537,3607,3636,3752,3887,3994,4078,4170,4280,4329,4364,4518,4490,
5444,5446,5440,5446,5430,5450,5446,5445,5368,5443,5443,0,0,0,5443,5440,5468,5414,5453,5443,5440,5442,0,5445,5447,5442,5420,5446,5450,5446,5445,5420,5430,5447,5446,5448,5449,5447,5448,5448,5425,5432,5446,5453,5454,5447,5468,5457,5457,5457,5468,5457,
868,5552,5163,5573,89
Leagtue*clbi kno:w   ass the-.' .  Sox-'t4s:no0th      t:
885844844645844864555872888644661458844454524514155555741
111111111111111111111111111111111111111111111111111111199
8,8,8,8,8,8,8,8,8,8,8,8,9,8,8,8,8,8,8,8,8,8,8,8,8,8,8,8,8,8,8,8,8,8,8,8,8,8,8,8,8,8,8,8,8,8,7,8,8,8,8,8,8,8,8,9,8,
868,960,1020,1104,1222,1176,1251,1444,1348,1410,1525,1646,1630,1823,1897,1973,2076,2040,2074,2141,2208,2275,2344,2342,2279,2470,2524,2594,2688,2771,2790,2657,2840,3011,0,3084,3164,3230,3357,3393,3622,3695,3772,3627,3889,3966,3324,4038,4144,4229,4296,4363,4430,4497,4564,5114,4250,
5466,5482,5492,5470,5478,5476,5484,5469,5478,5464,5467,5480,5473,5467,5464,5484,5467,5489,5489,5489,5489,5486,5492,5467,5474,5470,5470,5489,5500,5491,5481,5471,5584,5472,0,5474,5495,5483,5575,5486,5484,5470,5498,5474,5486,5486,5608,5475,5474,5474,5474,5474,5474,5474,5477,5501,5462,
960,1022,1086,1178,1267,1253,1320,1509,1412,1458,1603,1662,1670,1897,1973,2051,2131,2132,2141,2208,2275,2342,2408,2399,2329,2524,2592,2676,2723,2818,2816,2718,2850,3077,0,3160,3226,3294,3372,3408,3682,3771,3836,3743,3969,4038,3398,4084,4233,4771,4838,4905,4972,5039,5106,5170,4278,
5560,5564,5560,5573,5568,5562,5568,5539,5560,5560,5569,5564,5561,5562,5575,5562,5570,5563,5563,5563,5563,5562,5572,5557,5562,5562,5560,5566,5549,5579,5545,5561,5600,5562,0,5572,5566,5567,5587,5533,5576,5569,5576,5591,5571,5571,5608,5572,5564,5564,5564,5564,5564,5564,5567,5590,5588,
863,5669,4778,5680,88
the Seaso   n r   o that kame,'t is-. w: odInw     .
9994148875557545551455455455211488711541142412555151
111111111111111111111111111111111111111111111111111
8,8,8,8,8,8,8,8,8,8,8,8,8,8,7,7,7,7,5,7,8,8,8,8,8,8,8,8,8,8,8,8,8,8,8,7,7,8,10,11,11,8,8,8,8,8,8,8,8,8,8,8,
864,920,1000,1052,1095,1167,1236,1310,1362,1446,1513,1580,1647,1509,1698,1880,1947,2014,2081,1745,1812,1857,1940,2015,2234,2301,2441,2503,2611,2673,2855,2943,2992,3062,3105,3160,3223,3161,3223,3222,3344,3326,3544,3696,3722,3860,3928,3995,4062,4129,0,4148,
5582,5580,5608,5575,5574,5574,5582,5574,5587,5587,5587,5587,5591,5576,5576,5576,5576,5576,5576,5577,5576,5576,5576,5576,5576,5576,5576,5576,5576,5576,5580,5580,5580,5596,5596,5580,5580,5581,5580,5580,5578,5595,5580,5582,5582,5582,5582,5582,5582,5584,0,5656,
918,996,1054,1113,1195,1234,1306,1362,1431,1519,1586,1653,1720,1579,1743,2008,2075,2142,2209,1806,1857,1940,2015,2060,2304,2371,2503,2611,2673,2708,2885,2990,3058,3102,3163,3223,3291,3217,3328,3344,3400,3396,3616,3722,3761,3957,3989,4056,4123,4190,0,4158,
5668,5668,5672,5665,5674,5664,5670,5672,5671,5671,5671,5671,5668,5666,5666,5666,5666,5666,5704,5667,5666,5666,5666,5666,5666,5666,5666,5666,5666,5666,5670,5670,5670,5673,5673,5702,5702,5671,5670,5702,5702,5674,5670,5672,5672,5672,5672,5672,5672,5674,0,5666,
485,5773,3556,5777,89
of the playetrs. ' -           I ................. ......
889998888887444141445555555555541111111111111111111111111
111111111111111111111111111111A111111111111111111111111
8,8,8,8,8,8,8,8,8,8,8,8,7,7,8,8,7,8,7,5,5,5,5,5,5,5,5,5,5,5,5,7,5,5,5,5,5,5,5,5,5,5,5,5,5,5,5,5,5,5,8,5,5,5,5,5,5,
862,932,992,1046,1100,1172,1223,1300,1376,1418,1490,1566,1631,1630,1679,1731,0,1880,0,1957,1855,1922,1989,2056,2123,2190,2257,2324,2391,2458,2525,2592,1965,2239,2408,2552,2663,2753,2863,2946,3019,3094,3162,3232,3308,3366,3441,3508,3570,3644,3711,3809,3901,3996,4067,4148,4223,
5706,5690,5715,5694,5692,5699,5715,5699,5687,5700,5700,5697,5683,5712,5701,5683,0,5720,0,5689,5689,5689,5689,5689,5689,5689,5689,5689,5689,5689,5689,5708,5708,5708,5704,5704,5704,5704,5704,5702,5702,5702,5702,5702,5698,5692,5692,5692,5692,5692,5692,5692,5692,5692,5692,5692,5692,
928,984,1031,1096,1176,1237,1264,1373,1416,1486,1560,1627,1673,1682,1736,1769,0,1894,0,1975,1865,1932,1999,2066,2133,2200,2267,2334,2401,2468,2535,2602,2029,2325,2498,2642,2753,2863,2946,3019,3094,3162,3232,3308,3366,3441,3508,3570,3644,3711,3809,3901,3996,4067,4148,4223,4300,
5780,5778,5777,5780,5782,5781,5777,5787,5776,5778,5790,5779,5773,5782,5780,5773,0,5754,0,5779,5779,5779,5779,5779,5779,5779,5779,5779,5779,5779,5779,5728,5772,5794,5794,5794,5794,5794,5794,5794,5794,5794,5794,5794,5794,5794,5794,5794,5794,5794,5794,5794,5794,5794,5794,5794,5794,
978,5901,5147,5905,124
-T--he New-:: ^i: -..athi'nal :Leage cbst;            'ia'-. .
76116884175558142624288141476444455444446455555555555557724252
1111111111111111111111111111999999911111111111111119111111qq
9,9,9,9,8,8,8,8,8,8,8,8,8,8,8,9,8,8,8,8,8,8,8,8,8,8,8,8,8,8,8,8,8,8,8,8,8,8,8,8,8,8,8,8,8,8,8,8,8,8,8,8,8,8,8,8,8,8,8,8,8,8,
978,1004,1071,1104,1102,1178,1230,1310,1408,1466,1566,1594,1608,1560,1782,1741,1956,1938,2071,1978,2152,2075,2192,2234,2277,2304,2354,2430,2504,2542,3791,2627,2775,2775,2844,2989,3047,3134,3320,4068,4049,4063,3764,3831,3898,3965,4032,4099,4166,4233,4300,4367,4434,4501,4586,3401,4793,5115,3570,3902,4089,4156,
5822,5800,5778,5779,5800,5814,5802,5804,5826,5830,5852,5848,5840,5803,5788,5793,5798,5804,5789,5890,5789,5798,5804,5803,5801,5800,5815,5824,5804,5806,5801,5802,5815,5802,5814,5820,5808,5821,5810,5821,5808,5806,5806,5806,5806,5806,5806,5806,5806,5806,5806,5806,5806,5812,5823,5803,5818,5823,5862,5812,5812,5768,
999,1091,1103,1136,1180,1234,1305,1405,1468,1566,1572,1600,1618,1640,1908,1800,1964,2013,2195,1984,2276,2192,2246,2308,2326,2308,2436,2504,2550,2622,3859,2716,2848,2844,2911,3049,3127,3194,3387,4124,4084,4115,3844,3911,3978,4045,4112,4179,4246,4313,4380,4447,4514,4581,4614,3475,4868,5143,3578,4026,4257,4324,
5887,5902,5903,5903,5903,5901,5892,5898,5904,5898,5858,5906,5912,5893,5914,5901,5908,5894,5914,5894,5914,5905,5911,5893,5895,5808,5897,5900,5900,5896,5926,5907,5911,5902,5910,5909,5898,5907,5902,5905,5906,5913,5913,5913,5913,5913,5913,5913,5913,5913,5913,5913,5913,5902,5913,5920,5913,5913,5868,5937,5937,5937,
230,6013,5160,6032,97
v^~ Thi'nams'ne" ':is0w oB      f- tl.~st'nB   asBa-I and .wo      a^-*i.t,
211584445654448544464448445555556447641474441557168545824441455557581414144
1111111111111111111111111111111111111111111911111111111111111111111111111
6,8,12,7,8,8,8,8,8,8,8,8,8,8,8,8,8,8,8,8,8,8,8,8,8,8,8,8,8,8,8,8,8,8,8,8,8,8,8,8,8,8,8,8,8,8,8,8,8,8,8,8,8,8,8,8,8,8,8,8,8,8,8,8,8,8,8,8,8,8,8,8,8,8,8,
230,295,796,0,868,964,1010,1148,1184,1250,1319,1115,1297,1304,1443,1516,1512,1558,1614,1570,1619,1804,1864,1965,2159,2060,1954,2021,2088,2155,2222,2289,2356,2406,0,2466,2557,2602,2586,2890,2780,2888,3010,3093,3139,0,0,3404,3466,3509,3692,3656,3775,3886,3948,4013,4016,4160,4273,4217,4326,4303,4370,4437,4504,4571,0,4617,4702,4747,4624,4858,4880,4938,5129,
5907,5910,5907,0,5915,5915,5924,5907,5925,5920,5907,5928,5928,5927,5925,5948,5911,5918,5920,5922,5924,5931,5934,5913,5918,5935,5935,5935,5935,5935,5935,5935,5924,5951,0,5930,5922,5959,5916,5941,5920,5914,5922,5927,5909,0,0,5930,5938,5922,5940,5956,5919,5918,5939,5918,5930,5919,5943,5918,5918,5918,5918,5918,5918,5920,0,5941,5932,5950,5946,5940,5982,5930,5960,
239,263,944,0,960,1027,1041,1174,1273,1319,1438,1183,1308,1406,1512,1540,1554,1570,1636,1620,1672,1866,1967,2285,2244,2132,2020,2087,2154,2221,2288,2355,2422,2444,0,2512,2646,2658,2666,3006,2818,2910,3101,3201,3263,0,0,3470,3532,3650,3774,3718,3835,3942,4013,4086,4134,4211,4354,4326,4401,4364,4431,4498,4565,4632,0,4696,4786,4755,4722,4901,4888,4977,5156,
6006,6056,6056,0,6006,6021,6001,5997,6010,6008,5997,6012,5933,6019,6014,5956,6001,5966,5997,6014,6008,6022,6020,6003,6009,6019,6019,6019,6019,6019,6019,6019,6014,6012,0,6016,6027,6020,6012,6023,6020,5968,6007,6008,6033,0,0,6018,6022,6024,6024,6011,6010,6008,6022,6008,6024,6009,6041,6008,6008,6008,6008,6008,6008,6010,0,6022,6034,5958,6044,6022,5990,6027,6029,
861,6104,5160,6130,64
perps, o Ttlu teai -a; s coprate mttle. The n        e wast
66266256614115221151211565141556512226581228255555555252414
11111111111111111111111111111111111111111111111111111111111
5,5,5,5,5,5,5,5,5,6,5,5,5,5,5,5,5,5,5,5,5,5,5,5,5,5,5,5,5,5,5,5,5,5,5,5,5,5,5,5,5,5,5,5,5,5,5,5,5,5,5,5,5,5,5,5,5,5,6,
861,955,1004,1188,1282,1333,1375,1504,1582,868,1685,1693,1728,1851,1936,1977,2044,2186,2229,2459,2336,2513,2437,2620,2663,2739,2798,2892,3094,3141,3201,3237,3333,3465,3420,3500,3540,3586,3674,3683,3838,3926,3998,4065,4145,3858,3925,3992,4059,4126,4193,4260,4327,4394,4461,4574,4519,4718,4581,
6045,6045,6026,6046,6047,6026,6029,6049,6029,6017,6050,6029,6029,6030,6030,6030,6030,6030,6031,6077,6031,6077,6032,6056,6033,6055,6031,6056,6082,6057,6057,6058,6035,6085,6034,6034,6034,6061,6061,6036,6035,6035,6035,6037,6036,6036,6036,6036,6036,6036,6036,6036,6036,6036,6038,6037,6065,6037,6066,
955,1039,1055,1281,1353,1371,1459,1584,1652,958,1727,1728,1792,1931,1977,2044,2111,2227,2271,2512,2390,2556,2512,2680,2733,2799,2864,2958,3138,3200,3237,3297,3389,3527,3460,3540,3580,3673,3722,3834,3926,3998,4063,4140,4217,3923,3990,4057,4124,4191,4258,4325,4392,4459,4508,4663,4714,4765,4711,
6120,6121,6116,6122,6122,6116,6119,6125,6119,6112,6125,6119,6119,6120,6120,6120,6120,6120,6121,6137,6121,6138,6122,6131,6123,6131,6121,6131,6143,6132,6133,6133,6125,6147,6124,6124,6124,6136,6136,6126,6125,6125,6125,6127,6126,6126,6126,6126,6126,6126,6126,6126,6126,6126,6128,6127,6142,6127,6144,
862,6128,3592,6134,104
peN  Y      tii or,-i^; >;hiii-. v-ato ms^:'             xi
55155115555521115111114511111111111114511111551555555555511
111111111111111111111111111111111111111
8,8,6,7,6,6,8,6,6,6,6,6,8,8,8,8,7,6,8,8,8,8,8,8,8,8,8,8,8,8,8,8,8,10,10,6,6,7,7,6,6,8,8,8,8,8,10,8,8,8,8,8,8,8,8,8,8,10,10,
862,944,898,966,0,1227,1238,0,0,0,0,0,1656,1716,1754,1770,1417,1395,1616,1604,3550,1792,2015,2193,2260,2368,2461,1938,2623,2691,2759,2842,2903,2929,3020,3091,3186,3122,3328,3395,3515,3198,3348,3368,3805,3872,3939,0,0,0,0,0,0,0,0,0,0,4686,4883,
6052,6046,6024,6048,0,6026,6048,0,0,0,0,0,6028,6024,6056,6048,6040,6028,6112,6030,6034,6044,6052,6052,6035,6036,6037,6034,6038,6039,6040,6040,6040,6041,6042,6042,6043,6048,6048,6045,6046,6030,6046,6034,6034,6034,6034,0,0,0,0,0,0,0,0,0,0,6055,6057,
934,1007,972,992,0,1301,1276,0,0,0,0,0,1714,1754,1790,1802,1490,1444,1620,1678,3592,1852,2054,2267,2334,2435,2535,1996,2690,2758,2841,2903,2914,3003,3090,3185,3243,3210,3402,3469,3596,3344,3358,3376,3901,3968,4035,0,0,0,0,0,0,0,0,0,0,4762,4957,
6142,6122,6099,6132,0,6101,6132,0,0,0,0,0,6132,6122,6134,6132,6113,6102,6128,6105,6132,6136,6118,6118,6110,6111,6112,6136,6113,6113,6114,6115,6116,6116,6116,6117,6118,6125,6125,6120,6121,6142,6092,6046,6046,6046,6131,0,0,0,0,0,0,0,0,0,0,6131,6132,
878,6230,5176,6245,93
rbecanse - of tte u-m ro. b7D--  re e-iQ  twe nttut'      th te&t tt
15742168824888847426151148111421514111414514452224414555554247647411
11111111111111999911119999;;;;;991111111111111111111111111111111
10,8,8,8,8,8,8,8,8,8,5,8,8,8,8,10,8,10,8,8,8,8,8,8,10,10,8,8,8,10,11,11,11,8,8,8,8,8,5,8,5,8,8,8,8,8,8,8,8,8,8,7,8,7,7,7,7,7,8,8,8,8,8,8,8,9,8,8,
960,941,945,1006,1073,1137,1208,1268,1309,1412,0,1432,1496,1535,1638,1678,1768,1837,2008,1872,2080,2269,2336,2493,2051,2251,2200,2274,3892,2360,2299,2526,0,2823,2827,3035,2960,3085,3030,3140,3361,0,3938,3434,3693,3887,3954,4089,4167,4243,4333,4518,4499,0,0,0,0,0,4740,4655,4791,4881,4923,4978,5060,2304,5083,3938,
6132,6143,6139,6156,6139,6139,6139,6170,6157,6174,0,6156,6142,6158,6145,6141,6144,6143,6142,6190,6142,6142,6142,6145,6184,6159,6152,6130,6178,6181,6144,6144,0,6145,6141,6147,6178,6188,6148,6170,6148,0,6168,6150,6151,6151,6148,6148,6148,6154,6155,6162,6151,0,0,0,0,0,6162,6151,6152,6164,6167,6152,6154,6172,6164,6168,
1010,944,1009,1066,1137,1208,1263,1332,1368,1422,0,1500,1557,1592,1694,1774,1842,1931,2080,1882,2192,2317,2384,2563,2066,2312,2270,2284,3940,2378,2319,2616,0,2872,2901,3125,3016,3091,3073,3174,3455,0,4014,3558,3774,3958,4025,4128,4206,4332,4382,4555,4546,0,0,0,0,0,4767,4722,4875,4934,4978,5060,5111,2336,5114,4014,
6210,6234,6229,6237,6229,6229,6229,6240,6240,6242,0,6237,6236,6241,6238,6230,6244,6233,6232,6200,6232,6232,6232,6235,6224,6242,6242,6148,6248,6224,6221,6235,0,6235,6240,6237,6246,6194,6232,6242,6238,0,6250,6234,6235,6235,6238,6238,6238,6238,6238,6240,6241,0,0,0,0,0,6246,6241,6242,6248,6250,6251,6250,6248,6254,6250,
850,6352,4934,6364,93
i snthe teVs,  v   tb  elib   ad i eat Zi ' oigien^ail  e .  GE
484422214414415155511751461555444454427415142428424244754477512
111111111111111111111111111111111111111991111111111111111111111
8,8,8,8,8,8,8,8,8,8,10,8,8,8,8,8,8,8,8,8,8,8,8,8,8,8,8,8,8,8,8,8,8,8,8,8,8,8,9,9,8,8,8,8,8,8,8,8,8,8,8,8,8,8,8,8,8,8,8,8,8,8,8,
873,991,874,914,1085,1127,1204,1274,1082,1214,2940,1550,1599,1623,0,1816,1932,1999,2066,2133,2174,2317,0,2402,2466,2529,2583,2656,2723,2790,2857,3063,3139,2572,2941,3008,3149,3304,3158,4004,3339,3563,3630,3653,3719,3846,3888,3964,3570,4006,3638,4082,3844,4058,4196,0,4364,4540,4384,4540,0,4635,4719,
6254,6254,6262,6292,6254,6254,6254,6255,6252,6290,6290,6271,6297,6256,0,6255,6255,6255,6255,6257,6257,6258,0,6258,6258,6255,6258,6258,6258,6258,6258,6258,6261,6286,6286,6288,6264,6260,6271,6294,6268,6268,6261,6262,6261,6261,6261,6261,6294,6261,6276,6261,6268,6264,6264,0,6263,6265,6323,6265,0,6276,6276,
898,1080,914,984,1127,1204,1273,1358,1140,1276,3004,1597,1624,1712,0,1924,1973,2040,2107,2174,2249,2397,0,2466,2505,2578,2654,2720,2787,2854,2921,3134,3223,2588,3003,3070,3225,3350,3220,4042,3437,3585,3652,3714,3795,3888,3964,4006,3630,4082,3688,4151,3886,4097,4257,0,4408,4629,4401,4629,0,4719,4821,
6344,6344,6354,6368,6344,6344,6344,6345,6358,6364,6366,6352,6361,6346,0,6345,6345,6345,6345,6347,6347,6348,0,6348,6348,6357,6348,6348,6348,6348,6348,6348,6351,6362,6362,6364,6358,6350,6356,6360,6366,6366,6351,6352,6351,6351,6351,6360,6368,6351,6370,6351,6366,6357,6354,0,6353,6355,6340,6355,0,6366,6366,
880,6466,5184,6475,96
-F.dh 'Av.en ue: and. One: hu e >iendr edt nd.eat.: eet' a "e .'e . '
244248676488475467761857528465482428864554444251644644445244554525454
999991111111111111111111111111111111111999911111111111119119919999999
14,8,11,14,8,8,8,8,8,7,8,8,8,8,8,8,8,8,8,8,14,8,8,8,8,8,8,8,8,8,8,8,2,8,2,8,8,8,5,8,8,11,11,8,8,8,8,8,8,8,11,8,8,8,8,8,8,9,9,8,8,8,6,8,8,8,6,6,8,
880,880,1004,1066,1127,1193,1268,1282,1364,1060,1442,1501,1662,1578,1645,1720,1755,1786,1854,1942,2093,1950,2079,2174,2250,2103,2163,2388,2467,2719,2786,2154,3122,2336,3179,2570,2648,2718,2746,2773,2839,3922,2916,3064,3143,3246,3378,3462,3522,3635,4352,3676,3876,3941,4003,4183,4581,4648,4096,4455,4608,4836,4903,4856,4510,4906,4973,5145,5212,
6370,6376,6371,6372,6366,6368,6370,6378,6400,6379,6400,6403,6320,6384,6387,6392,6370,6386,6372,6369,6388,6390,6375,6376,6386,6362,6356,6371,6400,6400,6406,6338,6397,6378,6397,6385,6380,6388,6390,6368,6368,6394,6373,6390,6373,6386,6392,6406,6388,6371,6407,6375,6391,6391,6381,6395,6395,6409,6377,6376,6408,6408,6412,6391,6380,6380,6412,6412,6388,
73,968,155,290,1190,1268,1288,1368,1440,1115,1500,1570,1678,1645,1708,1746,1788,1862,1930,2012,2132,1978,2174,2245,2310,2213,2206,2481,2547,2777,2844,2220,3178,2389,3224,2656,2726,2770,2776,2839,2916,3993,2982,3143,3217,3336,3436,3520,3572,3674,4394,3723,3941,4002,4050,4191,4592,4659,4242,4509,4665,4905,4972,4874,4610,4975,5042,5151,5218,
6431,6478,6432,6433,6456,6458,6396,6466,6466,6441,6468,6470,6320,6463,6464,6447,6460,6468,6468,6470,6449,6435,6465,6468,6466,6472,6401,6468,6470,6470,6472,6338,6458,6471,6458,6470,6475,6464,6470,6465,6469,6467,6463,6471,6470,6476,6478,6476,6474,6461,6468,6465,6471,6470,6468,6401,6401,6471,6467,6466,6476,6476,6473,6446,6481,6481,6474,6474,6392,
883,7032,5176,7044,93
president of -he .lu.b.  :inaeea,"r si-ptly h._ayersfe to' Br usedb.
88884888848744464287277852424662242488242574722627224485248425244464
1111111111111111111111111111111111911111119111111111119999111999999
8,8,8,8,8,8,8,8,8,8,8,8,8,8,8,8,8,8,8,8,8,8,8,8,8,8,8,8,8,8,8,8,8,8,8,8,8,8,8,8,8,8,8,8,8,8,8,8,8,8,8,8,8,8,8,8,8,8,8,8,8,8,8,8,8,8,8,8,
884,958,1020,1077,1140,1173,1249,1312,1379,0,1492,1578,0,1614,1615,1809,1884,1909,1900,2058,1959,2100,2074,2238,0,2370,2464,2198,2520,2682,2804,2875,2946,2976,2946,3040,3092,3147,3059,3295,3112,3371,3410,3484,3556,3413,3708,3625,3554,3828,3696,3746,3936,3914,4116,4120,4229,4273,4333,4344,4403,4967,5034,4666,4716,4771,4910,5011,
6946,6946,6944,6949,6944,6936,6950,6948,6946,0,6946,6940,0,6931,6940,6948,6937,7030,6943,6950,6936,6942,6944,6938,0,6930,6950,6954,6949,6956,6959,6959,6936,6936,6960,6940,6961,6944,6961,6948,6961,6942,6942,6941,6943,6940,6940,6964,6965,6962,6966,6967,6955,6951,6943,6956,6943,6942,6944,6958,6972,6972,6978,6950,6942,6942,6957,6995,
957,1010,1078,1130,1176,1249,1304,1386,1419,0,1565,1634,0,1663,1690,1875,1950,1913,1943,2129,2069,2200,2109,2384,0,2502,2483,2275,2579,2744,2875,2946,2966,3033,2999,3087,3147,3186,3112,3370,3155,3410,3490,3550,3626,3525,3806,3688,3629,3891,3746,3803,3983,3975,4182,4162,4305,4292,4375,4421,4452,5038,5105,4718,4772,4836,4990,5033,
7036,7025,7021,7027,7030,7027,7028,7029,7021,0,7021,7040,0,7021,7017,7021,7027,7034,7029,7026,7046,7026,7022,7028,0,7044,7034,7019,7030,7026,7026,7025,7036,7026,7026,7030,7029,7030,7026,7044,7027,7031,7052,7031,7032,7052,7058,7030,7031,7031,7032,7032,7032,7031,7033,7034,7033,7007,7034,7035,7038,7038,7043,7039,7041,7040,7047,7043,
873,7134,5173,7149,98
newspaper hed:ine'w:riter'a^t: o.e .tlme- ~beciae'-h' e-- : . : :ne:get'
888999988522228685428545715151522815215615156641652216622525252514111661
1111111111999999999999999999991111111111111111111111199999999999999999
8,8,8,8,8,8,8,8,8,8,8,8,8,8,8,8,8,8,8,8,8,8,8,8,8,8,8,8,8,8,8,8,8,8,8,8,8,8,8,8,8,8,8,8,8,8,8,8,8,8,8,8,8,8,8,8,8,8,8,8,8,8,8,8,8,8,8,8,8,8,8,8,
874,953,1019,1124,1176,1256,1318,1399,1462,1520,1609,1683,1815,1976,1934,1969,2044,2121,2202,2292,2307,2364,2405,2450,2528,2657,2676,2588,2752,2816,2799,2888,2984,3032,3087,3167,3201,3238,3278,3386,3458,3445,3510,3557,3645,3688,3780,3869,3931,3989,3549,4079,4070,4215,4232,3241,3552,3783,3850,4064,4131,4318,4385,4573,4640,4714,3032,4918,4993,5066,5130,5214,
7062,7066,7059,7064,7070,7066,7064,7066,7076,7058,7057,7057,7057,7050,7057,7057,7078,7053,7067,7054,7074,7054,7057,7052,7059,7061,7054,7050,7059,7046,7062,7062,7054,7076,7063,7062,7062,7062,7056,7071,7088,7064,7088,7057,7062,7069,7053,7062,7052,7053,7076,7062,7042,7066,7073,7048,7048,7048,7048,7048,7048,7048,7048,7048,7068,7054,7076,7050,7081,7076,7068,7070,
949,1019,1120,1179,1252,1321,1392,1461,1522,1604,1683,1749,1889,2022,1976,2043,2118,2145,2306,2355,2370,2409,2428,2511,2586,2684,2749,2632,2801,2830,2883,2945,3082,3092,3162,3201,3238,3275,3382,3447,3468,3506,3540,3624,3705,3745,3820,3929,3990,4005,3621,4146,4074,4299,4289,3345,3656,3887,3954,4168,4235,4422,4489,4599,4666,4797,3092,4946,5066,5129,5175,5218,
7144,7146,7145,7148,7162,7145,7166,7146,7152,7148,7147,7147,7147,7152,7147,7147,7150,7075,7155,7160,7148,7148,7136,7153,7150,7151,7152,7148,7154,7072,7152,7152,7152,7148,7153,7152,7152,7152,7149,7151,7098,7154,7138,7149,7152,7148,7151,7152,7152,7102,7148,7152,7048,7156,7154,7152,7152,7152,7152,7152,7152,7152,7152,7152,7142,7152,7148,7126,7171,7158,7159,7076,
872,7366,4389,7372,89
na me h   f f   cth ung'hney:  u:ate the wys " a trifle i l-
574488255527255542244454242218512414142272225242422222242422
33111111111111111111111111111111111111111111191111111191911
8,8,7,8,8,8,8,8,8,8,8,8,8,8,8,8,8,8,8,8,8,8,8,8,8,8,8,8,8,8,8,8,8,8,8,8,8,8,8,8,8,8,8,8,8,8,8,8,8,8,8,8,8,8,8,8,8,8,8,8,
872,945,910,1015,1190,1300,1273,1370,1437,1504,1571,1521,1686,1727,1794,1861,1928,1880,1591,0,1638,1711,1778,1871,2036,1985,2111,2179,2050,2521,0,2404,3664,2462,2672,2870,3048,2970,2909,2979,2797,2866,3043,3193,3520,3587,0,3733,0,3872,3909,3954,3991,4036,4073,0,4235,0,4423,3547,
7287,7277,7289,7278,7290,7284,7279,7279,7279,7279,7282,7285,7283,7283,7283,7283,7288,7285,7279,0,7290,7293,7290,7287,7286,7294,7287,7288,7281,7287,0,7289,7276,7286,7292,7291,7276,7291,7294,7294,7284,7290,7290,7290,7290,7299,0,7301,0,7302,7302,7303,7303,7303,7304,0,7305,0,7307,7290,
952,1011,936,1134,1251,1350,1344,1417,1484,1551,1618,1558,1738,1787,1854,1921,1988,1923,1654,0,1707,1778,1847,1889,2111,2060,2179,2254,2087,2549,0,2482,3682,2530,2714,2935,3142,3022,2967,3052,2834,2975,3118,3251,3583,3650,0,3799,0,3909,3954,3991,4036,4073,4134,0,4277,0,4463,3597,
7371,7367,7327,7353,7370,7348,7369,7369,7369,7369,7342,7349,7343,7343,7343,7343,7336,7344,7369,0,7372,7370,7381,7342,7346,7374,7347,7347,7371,7347,0,7349,7354,7361,7351,7370,7370,7370,7353,7354,7374,7380,7380,7380,7380,7359,0,7360,0,7361,7362,7362,7362,7363,7363,0,7364,0,7366,7380,
992,7479,5170,7490,98
The Brooklyn Base.' Ball fub has' been known' in recent yer's as
7884884888888788826775777157557575888848888247757717588747424571
111111111111111111111111111111111111111111111111111111111111111
8,8,8,8,8,8,8,8,8,8,8,8,8,8,8,8,8,8,8,8,8,8,8,8,8,8,8,8,8,8,8,8,8,8,8,8,8,8,8,8,8,8,8,8,8,8,8,8,8,8,8,8,8,8,8,8,8,8,8,8,8,8,8,8,
1013,1108,1185,1244,1332,1430,1483,1552,1610,1688,1733,1806,1876,1946,2045,2124,2175,5178,2250,2268,2303,2405,2473,2512,2551,2693,2740,2814,2877,2948,3022,3097,3161,3184,3217,3292,3350,3412,3476,3561,3630,3714,3778,3878,3972,3953,4025,4061,4132,4206,4276,4340,4396,4452,4534,4581,4652,4723,4871,4860,4920,0,5046,5120,
7390,7393,7405,7393,7390,7405,7408,7406,7391,7398,7405,7416,7395,7394,7405,7410,7405,7390,7394,7396,7394,7403,7398,7388,7397,7396,7401,7388,7398,7392,7397,7410,7391,7399,7396,7402,7406,7404,7400,7390,7400,7404,7412,7399,7398,7401,7398,7412,7401,7406,7416,7412,7405,7400,7388,7403,7395,7407,7407,7404,7416,0,7402,7388,
1110,1182,1247,1272,1425,1481,1549,1618,1682,1728,1801,1884,1942,2038,2114,2176,2240,5190,2276,2296,2397,2471,2509,2555,2626,2738,2808,2882,2943,3024,3092,3155,3187,3212,3292,3350,3412,3486,3556,3630,3703,3774,3874,3949,3988,4019,4062,4136,4165,4261,4334,4394,4457,4526,4588,4647,4723,4785,4920,4950,4984,0,5114,5170,
7488,7485,7485,7483,7485,7484,7486,7485,7486,7486,7494,7488,7485,7486,7486,7486,7486,7490,7426,7486,7486,7486,7487,7487,7487,7486,7484,7486,7488,7485,7486,7487,7455,7489,7486,7484,7488,7484,7490,7482,7482,7486,7486,7489,7420,7491,7488,7490,7491,7488,7486,7482,7486,7482,7492,7493,7496,7489,7489,7494,7490,0,7484,7480,
876,7588,5170,7609,91
the "Superbas."  This is about as good as any title which was ever
999999999999999959999588599999999999999999999599959999999999999999
111111111111111111111111111111111111111111111111111111111111111111
8,8,8,8,8,8,8,8,8,8,8,8,8,8,8,8,8,8,8,8,8,8,8,8,8,8,8,8,8,8,8,8,8,8,8,8,8,8,8,8,8,8,8,8,8,8,8,8,8,8,8,8,8,8,8,8,8,8,8,8,8,8,8,8,8,8,
876,925,1004,1068,1134,1208,1280,1356,1432,1497,1550,1625,1696,1756,1791,1852,0,2010,2101,2178,2221,2272,2343,2382,2437,2506,2575,2646,2716,2790,2834,2908,2974,3023,3092,3162,3229,3300,3362,3432,3500,3551,3620,3678,3760,3825,3894,3948,3987,4035,4080,4141,4210,4313,4389,4432,4494,4561,4631,4736,4805,4854,4924,4985,5058,5118,
7510,7508,7522,7510,7508,7508,7522,7522,7523,7522,7510,7520,7521,7544,7509,7512,0,7510,7509,7510,7524,7514,7513,7536,7514,7522,7511,7523,7522,7516,7515,7524,7526,7516,7534,7523,7525,7510,7517,7524,7526,7517,7524,7520,7524,7518,7512,7506,7513,7513,7525,7519,7524,7513,7512,7522,7514,7520,7525,7525,7526,7521,7529,7529,7531,7532,
928,1000,1069,1129,1194,1272,1353,1425,1492,1551,1620,1691,1750,1784,1851,2007,0,2104,2174,2216,2273,2338,2380,2438,2503,2572,2642,2714,2786,2838,2904,2967,3024,3089,3158,3225,3292,3366,3428,3495,3552,3617,3682,3752,3827,3891,3942,3986,4034,4079,4143,4207,4311,4386,4427,4491,4564,4627,4732,4800,4857,4920,4984,5055,5114,5167,
7602,7600,7601,7600,7574,7600,7600,7609,7600,7598,7600,7599,7598,7599,7575,7602,0,7600,7598,7599,7601,7604,7601,7604,7604,7601,7600,7601,7600,7603,7605,7602,7603,7606,7614,7601,7603,7605,7607,7602,7604,7607,7603,7590,7611,7608,7600,7596,7602,7601,7603,7609,7604,7601,7602,7603,7603,7610,7605,7604,7606,7611,7610,7608,7610,7613,
874,7689,5172,7709,88
given to the club. In other years the players of the Brooklyn club
888888888888888888888848888888888888888888888888888888888888888888
111111111111111111111111111111111111111111111111111111111111111111
8,8,8,8,8,8,8,8,8,8,8,8,8,8,8,8,8,8,8,8,8,8,8,8,8,8,8,8,8,8,8,8,8,8,8,8,8,8,8,8,8,8,8,8,8,8,8,8,8,8,8,8,8,8,8,8,8,8,8,8,8,8,8,8,8,8,
874,950,990,1064,1126,1200,1270,1324,1389,1450,1501,1580,1639,1717,1775,1817,1887,1958,1984,2146,2202,2271,2346,2422,2466,2542,2609,2663,2727,2802,2867,2937,2992,3046,3116,3162,3241,3300,3371,3444,3488,3555,3627,3692,3747,3801,3874,3940,3985,4054,4102,4186,4235,4306,4405,4459,4528,4596,4669,4709,4779,4849,4930,4990,5029,5098,
7626,7616,7648,7629,7626,7610,7628,7648,7610,7628,7617,7628,7611,7628,7617,7629,7617,7650,7612,7624,7627,7613,7629,7622,7616,7629,7627,7614,7630,7630,7628,7628,7630,7615,7624,7618,7631,7616,7630,7615,7627,7629,7631,7629,7629,7617,7630,7620,7618,7620,7618,7642,7618,7619,7630,7629,7631,7619,7619,7631,7631,7620,7639,7626,7635,7618,
947,987,1062,1124,1199,1270,1316,1392,1450,1500,1573,1640,1714,1773,1812,1884,1953,1983,2149,2194,2272,2341,2418,2464,2542,2605,2664,2724,2798,2864,2932,2988,3047,3112,3168,3235,3303,3366,3440,3480,3552,3626,3690,3746,3801,3871,3937,3988,4051,4099,4173,4242,4301,4397,4455,4523,4595,4665,4706,4778,4852,4924,4989,5029,5098,5167,
7718,7703,7712,7706,7704,7700,7712,7714,7700,7714,7705,7706,7701,7705,7704,7705,7705,7704,7702,7708,7704,7703,7705,7704,7704,7705,7704,7704,7716,7707,7705,7704,7707,7705,7712,7705,7708,7706,7716,7705,7705,7715,7708,7705,7706,7707,7708,7708,7708,7707,7706,7708,7708,7708,7707,7706,7708,7707,7707,7717,7708,7710,7717,7714,7723,7723,
874,7814,4882,7831,91
were known.as. the "Bridegrooms" and' the "Trolley Dodgers."
999999999998629999999995999999999995159999599999999999999995
11111111111111111111111111111111111111111111111111111111111
8,8,8,8,8,8,8,8,8,8,8,8,8,8,8,8,8,8,8,8,8,8,8,8,8,8,8,8,8,8,8,8,8,8,8,8,8,8,8,8,8,8,8,8,8,8,8,8,8,8,8,8,8,8,8,8,8,8,8,8,
875,980,1044,1097,1157,1235,1306,1383,1449,1556,1650,1707,1772,1791,1827,1904,1956,2032,2091,2174,2236,2336,2388,2431,2506,2569,2641,2697,2765,2835,2948,3005,3064,3152,3222,3287,3385,3399,3446,3494,3571,3630,3716,3779,3872,3925,3994,4037,4079,4143,4211,4296,4397,4465,4538,4609,4672,4725,4783,4812,
7747,7748,7748,7748,7737,7735,7748,7748,7748,7748,7804,7747,7738,7739,7739,7738,7737,7747,7740,7736,7735,7745,7734,7735,7747,7746,7745,7745,7744,7746,7746,7734,7742,7747,7752,7737,7736,7743,7734,7736,7749,7744,7737,7736,7746,7746,7735,7736,7747,7749,7746,7740,7753,7741,7753,7754,7754,7755,7776,7756,
976,1039,1094,1156,1232,1302,1377,1448,1550,1626,1664,1766,1826,1881,1907,1952,2027,2092,2171,2232,2328,2386,2427,2506,2565,2638,2693,2761,2832,2943,3002,3064,3148,3213,3290,3353,3397,3441,3496,3566,3633,3710,3773,3868,3924,3991,4033,4073,4139,4212,4291,4393,4462,4534,4606,4667,4722,4778,4811,4870,
7827,7828,7827,7828,7827,7825,7826,7826,7827,7826,7818,7827,7828,7829,7829,7828,7827,7827,7830,7800,7825,7823,7823,7825,7825,7834,7823,7824,7823,7824,7824,7798,7832,7827,7818,7827,7748,7833,7820,7826,7829,7834,7802,7828,7824,7824,7825,7824,7826,7836,7836,7833,7831,7832,7841,7834,7832,7834,7831,7846,
1026,7928,5166,7947,94
In Philadelphia the "Athletics" earned their name years ago. As
999999999999999999999999999999999999999999999999999999999999999
111111111111111111111111111111111111111111111111111111111111111
8,8,8,8,8,8,8,8,8,8,8,8,8,8,8,8,8,8,8,8,8,8,8,8,8,8,8,8,8,8,8,8,8,8,8,8,8,8,8,8,8,8,8,8,8,8,8,8,8,8,8,8,8,8,8,8,8,8,8,8,8,8,8,
1026,1086,1161,1228,1315,1392,1435,1476,1546,1620,1685,1726,1802,1879,1922,1987,2054,2104,2180,2237,2312,2376,2476,2528,2606,2649,2713,2760,2804,2869,2927,2988,3063,3127,3196,3246,3324,3387,3455,3527,3576,3654,3720,3763,3814,3884,3959,4024,4132,4186,4257,4332,4396,4464,4518,4569,4634,4700,4769,4836,4861,5014,5113,
7852,7870,7851,7853,7851,7851,7853,7862,7850,7862,7850,7862,7850,7848,7861,7853,7850,7850,7864,7854,7849,7849,7850,7848,7850,7862,7850,7848,7860,7859,7848,7856,7863,7862,7862,7863,7862,7847,7857,7854,7851,7865,7851,7864,7858,7863,7860,7862,7865,7860,7863,7863,7862,7860,7864,7861,7864,7862,7863,7889,7862,7856,7871,
1077,1162,1227,1314,1387,1430,1471,1542,1616,1682,1722,1797,1874,1916,1986,2053,2102,2174,2239,2307,2373,2477,2524,2601,2643,2709,2759,2800,2864,2923,2988,3058,3123,3190,3246,3316,3384,3456,3521,3573,3650,3716,3759,3816,3880,3953,4020,4128,4189,4252,4329,4391,4457,4515,4571,4630,4697,4766,4831,4865,5007,5109,5162,
7943,7946,7941,7943,7941,7941,7942,7942,7942,7942,7942,7951,7940,7940,7941,7943,7940,7940,7943,7944,7916,7940,7942,7939,7941,7942,7943,7940,7941,7939,7915,7946,7943,7943,7941,7942,7943,7942,7947,7945,7943,7945,7943,7944,7948,7943,7941,7940,7945,7950,7952,7943,7943,7942,7944,7951,7945,7952,7943,7946,7952,7948,7950,
880,8045,5172,8063,93
a matter of fact they outdate the "Giants" a trifle in longevity of
9999999999999999999999999999999999999999959999999999999999999999999
1111111111111111111111111111111111111111111111111111111111111111111
8,8,8,8,8,8,8,8,8,8,8,8,8,8,8,8,8,8,8,8,8,8,8,8,8,8,8,8,8,8,8,8,8,8,8,8,8,8,8,8,8,8,8,8,8,8,8,8,8,8,8,8,8,8,8,8,8,8,8,8,8,8,8,8,8,8,8,
880,948,1021,1138,1210,1260,1309,1375,1429,1503,1568,1613,1688,1740,1811,1875,1920,1998,2045,2120,2182,2250,2326,2400,2476,2525,2600,2669,2719,2779,2854,2905,2992,3048,3123,3189,3293,3335,3401,3482,3530,3582,3648,3733,3789,3871,3920,3973,4014,4039,4098,4157,4234,4274,4346,4422,4465,4533,4608,4681,4741,4815,4857,4903,4969,5054,5123,
7978,7968,7981,7981,7971,7970,7980,7984,7969,7982,7968,7969,7970,7980,7980,7970,7970,7968,7967,7979,7979,7971,7980,7978,7968,7966,7976,7968,7981,7973,7970,7969,7988,7974,7968,7967,7968,7978,7978,7968,7978,7972,7976,7980,7976,7970,7979,7967,7968,7968,7980,7977,7970,7982,7978,7968,7979,7979,7981,7981,7980,7966,7967,7981,7979,7985,7973,
949,1018,1134,1206,1255,1304,1370,1429,1499,1565,1618,1683,1738,1805,1871,1921,1995,2041,2115,2179,2252,2320,2395,2472,2521,2596,2666,2715,2781,2849,2910,2979,3052,3118,3183,3287,3332,3401,3479,3526,3584,3644,3728,3794,3864,3916,3970,4011,4074,4094,4159,4227,4273,4350,4416,4462,4531,4603,4677,4740,4812,4853,4900,4971,5049,5118,5169,
8059,8058,8059,8059,8060,8059,8059,8061,8059,8060,8056,8059,8059,8059,8058,8058,8060,8058,8057,8058,8066,8061,8058,8058,8058,8057,8056,8060,8059,8063,8056,8059,8058,8064,8034,8059,8058,8059,8057,8058,8058,8062,8066,8062,8066,8061,8057,8058,8058,8058,8060,8067,8061,8061,8068,8058,8058,8058,8069,8061,8059,8058,8056,8069,8069,8065,8063,

