NAME_GRC	Clone ID	RawIntensity1	RawIntensity2	QualCheck1	QualCheck2
GRID-   1-R1C1	200863	15245.59	14005.54	1	1
GRID-   1-R2C1	140197	8948.08	8042.98	1	1
GRID-   1-R3C1	305606	58045.03	52829.68	1	1
GRID-   1-R4C1	789147	17793.66	15903.32	1	1
GRID-   1-R5C1	783849	10775.12	8231.06	1	1
GRID-   1-R6C1	382693	85113.52	77303.69	1	1
GRID-   1-R7C1	50043	18411.98	15741.76	1	1
GRID-   1-R8C1	72869	4295.83	3832.40	1	1
GRID-   1-R9C1	134322	3764.99	3405.07	1	1
GRID-   1-R10C1	469954	5449.07	5507.51	1	1
GRID-   1-R11C1	283954	6803.86	5385.50	1	1
GRID-   1-R12C1	292996	11584.06	11610.73	1	1
GRID-   1-R1C2	447568	6176.93	6243.35	1	1
GRID-   1-R2C2	359661	7434.87	6700.13	1	1
GRID-   1-R3C2	154790	11863.89	10395.48	1	1
GRID-   1-R4C2	51373	8307.77	7203.31	1	1
GRID-   1-R5C2	289857	15540.04	12941.08	1	1
GRID-   1-R6C2	781233	10373.05	11414.98	1	1
GRID-   1-R7C2	564621	8178.03	6243.74	1	1
GRID-   1-R8C2	43207	7130.06	6448.87	1	1
GRID-   1-R9C2	359395	6404.41	4740.39	1	1
GRID-   1-R10C2	27787	7468.71	5557.78	1	1
GRID-   1-R11C2	26021	17801.57	15108.88	1	1
GRID-   1-R12C2	563598	7194.36	6008.32	1	1
GRID-   1-R1C3	784257	11889.05	10156.06	1	1
GRID-   1-R2C3	504791	19293.06	15206.48	1	1
GRID-   1-R3C3	235938	6977.38	6562.83	1	1
GRID-   1-R4C3	51320	17022.98	14357.73	1	1
GRID-   1-R5C3	251936	10429.86	10635.08	1	1
GRID-   1-R6C3	969854	12506.14	7762.20	1	1
GRID-   1-R7C3	787857	126694.11	117105.69	1	1
GRID-   1-R8C3	840511	7458.17	7580.31	1	1
GRID-   1-R9C3	43826	6972.45	5613.71	1	1
GRID-   1-R10C3	668851	24646.23	22246.91	1	1
GRID-   1-R11C3	231355	5932.14	5670.98	1	1
GRID-   1-R12C3	24884	5532.49	4063.23	1	1
GRID-   1-R1C4	878280	15458.28	11568.57	1	1
GRID-   1-R2C4	345063	11650.92	10264.24	1	1
GRID-   1-R3C4	384015	7384.85	7690.70	1	1
GRID-   1-R4C4	288663	8283.07	9390.64	1	1
GRID-   1-R5C4	362409	7976.84	8776.27	1	1
GRID-   1-R6C4	166245	8811.19	7027.78	1	1
GRID-   1-R7C4	49630	16313.77	13621.97	1	1
GRID-   1-R8C4	713660	12985.78	9712.57	1	1
GRID-   1-R9C4	75415	24361.74	27393.60	1	1
GRID-   1-R10C4	843248	6678.52	7277.57	1	1
GRID-   1-R11C4	815501	6423.96	5484.07	1	1
GRID-   1-R12C4	28422	5791.51	4847.86	1	1
GRID-   1-R1C5	135752	11504.51	8807.60	1	1
GRID-   1-R2C5	52096	6134.15	6493.14	1	1
GRID-   1-R3C5	243546	7661.02	7068.55	1	1
GRID-   1-R4C5	129446	14202.82	10398.48	1	1
GRID-   1-R5C5	123425	9558.44	6539.28	1	1
GRID-   1-R6C5	203132	10192.58	7646.39	1	1
GRID-   1-R7C5	809981	6677.54	6230.75	1	1
GRID-   1-R8C5	753923	11058.36	8619.81	1	1
GRID-   1-R9C5	71622	5600.94	7316.38	1	1
GRID-   1-R10C5	342543	3727.07	3400.76	1	1
GRID-   1-R11C5	153006	4253.81	3680.17	1	1
GRID-   1-R12C5	345839	24451.95	21404.92	1	1
GRID-   1-R1C6	156437	33315.47	32991.91	1	1
GRID-   1-R2C6	502161	8261.56	7723.90	1	1
GRID-   1-R3C6	757222	12286.06	9558.15	1	1
GRID-   1-R4C6	415554	12814.56	10592.10	1	1
GRID-   1-R5C6	78353	11352.14	9014.43	1	1
GRID-   1-R6C6	68049	18517.75	12982.07	1	1
GRID-   1-R7C6	753215	8240.66	7363.57	1	1
GRID-   1-R8C6	112629	18899.81	16635.50	1	1
GRID-   1-R9C6	365060	5093.20	5583.10	1	1
GRID-   1-R10C6	129146	6402.06	5820.32	1	1
GRID-   1-R11C6	212198	9502.17	7952.39	1	1
GRID-   1-R12C6	356665	7274.38	7664.73	1	1
GRID-   1-R1C7	755923	26885.06	19291.33	1	1
GRID-   1-R2C7	789383	31033.56	21238.37	1	1
GRID-   1-R3C7	744417	15070.79	15562.61	1	1
GRID-   1-R4C7	415817	136213.23	133764.16	1	1
GRID-   1-R5C7	769579	20190.63	15157.69	1	1
GRID-   1-R6C7	39722	8177.45	7151.67	1	1
GRID-   1-R7C7	840865	13499.87	11245.43	1	1
GRID-   1-R8C7	382654	4450.83	4132.34	4	4
GRID-   1-R9C7	609663	3712.84	3579.42	1	1
GRID-   1-R10C7	784593	13320.95	9880.03	1	1
GRID-   1-R11C7	24415	25284.74	25599.27	1	1
GRID-   1-R12C7	704992	4697.68	4963.60	1	1
GRID-   1-R1C8	82556	544772.66	544348.22	1	1
GRID-   1-R2C8	884480	482341.19	464011.87	1	1
GRID-   1-R3C8	79808	14327.20	17956.51	1	1
GRID-   1-R4C8	773673	10073.43	12647.17	1	1
GRID-   1-R5C8	742818	68468.70	68714.41	1	1
GRID-   1-R6C8	837908	11179.45	10372.95	1	1
GRID-   1-R7C8	786675	11581.76	7671.06	1	1
GRID-   1-R8C8	773724	7653.45	5705.00	1	1
GRID-   1-R9C8	784360	4909.13	3982.96	1	1
GRID-   1-R10C8	788574	4173.18	4004.61	1	1
GRID-   1-R11C8	81315	3778.91	5205.95	1	1
GRID-   1-R12C8	842806	6089.16	5272.02	1	1
GRID-   1-R1C9	609332	15117.26	21663.39	1	1
GRID-   1-R2C9	950445	14572.98	19397.24	1	1
GRID-   1-R3C9	773301	14753.64	13574.00	1	1
GRID-   1-R4C9	40751	7446.72	7354.94	1	1
GRID-   1-R5C9	774754	35726.47	34512.99	1	1
GRID-   1-R6C9	839991	12163.70	10024.70	1	1
GRID-   1-R7C9	130541	40221.07	34409.20	1	1
GRID-   1-R8C9	293157	9430.00	8359.10	1	1
GRID-   1-R9C9	150221	8123.95	7128.16	1	1
GRID-   1-R10C9	47559	5716.50	4597.66	1	1
GRID-   1-R11C9	149910	6382.31	5041.40	1	1
GRID-   1-R12C9	179334	6415.31	6283.98	1	1
GRID-   1-R1C10	469969	14130.89	12654.01	1	1
GRID-   1-R2C10	130201	10045.20	9786.47	1	1
GRID-   1-R3C10	525926	19270.08	17926.62	1	1
GRID-   1-R4C10	322961	16633.80	11299.82	1	1
GRID-   1-R5C10	277138	5433.63	5846.95	1	1
GRID-   1-R6C10	323777	21384.74	15060.82	1	1
GRID-   1-R7C10	120881	6795.68	6799.42	1	1
GRID-   1-R8C10	823876	9078.93	9137.89	1	1
GRID-   1-R9C10	40699	7303.19	6514.07	1	1
GRID-   1-R10C10	166934	5858.19	5437.05	1	1
GRID-   1-R11C10	280666	6133.65	6080.52	1	1
GRID-   1-R12C10	250667	10923.57	8170.91	1	1
GRID-   1-R1C11	271568	9202.30	8040.94	1	1
GRID-   1-R2C11	590615	13926.68	14755.81	1	1
GRID-   1-R3C11	739155	5840.07	5856.07	1	1
GRID-   1-R4C11	243882	6194.95	5849.84	1	1
GRID-   1-R5C11	487429	11667.78	10013.25	1	1
GRID-   1-R6C11	884783	11339.26	8028.86	1	1
GRID-   1-R7C11	26617	13920.88	10961.44	1	1
GRID-   1-R8C11	154608	7530.68	8344.13	1	1
GRID-   1-R9C11	251685	4986.56	5363.55	1	1
GRID-   1-R10C11	143523	6031.93	4908.97	1	1
GRID-   1-R11C11	809901	11592.37	8837.02	1	1
GRID-   1-R12C11	823859	5434.02	5951.37	1	1
GRID-   1-R1C12	502585	24149.82	21392.30	1	1
GRID-   1-R2C12	877646	7590.84	7412.61	1	1
GRID-   1-R3C12	770685	8109.81	7175.56	1	1
GRID-   1-R4C12	505579	5160.24	5226.48	1	1
GRID-   1-R5C12	342158	5879.38	5009.66	1	1
GRID-   1-R6C12	511909	7444.34	8577.56	1	1
GRID-   1-R7C12	825323	99621.59	90997.83	1	1
GRID-   1-R8C12	824527	7490.19	8859.09	1	1
GRID-   1-R9C12	825585	9959.04	8949.73	1	1
GRID-   1-R10C12	773332	11431.76	8489.08	1	1
GRID-   1-R11C12	756666	21571.24	15768.88	1	1
GRID-   1-R12C12	898096	7562.86	6198.97	1	1
GRID-   2-R1C1	431296	15250.56	15944.99	1	1
GRID-   2-R2C1	969877	2873.22	2599.33	3	3
GRID-   2-R3C1	139840	2378.15	2364.68	3	3
GRID-   2-R4C1	435330	1140.53	1234.75	3	3
GRID-   2-R5C1	289428	2958.58	2161.48	1	1
GRID-   2-R6C1	324751	3293.88	2915.69	1	1
GRID-   2-R7C1	145001	1495.77	1808.39	1	1
GRID-   2-R8C1	360168	2816.66	3106.93	1	1
GRID-   2-R9C1	26314	1677.61	2387.81	1	1
GRID-   2-R10C1	173674	3915.21	3466.62	1	1
GRID-   2-R11C1	122428	8859.28	5618.88	1	1
GRID-   2-R12C1	200814	2798.86	2474.39	1	1
GRID-   2-R1C2	725533	5553.02	5432.99	1	1
GRID-   2-R2C2	743229	10522.21	7193.29	1	1
GRID-   2-R3C2	362279	4784.53	5443.42	1	1
GRID-   2-R4C2	878833	11709.12	9830.47	1	1
GRID-   2-R5C2	859807	5007.85	3515.12	1	1
GRID-   2-R6C2	161998	18143.64	14734.53	1	1
GRID-   2-R7C2	813678	3406.24	3090.66	1	1
GRID-   2-R8C2	753467	3082.84	2770.20	1	1
GRID-   2-R9C2	35185	2158.03	2616.28	1	1
GRID-   2-R10C2	381812	2808.01	2749.18	1	1
GRID-   2-R11C2	136235	2177.31	2293.51	1	1
GRID-   2-R12C2	243741	7087.57	4340.05	1	1
GRID-   2-R1C3	810999	14190.82	10438.96	1	1
GRID-   2-R2C3	40773	28504.79	21196.15	2	2
GRID-   2-R3C3	192271	3436.79	3705.76	1	1
GRID-   2-R4C3	460403	4786.21	4893.85	1	1
GRID-   2-R5C3	215000	2965.30	3850.58	1	1
GRID-   2-R6C3	773381	10901.58	8733.12	1	1
GRID-   2-R7C3	33045	2091.18	1974.56	1	1
GRID-   2-R8C3	258790	2402.34	2926.77	1	1
GRID-   2-R9C3	789253	4426.09	5037.69	1	1
GRID-   2-R10C3	363569	2722.71	2128.49	1	1
GRID-   2-R11C3	108815	3710.43	2472.77	1	1
GRID-   2-R12C3	610012	2759.92	2604.66	1	1
GRID-   2-R1C4	69279	5648.76	5562.31	1	1
GRID-   2-R2C4	769911	10379.96	7296.44	1	1
GRID-   2-R3C4	28510	9060.55	8147.57	1	1
GRID-   2-R4C4	342181	4058.24	3700.31	1	1
GRID-   2-R5C4	252663	5811.96	6093.13	1	1
GRID-   2-R6C4	26295	4554.56	4221.93	1	1
GRID-   2-R7C4	782488	3611.57	3037.31	1	1
GRID-   2-R8C4	40580	2797.12	2401.49	1	1
GRID-   2-R9C4	739993	6328.21	4654.19	1	1
GRID-   2-R10C4	144777	3674.68	4279.70	1	1
GRID-   2-R11C4	774036	2357.58	2624.61	2	2
GRID-   2-R12C4	841620	6599.83	8083.61	1	1
GRID-   2-R1C5	83444	93088.47	113452.68	1	1
GRID-   2-R2C5	205239	6858.24	6345.35	1	1
GRID-   2-R3C5	845477	4608.53	4532.70	1	1
GRID-   2-R4C5	773567	5436.28	4786.63	1	1
GRID-   2-R5C5	809727	3211.95	4242.40	1	1
GRID-   2-R6C5	324712	42185.14	32614.66	1	1
GRID-   2-R7C5	130280	4000.45	4023.28	1	1
GRID-   2-R8C5	30170	2814.52	2830.15	1	1
GRID-   2-R9C5	665658	4141.03	3624.79	1	1
GRID-   2-R10C5	183194	4253.97	3676.06	1	1
GRID-   2-R11C5	120106	3388.44	3241.41	1	1
GRID-   2-R12C5	233721	10518.78	11497.56	1	1
GRID-   2-R1C6	745116	7587.72	6361.07	1	1
GRID-   2-R2C6	745360	2674.58	2653.01	1	1
GRID-   2-R3C6	854576	3588.65	3366.72	1	1
GRID-   2-R4C6	884993	45296.28	31887.22	1	1
GRID-   2-R5C6	266106	13816.64	12496.11	1	1
GRID-   2-R6C6	45578	5122.32	5759.63	1	1
GRID-   2-R7C6	222181	3358.14	3729.28	1	1
GRID-   2-R8C6	240249	3820.61	2792.99	1	1
GRID-   2-R9C6	682528	3988.99	3853.39	1	1
GRID-   2-R10C6	28475	2866.69	2595.66	1	1
GRID-   2-R11C6	33826	5684.90	5795.12	1	1
GRID-   2-R12C6	137017	5515.03	5813.35	1	1
GRID-   2-R1C7	74511	4622.93	3966.23	1	1
GRID-   2-R2C7	276237	4599.63	3643.73	1	1
GRID-   2-R3C7	725188	3938.98	3835.38	1	1
GRID-   2-R4C7	971372	2911.40	3410.77	1	1
GRID-   2-R5C7	179603	4404.56	5921.01	1	1
GRID-   2-R6C7	266312	5674.99	5555.77	1	1
GRID-   2-R7C7	774036	10808.27	8555.22	1	1
GRID-   2-R8C7	897983	3655.46	3387.97	1	1
GRID-   2-R9C7	80910	1952.69	1780.41	1	1
GRID-   2-R10C7	824041	6451.48	6039.90	1	1
GRID-   2-R11C7	245330	36474.85	31678.71	1	1
GRID-   2-R12C7	726147	13974.47	12017.39	1	1
GRID-   2-R1C8	221828	6314.52	5223.77	1	1
GRID-   2-R2C8	768007	8679.67	4959.77	1	1
GRID-   2-R3C8	361456	7294.90	6634.18	1	1
GRID-   2-R4C8	43745	3766.87	3360.72	1	1
GRID-   2-R5C8	752824	3646.30	3616.68	1	1
GRID-   2-R6C8	785847	9242.26	7712.69	1	1
GRID-   2-R7C8	838568	4573.57	4774.38	1	1
GRID-   2-R8C8	739901	17155.17	18498.73	1	1
GRID-   2-R9C8	40017	2813.08	2952.31	1	1
GRID-   2-R10C8	51666	3485.70	4051.35	1	1
GRID-   2-R11C8	815564	4295.76	4907.94	1	1
GRID-   2-R12C8	815507	5439.97	4827.12	1	1
GRID-   2-R1C9	428928	3432.32	3398.27	1	1
GRID-   2-R2C9	194161	4488.16	3604.48	1	1
GRID-   2-R3C9	308989	5540.61	4888.50	1	1
GRID-   2-R4C9	294310	2757.61	3047.37	1	1
GRID-   2-R5C9	137209	2357.88	2423.01	1	1
GRID-   2-R6C9	214858	4382.43	4147.07	1	1
GRID-   2-R7C9	811096	3776.05	3742.73	1	1
GRID-   2-R8C9	154015	5582.33	7126.76	1	1
GRID-   2-R9C9	342721	6080.29	6311.79	1	1
GRID-   2-R10C9	754080	8116.50	6839.89	1	1
GRID-   2-R11C9	589115	3844.28	4711.07	1	1
GRID-   2-R12C9	770027	13416.14	9504.70	1	1
GRID-   2-R1C10	177772	4213.60	4362.12	1	1
GRID-   2-R2C10	50930	8516.78	6181.66	1	1
GRID-   2-R3C10	472186	6073.43	4567.67	1	1
GRID-   2-R4C10	487988	4878.39	4657.14	1	1
GRID-   2-R5C10	362795	2701.31	2777.61	1	1
GRID-   2-R6C10	377671	4553.69	3911.86	1	1
GRID-   2-R7C10	234011	3948.87	2736.35	1	1
GRID-   2-R8C10	23185	3962.86	3133.59	1	1
GRID-   2-R9C10	811842	2394.25	2659.86	1	1
GRID-   2-R10C10	43743	3412.99	3466.52	1	1
GRID-   2-R11C10	206994	5227.57	4141.80	1	1
GRID-   2-R12C10	31093	3424.64	5021.74	1	1
GRID-   2-R1C11	235135	4020.90	4853.00	1	1
GRID-   2-R2C11	484874	14502.61	11697.52	1	1
GRID-   2-R3C11	179603	5974.00	5018.05	4	4
GRID-   2-R4C11	743190	6464.07	5445.23	1	1
GRID-   2-R5C11	897164	3021.40	2881.56	1	1
GRID-   2-R6C11	251591	2272.91	2060.42	1	1
GRID-   2-R7C11	79520	2975.38	2654.55	1	1
GRID-   2-R8C11	898148	3329.15	2884.40	1	1
GRID-   2-R9C11	795241	3242.92	2755.42	1	1
GRID-   2-R10C11	210717	5199.60	4429.23	1	1
GRID-   2-R11C11	612274	13390.52	10479.72	1	1
GRID-   2-R12C11	366511	1977.30	2414.75	1	1
GRID-   2-R1C12	811775	2813.48	2523.34	1	1
GRID-   2-R2C12	43865	4499.34	4164.49	1	1
GRID-   2-R3C12	754018	2415.28	2165.28	1	1
GRID-   2-R4C12	811927	24294.13	19968.07	1	1
GRID-   2-R5C12	501934	2859.67	2945.30	1	1
GRID-   2-R6C12	744647	3571.51	2515.88	1	1
GRID-   2-R7C12	810632	8463.92	6059.54	1	1
GRID-   2-R8C12	784772	5366.31	4816.85	1	1
GRID-   2-R9C12	897626	7011.45	6530.78	1	1
GRID-   2-R10C12	826459	108218.17	82616.41	1	1
GRID-   2-R11C12	767345	6596.41	7447.08	1	1
GRID-   2-R12C12	46054	3286.17	3108.17	1	1
GRID-   3-R1C1	137794	4075.95	3960.48	1	1
GRID-   3-R2C1	810891	3402.26	3125.20	1	1
GRID-   3-R3C1	813536	11829.75	10388.66	1	1
GRID-   3-R4C1	171936	5866.26	5566.19	1	1
GRID-   3-R5C1	150702	9669.18	10304.20	1	1
GRID-   3-R6C1	360213	6827.60	7800.28	1	1
GRID-   3-R7C1	136821	14055.60	11743.76	1	1
GRID-   3-R8C1	755821	8862.67	8667.59	1	1
GRID-   3-R9C1	666218	5351.38	5147.39	1	1
GRID-   3-R10C1	24085	11488.99	10671.62	1	1
GRID-   3-R11C1	289978	7973.47	8291.89	1	1
GRID-   3-R12C1	122762	9977.79	10314.39	1	1
GRID-   3-R1C2	360478	6081.53	5252.25	1	1
GRID-   3-R2C2	752631	11161.96	9884.58	1	1
GRID-   3-R3C2	260325	4701.29	5153.76	1	1
GRID-   3-R4C2	126368	10850.09	9620.07	1	1
GRID-   3-R5C2	197888	28135.66	26353.11	1	1
GRID-   3-R6C2	51362	10609.12	10955.71	1	1
GRID-   3-R7C2	223483	8508.06	8733.92	1	1
GRID-   3-R8C2	136188	28397.49	25862.99	1	1
GRID-   3-R9C2	300103	7974.77	7315.78	1	1
GRID-   3-R10C2	34773	6420.16	6312.61	1	1
GRID-   3-R11C2	204897	8575.09	8222.70	1	1
GRID-   3-R12C2	713685	20185.02	18732.72	1	1
GRID-   3-R1C3	783729	8303.78	8460.01	1	1
GRID-   3-R2C3	815526	8279.06	8214.70	1	1
GRID-   3-R3C3	77133	6960.56	5982.67	1	1
GRID-   3-R4C3	51448	6264.45	5879.55	1	1
GRID-   3-R5C3	811942	8975.64	10785.55	1	1
GRID-   3-R6C3	194384	9199.69	10110.80	1	1
GRID-   3-R7C3	380245	8994.63	9459.55	1	1
GRID-   3-R8C3	146123	6813.78	7501.44	1	1
GRID-   3-R9C3	811088	13589.12	12895.37	1	1
GRID-   3-R10C3	187147	7357.47	7125.64	1	1
GRID-   3-R11C3	823590	8696.05	8128.75	4	4
GRID-   3-R12C3	120015	11540.68	10410.99	1	1
GRID-   3-R1C4	774502	5001.76	5571.17	1	1
GRID-   3-R2C4	785148	9444.92	9568.49	1	1
GRID-   3-R3C4	704905	8132.72	8355.90	1	1
GRID-   3-R4C4	827132	6718.68	7713.43	1	1
GRID-   3-R5C4	840691	4950.37	6101.40	1	1
GRID-   3-R6C4	785574	9777.39	10067.14	1	1
GRID-   3-R7C4	741815	70376.96	69328.57	1	1
GRID-   3-R8C4	768205	6877.29	10225.63	1	1
GRID-   3-R9C4	810506	6350.65	6860.08	1	1
GRID-   3-R10C4	210522	3744.24	4143.18	1	1
GRID-   3-R11C4	229579	8710.27	9205.49	1	1
GRID-   3-R12C4	755975	7775.70	10285.39	1	1
GRID-   3-R1C5	347687	6412.72	6700.00	1	1
GRID-   3-R2C5	123087	7170.76	8222.95	1	1
GRID-   3-R3C5	306412	11055.01	20263.79	1	1
GRID-   3-R4C5	296072	3445.97	4081.04	1	1
GRID-   3-R5C5	207087	8658.82	8639.61	1	1
GRID-   3-R6C5	280882	3498.40	3824.17	1	1
GRID-   3-R7C5	795288	16421.34	16631.02	1	1
GRID-   3-R8C5	703964	24592.41	25752.76	1	1
GRID-   3-R9C5	753620	14127.37	13229.81	1	1
GRID-   3-R10C5	842980	10072.81	11508.89	1	1
GRID-   3-R11C5	897544	14552.18	18004.17	1	1
GRID-   3-R12C5	839594	130196.53	144049.43	1	1
GRID-   3-R1C6	429466	11521.71	10581.41	1	1
GRID-   3-R2C6	172783	74254.31	66087.37	1	1
GRID-   3-R3C6	296162	10435.90	12895.14	1	1
GRID-   3-R4C6	234080	12340.60	13510.67	1	1
GRID-   3-R5C6	327094	7055.16	8015.67	1	1
GRID-   3-R6C6	347615	1213.00	1603.63	1	1
GRID-   3-R7C6	40562	7376.51	8599.04	1	1
GRID-   3-R8C6	180298	17157.93	17754.57	1	1
GRID-   3-R9C6	839682	13377.48	16301.10	1	1
GRID-   3-R10C6	726236	9342.03	10957.48	1	1
GRID-   3-R11C6	77728	6294.00	9148.78	1	1
GRID-   3-R12C6	788832	12643.71	16845.17	1	1
GRID-   3-R1C7	309893	15151.25	13701.08	1	1
GRID-   3-R2C7	298134	11482.04	13433.36	1	1
GRID-   3-R3C7	810890	173118.79	170604.85	1	1
GRID-   3-R4C7	771272	5289.45	5025.47	1	1
GRID-   3-R5C7	357892	7067.39	7614.33	1	1
GRID-   3-R6C7	256895	2653.03	3227.62	1	1
GRID-   3-R7C7	840600	3320.18	4420.53	1	1
GRID-   3-R8C7	567414	7431.61	8834.68	1	1
GRID-   3-R9C7	824922	9900.28	11162.21	1	1
GRID-   3-R10C7	753700	9241.28	10325.36	1	1
GRID-   3-R11C7	814508	12920.21	12034.60	1	1
GRID-   3-R12C7	824068	10242.33	10964.68	1	1
GRID-   3-R1C8	230882	17203.16	17746.15	1	1
GRID-   3-R2C8	855800	10373.33	12082.19	1	1
GRID-   3-R3C8	361323	11076.74	10147.33	1	1
GRID-   3-R4C8	756595	10969.12	10450.85	3	3
GRID-   3-R5C8	562729	16823.15	16200.55	3	3
GRID-   3-R6C8	971399	1818.78	2384.16	3	3
GRID-   3-R7C8	258589	9053.63	11750.87	1	1
GRID-   3-R8C8	725454	55349.39	52463.49	1	1
GRID-   3-R9C8	795840	12658.25	12645.52	1	1
GRID-   3-R10C8	45641	10454.45	10793.14	1	1
GRID-   3-R11C8	196444	7181.23	7207.97	1	1
GRID-   3-R12C8	231675	2673.35	3088.81	1	1
GRID-   3-R1C9	324655	6242.79	6666.04	1	1
GRID-   3-R2C9	108377	6589.82	6863.73	1	1
GRID-   3-R3C9	86160	5282.21	5415.67	1	1
GRID-   3-R4C9	796134	3760.25	4467.03	1	1
GRID-   3-R5C9	46055	8674.82	9535.60	1	1
GRID-   3-R6C9	46862	6640.54	9997.92	1	1
GRID-   3-R7C9	146868	114480.05	103287.15	1	1
GRID-   3-R8C9	250069	9349.83	10670.93	1	1
GRID-   3-R9C9	46938	6981.51	8955.42	1	1
GRID-   3-R10C9	744800	36054.20	36215.75	1	1
GRID-   3-R11C9	856135	8472.21	10189.13	1	1
GRID-   3-R12C9	175536	7182.59	8370.70	1	1
GRID-   3-R1C10	796932	5613.15	6702.85	1	1
GRID-   3-R2C10	502351	4261.02	4455.51	1	1
GRID-   3-R3C10	838701	6087.32	6428.00	1	1
GRID-   3-R4C10	782559	6352.34	7041.17	1	1
GRID-   3-R5C10	256477	8022.66	8746.29	1	1
GRID-   3-R6C10	591994	5658.95	7312.89	1	1
GRID-   3-R7C10	745007	5225.73	7499.22	1	1
GRID-   3-R8C10	845453	56275.26	50640.46	1	1
GRID-   3-R9C10	342647	7549.19	8761.58	1	1
GRID-   3-R10C10	769571	16905.47	17229.97	1	1
GRID-   3-R11C10	50519	9194.65	10528.98	1	1
GRID-   3-R12C10	262251	10865.56	11592.92	1	1
GRID-   3-R1C11	731270	5753.69	5027.29	1	1
GRID-   3-R2C11	302996	5822.60	5459.97	1	1
GRID-   3-R3C11	279308	3890.02	3885.70	1	1
GRID-   3-R4C11	345330	4281.28	4535.61	1	1
GRID-   3-R5C11	627417	3782.51	4269.47	1	1
GRID-   3-R6C11	897761	3357.51	3935.60	1	1
GRID-   3-R7C11	428412	5978.22	6475.51	1	1
GRID-   3-R8C11	361807	5435.38	6358.72	1	1
GRID-   3-R9C11	796278	7957.31	8055.28	1	1
GRID-   3-R10C11	739109	9741.69	10393.75	1	1
GRID-   3-R11C11	773568	11624.58	12557.70	1	1
GRID-   3-R12C11	223128	9891.10	10995.16	1	1
GRID-   3-R1C12	768997	2645.41	2726.78	1	1
GRID-   3-R2C12	53039	5748.19	5172.63	1	1
GRID-   3-R3C12	768464	4553.63	4476.49	1	1
GRID-   3-R4C12	796475	3754.09	3597.74	1	1
GRID-   3-R5C12	34837	3093.96	3569.26	1	1
GRID-   3-R6C12	768552	3786.53	4190.86	1	1
GRID-   3-R7C12	448193	5068.70	5256.46	1	1
GRID-   3-R8C12	797048	5976.30	6700.23	1	1
GRID-   3-R9C12	486113	4233.69	4595.97	1	1
GRID-   3-R10C12	854401	8580.50	9877.19	1	1
GRID-   3-R11C12	264640	11335.97	14182.24	1	1
GRID-   3-R12C12	343987	5147.51	6343.98	1	1
GRID-   4-R1C1	323506	1645.66	1622.37	1	1
GRID-   4-R2C1	742101	3484.85	4402.87	1	1
GRID-   4-R3C1	302591	3152.18	3977.56	1	1
GRID-   4-R4C1	363144	1273.03	1300.41	1	1
GRID-   4-R5C1	813158	1286.11	1241.31	1	1
GRID-   4-R6C1	72050	4975.24	4936.53	1	1
GRID-   4-R7C1	134544	95732.21	134369.65	1	1
GRID-   4-R8C1	359184	3760.59	4318.21	1	1
GRID-   4-R9C1	137531	1933.56	2042.69	1	1
GRID-   4-R10C1	810802	2825.66	3229.85	1	1
GRID-   4-R11C1	666829	3787.17	3195.46	1	1
GRID-   4-R12C1	754085	3390.20	3154.33	1	1
GRID-   4-R1C2	261519	2108.83	2472.47	1	1
GRID-   4-R2C2	301976	3753.08	3438.45	1	1
GRID-   4-R3C2	564050	2023.56	1587.95	1	1
GRID-   4-R4C2	510679	6895.58	7745.74	1	1
GRID-   4-R5C2	809939	8250.47	5625.41	1	1
GRID-   4-R6C2	823943	8428.16	9018.14	1	1
GRID-   4-R7C2	180864	5243.15	7931.92	1	1
GRID-   4-R8C2	288896	6154.22	5199.51	1	1
GRID-   4-R9C2	276091	7320.98	7444.67	1	1
GRID-   4-R10C2	148379	3767.74	4008.66	1	1
GRID-   4-R11C2	50182	2719.78	2228.45	1	1
GRID-   4-R12C2	160723	1975.16	2718.92	1	1
GRID-   4-R1C3	712641	3243.09	3801.60	4	4
GRID-   4-R2C3	843159	7684.80	12016.28	1	1
GRID-   4-R3C3	841149	53380.06	43585.67	1	1
GRID-   4-R4C3	898262	6435.56	7251.06	1	1
GRID-   4-R5C3	898138	3992.75	4477.13	1	1
GRID-   4-R6C3	841292	2004.77	2681.73	1	1
GRID-   4-R7C3	753285	2422.72	3315.65	1	1
GRID-   4-R8C3	204148	1861.26	3507.07	1	1
GRID-   4-R9C3	550355	2888.24	3022.74	1	1
GRID-   4-R10C3	40844	3474.58	3922.23	1	1
GRID-   4-R11C3	812968	4148.99	5315.03	1	1
GRID-   4-R12C3	28823	2359.60	2599.57	1	1
GRID-   4-R1C4	194182	2598.85	2591.47	1	1
GRID-   4-R2C4	740457	2922.98	3850.52	1	1
GRID-   4-R3C4	701481	4426.79	6203.09	1	1
GRID-   4-R4C4	839623	7010.72	6561.52	1	1
GRID-   4-R5C4	788136	3993.74	4576.69	1	1
GRID-   4-R6C4	712378	3440.57	4659.80	1	1
GRID-   4-R7C4	33478	10248.03	9787.61	1	1
GRID-   4-R8C4	129865	5826.43	8018.33	1	1
GRID-   4-R9C4	131653	56236.96	59479.01	1	1
GRID-   4-R10C4	727792	4898.77	5083.96	1	1
GRID-   4-R11C4	364329	6410.91	6887.98	1	1
GRID-   4-R12C4	361097	2453.20	3352.72	1	1
GRID-   4-R1C5	213577	3778.60	3843.73	1	1
GRID-   4-R2C5	325160	6849.50	10262.87	1	1
GRID-   4-R3C5	135941	3265.87	2867.81	1	1
GRID-   4-R4C5	245769	1829.92	2362.32	1	1
GRID-   4-R5C5	112906	5132.49	5485.19	1	1
GRID-   4-R6C5	50765	2462.03	4249.26	1	1
GRID-   4-R7C5	796757	3753.15	3812.65	1	1
GRID-   4-R8C5	504877	3661.38	6347.66	1	1
GRID-   4-R9C5	825442	5606.10	8351.51	1	1
GRID-   4-R10C5	51746	3453.08	5319.42	1	1
GRID-   4-R11C5	1031744	2815.20	3430.81	1	1
GRID-   4-R12C5	77391	6263.92	9480.75	1	1
GRID-   4-R1C6	417251	2821.63	3248.72	1	1
GRID-   4-R2C6	810038	7166.05	6854.38	1	1
GRID-   4-R3C6	795229	11347.74	11715.32	1	1
GRID-   4-R4C6	773304	4790.33	6702.92	1	1
GRID-   4-R5C6	491121	2141.26	2597.07	1	1
GRID-   4-R6C6	810088	1158.39	1290.73	1	1
GRID-   4-R7C6	772261	3426.72	4205.78	1	1
GRID-   4-R8C6	841332	4866.07	5709.69	1	1
GRID-   4-R9C6	704532	3444.35	3443.85	1	1
GRID-   4-R10C6	898317	2751.89	2992.28	1	1
GRID-   4-R11C6	789382	4963.35	5138.21	1	1
GRID-   4-R12C6	321386	5596.52	5280.78	1	1
GRID-   4-R1C7	196543	3301.33	3046.56	3	3
GRID-   4-R2C7	840708	2271.71	1959.21	3	3
GRID-   4-R3C7	454440	2064.67	2634.58	3	3
GRID-   4-R4C7	868212	1322.39	1485.16	3	3
GRID-   4-R5C7	852520	3584.98	6822.22	3	3
GRID-   4-R6C7	840944	4472.71	4501.19	3	3
GRID-   4-R7C7	840889	4030.74	4536.42	1	1
GRID-   4-R8C7	809464	3839.97	4950.27	4	4
GRID-   4-R9C7	139009	2450.98	2371.73	4	4
GRID-   4-R10C7	814526	3498.50	3803.12	1	1
GRID-   4-R11C7	711961	2620.73	2846.97	1	1
GRID-   4-R12C7	812126	2724.80	3771.62	1	1
GRID-   4-R1C8	296448	5199.63	6410.21	1	1
GRID-   4-R2C8	310406	5119.31	4229.83	1	1
GRID-   4-R3C8	471642	3820.40	5874.87	1	1
GRID-   4-R4C8	769716	8874.47	8914.58	1	1
GRID-   4-R5C8	257523	172438.71	234047.29	1	1
GRID-   4-R6C8	289447	41851.34	47894.68	1	1
GRID-   4-R7C8	52629	3220.40	3788.49	1	1
GRID-   4-R8C8	146577	15082.71	13851.97	1	1
GRID-   4-R9C8	843121	3961.91	3757.74	1	1
GRID-   4-R10C8	712840	2242.21	2547.58	1	1
GRID-   4-R11C8	712641	3231.70	3525.92	1	1
GRID-   4-R12C8	267634	3309.58	3858.20	1	1
GRID-   4-R1C9	743114	4505.54	4159.21	1	1
GRID-   4-R2C9	592818	4574.36	4920.07	1	1
GRID-   4-R3C9	593183	3372.32	4079.28	1	1
GRID-   4-R4C9	52076	2951.68	3588.62	1	1
GRID-   4-R5C9	611075	4008.66	5196.82	1	1
GRID-   4-R6C9	869538	9796.64	10472.35	1	1
GRID-   4-R7C9	433573	3505.91	4028.04	1	1
GRID-   4-R8C9	770059	9424.74	9543.63	1	1
GRID-   4-R9C9	260336	3456.95	3621.99	1	1
GRID-   4-R10C9	261580	3872.86	3797.26	1	1
GRID-   4-R11C9	280154	2628.95	3108.44	1	1
GRID-   4-R12C9	472095	3012.24	3945.99	1	1
GRID-   4-R1C10	258966	2806.63	2869.86	1	1
GRID-   4-R2C10	839888	3240.64	3336.84	1	1
GRID-   4-R3C10	810801	9393.97	10477.94	1	1
GRID-   4-R4C10	266347	1494.67	1740.82	1	1
GRID-   4-R5C10	595078	2664.69	2107.46	1	1
GRID-   4-R6C10	796986	1477.26	1311.12	1	1
GRID-   4-R7C10	268946	4184.76	4501.16	1	1
GRID-   4-R8C10	41358	4334.37	4801.83	1	1
GRID-   4-R9C10	853809	4883.36	3976.75	1	1
GRID-   4-R10C10	382457	41566.10	36104.74	1	1
GRID-   4-R11C10	590774	3211.08	4067.04	1	1
GRID-   4-R12C10	562811	1047.29	1268.05	1	1
GRID-   4-R1C11	768260	10654.72	9857.09	1	1
GRID-   4-R2C11	328745	2260.11	2547.01	1	1
GRID-   4-R3C11	285779	4329.70	4803.01	1	1
GRID-   4-R4C11	950678	4582.06	6286.70	1	1
GRID-   4-R5C11	126455	36886.96	35141.48	1	1
GRID-   4-R6C11	897727	2543.67	3155.94	1	1
GRID-   4-R7C11	487797	1949.01	2210.52	1	1
GRID-   4-R8C11	809828	3972.29	3618.93	1	1
GRID-   4-R9C11	884867	8897.65	8490.74	1	1
GRID-   4-R10C11	502367	4782.48	5422.24	1	1
GRID-   4-R11C11	724932	4786.96	5175.38	1	1
GRID-   4-R12C11	33643	8638.74	10533.14	1	1
GRID-   4-R1C12	813756	2069.61	1844.86	1	1
GRID-   4-R2C12	29430	2677.65	2701.41	1	1
GRID-   4-R3C12	813514	1970.67	2309.49	1	1
GRID-   4-R4C12	813825	1163.08	1100.93	1	1
GRID-   4-R5C12	752701	5073.01	5574.16	1	1
GRID-   4-R6C12	42035	2015.42	2352.97	1	1
GRID-   4-R7C12	61502	2204.86	3287.95	1	1
GRID-   4-R8C12	757268	5680.91	6649.29	1	1
GRID-   4-R9C12	148469	4814.86	5892.37	1	1
GRID-   4-R10C12	742547	3157.40	3709.00	1	1
GRID-   4-R11C12	51950	6790.29	9902.02	1	1
GRID-   4-R12C12	450464	6926.41	7110.63	1	1
GRID-   5-R1C1	303196	1952.03	1781.50	1	1
GRID-   5-R2C1	358531	10542.30	7325.83	1	1
GRID-   5-R3C1	701231	5689.80	4383.82	1	1
GRID-   5-R4C1	376875	2238.69	1867.15	1	1
GRID-   5-R5C1	28218	4179.60	3219.99	1	1
GRID-   5-R6C1	221826	4667.36	4100.14	1	1
GRID-   5-R7C1	365755	3712.37	2988.02	1	1
GRID-   5-R8C1	128159	5717.38	7427.59	1	1
GRID-   5-R9C1	40643	49192.26	56264.81	1	1
GRID-   5-R10C1	813742	13096.60	11042.93	1	1
GRID-   5-R11C1	812276	4482.04	4008.68	1	1
GRID-   5-R12C1	782789	2667.37	2401.51	1	1
GRID-   5-R1C2	586839	5670.22	4987.26	1	1
GRID-   5-R2C2	462953	4986.82	3885.10	1	1
GRID-   5-R3C2	773330	5759.26	3383.82	1	1
GRID-   5-R4C2	811015	3728.48	2768.91	4	4
GRID-   5-R5C2	897177	16421.68	12139.90	1	1
GRID-   5-R6C2	284001	3233.16	2909.19	1	1
GRID-   5-R7C2	127193	4437.82	3525.94	1	1
GRID-   5-R8C2	366154	6545.95	5839.77	1	1
GRID-   5-R9C2	232933	12673.79	13050.75	1	1
GRID-   5-R10C2	137254	134876.19	126195.06	1	1
GRID-   5-R11C2	209137	3299.75	4734.04	2	2
GRID-   5-R12C2	34671	4533.47	4469.30	1	1
GRID-   5-R1C3	345626	8300.71	6371.96	1	1
GRID-   5-R2C3	178792	18223.82	18485.00	1	1
GRID-   5-R3C3	773617	11425.95	9394.22	1	1
GRID-   5-R4C3	525799	57334.68	39800.49	1	1
GRID-   5-R5C3	345525	7438.12	5485.10	1	1
GRID-   5-R6C3	470279	7702.96	6791.31	1	1
GRID-   5-R7C3	208161	22718.53	18992.67	1	1
GRID-   5-R8C3	23804	2640.64	3028.87	1	1
GRID-   5-R9C3	166199	5819.43	5182.33	1	1
GRID-   5-R10C3	44692	8971.74	10149.66	1	1
GRID-   5-R11C3	589362	2632.10	3054.97	2	2
GRID-   5-R12C3	220096	3382.48	3598.68	1	1
GRID-   5-R1C4	757873	11476.36	8559.11	1	1
GRID-   5-R2C4	755228	8554.35	7033.02	1	1
GRID-   5-R3C4	781017	5711.70	5158.85	1	1
GRID-   5-R4C4	855586	10434.36	8743.77	1	1
GRID-   5-R5C4	49987	2582.03	2273.10	1	1
GRID-   5-R6C4	878838	2336.83	2370.42	1	1
GRID-   5-R7C4	51463	3814.98	3586.59	1	1
GRID-   5-R8C4	380851	6967.55	6345.75	1	1
GRID-   5-R9C4	39593	9331.79	6526.79	1	1
GRID-   5-R10C4	757961	5407.95	3829.50	1	1
GRID-   5-R11C4	51974	2889.40	3976.74	1	1
GRID-   5-R12C4	784876	8170.40	6777.01	1	1
GRID-   5-R1C5	324510	6780.60	4736.24	1	1
GRID-   5-R2C5	768344	2807.58	2559.85	1	1
GRID-   5-R3C5	210688	8143.96	5491.39	1	1
GRID-   5-R4C5	112158	7276.91	4643.16	1	1
GRID-   5-R5C5	136303	5422.92	4569.26	1	1
GRID-   5-R6C5	193913	4742.64	4175.13	1	1
GRID-   5-R7C5	812048	4033.86	3031.06	1	1
GRID-   5-R8C5	167032	2347.66	2360.40	1	1
GRID-   5-R9C5	167280	6515.17	4882.04	1	1
GRID-   5-R10C5	159118	4154.27	4360.99	1	1
GRID-   5-R11C5	810873	8412.49	6414.85	1	1
GRID-   5-R12C5	44477	1514.11	1776.36	1	1
GRID-   5-R1C6	773478	3319.22	2375.07	1	1
GRID-   5-R2C6	241481	3820.67	2678.07	1	1
GRID-   5-R3C6	323500	5125.31	4036.62	1	1
GRID-   5-R4C6	433256	3365.72	3752.22	1	1
GRID-   5-R5C6	866702	6816.82	4609.15	1	1
GRID-   5-R6C6	969748	8487.99	7903.00	1	1
GRID-   5-R7C6	563444	18869.66	16050.85	1	1
GRID-   5-R8C6	177621	3377.85	4092.25	1	1
GRID-   5-R9C6	212640	4161.21	3633.40	1	1
GRID-   5-R10C6	37234	3851.14	4227.99	1	1
GRID-   5-R11C6	767765	2861.64	3073.82	1	1
GRID-   5-R12C6	40946	8483.50	6204.59	1	1
GRID-   5-R1C7	154472	6861.67	5986.05	1	1
GRID-   5-R2C7	949971	5322.86	5136.87	1	1
GRID-   5-R3C7	46166	17081.62	13735.33	1	1
GRID-   5-R4C7	128753	5834.02	5540.54	1	1
GRID-   5-R5C7	271006	5646.71	4294.81	1	1
GRID-   5-R6C7	470261	4237.75	3365.27	1	1
GRID-   5-R7C7	789357	6803.75	5374.03	1	1
GRID-   5-R8C7	897669	3932.09	3501.58	1	1
GRID-   5-R9C7	841384	3066.96	3029.66	1	1
GRID-   5-R10C7	841340	13099.66	8636.00	1	1
GRID-   5-R11C7	271985	6078.41	5644.01	1	1
GRID-   5-R12C7	813712	4115.63	3658.38	1	1
GRID-   5-R1C8	75644	6548.31	5660.77	1	1
GRID-   5-R2C8	298965	12506.39	9974.71	1	1
GRID-   5-R3C8	782791	6160.42	4251.29	1	1
GRID-   5-R4C8	625424	6401.27	5890.15	2	2
GRID-   5-R5C8	611324	8648.87	8350.75	1	1
GRID-   5-R6C8	773571	4709.05	3835.91	1	1
GRID-   5-R7C8	810942	3064.77	2781.06	1	1
GRID-   5-R8C8	727390	8924.83	5704.50	1	1
GRID-   5-R9C8	380737	2647.50	2614.51	1	1
GRID-   5-R10C8	72778	5890.99	5266.73	1	1
GRID-   5-R11C8	841679	2116.29	3352.89	1	1
GRID-   5-R12C8	705110	3501.51	4928.42	1	1
GRID-   5-R1C9	773305	4042.08	3490.49	1	1
GRID-   5-R2C9	713145	3692.28	3460.77	1	1
GRID-   5-R3C9	69672	3066.97	2676.69	2	2
GRID-   5-R4C9	841059	1567.84	1713.19	2	2
GRID-   5-R5C9	825335	7584.48	5494.18	1	1
GRID-   5-R6C9	284882	5057.06	3668.71	1	1
GRID-   5-R7C9	132911	3336.73	3386.49	1	1
GRID-   5-R8C9	321661	7636.29	6290.25	1	1
GRID-   5-R9C9	230205	4635.85	4473.21	1	1
GRID-   5-R10C9	186132	3332.23	3147.63	1	1
GRID-   5-R11C9	191603	9754.81	13693.34	1	1
GRID-   5-R12C9	755145	130099.95	131423.83	1	1
GRID-   5-R1C10	145112	22461.82	23883.66	1	1
GRID-   5-R2C10	364510	7627.69	7191.63	3	3
GRID-   5-R3C10	415406	11081.64	7455.19	1	1
GRID-   5-R4C10	491113	12797.23	7463.78	1	1
GRID-   5-R5C10	490615	7436.00	5547.99	1	1
GRID-   5-R6C10	810353	5993.74	4208.38	1	1
GRID-   5-R7C10	754601	2757.46	2795.41	1	1
GRID-   5-R8C10	770080	10336.36	8159.92	1	1
GRID-   5-R9C10	771236	15653.74	10859.26	1	1
GRID-   5-R10C10	813533	2966.49	2830.90	1	1
GRID-   5-R11C10	809892	7549.80	7856.35	1	1
GRID-   5-R12C10	811108	9281.60	15776.81	1	1
GRID-   5-R1C11	773286	133385.40	132670.24	1	1
GRID-   5-R2C11	249606	10543.68	14097.29	1	1
GRID-   5-R3C11	586725	10305.22	6955.26	1	1
GRID-   5-R4C11	51064	7409.48	5582.95	1	1
GRID-   5-R5C11	266318	4445.87	4315.07	1	1
GRID-   5-R6C11	745138	6924.35	4681.85	1	1
GRID-   5-R7C11	122159	4799.07	4303.82	1	1
GRID-   5-R8C11	813552	4691.57	4078.09	1	1
GRID-   5-R9C11	229692	3663.96	3613.16	1	1
GRID-   5-R10C11	134783	4063.51	3569.76	1	1
GRID-   5-R11C11	214990	5033.37	4827.05	1	1
GRID-   5-R12C11	251019	6286.58	5385.77	1	1
GRID-   5-R1C12	565939	6476.70	10206.00	1	1
GRID-   5-R2C12	124605	37537.44	34876.27	1	1
GRID-   5-R3C12	510856	9312.79	5155.86	1	1
GRID-   5-R4C12	248027	4514.27	4240.78	1	1
GRID-   5-R5C12	287125	3493.59	2951.82	1	1
GRID-   5-R6C12	509800	3720.29	3918.83	1	1
GRID-   5-R7C12	724892	4964.60	4042.89	1	1
GRID-   5-R8C12	796268	7696.30	4490.53	1	1
GRID-   5-R9C12	784319	3868.91	3624.82	1	1
GRID-   5-R10C12	150466	13329.94	11400.30	1	1
GRID-   5-R11C12	950445	3228.66	2883.07	1	1
GRID-   5-R12C12	772455	5483.83	4517.09	1	1
GRID-   6-R1C1	250654	4326.03	3479.77	3	3
GRID-   6-R2C1	177967	1376.82	1392.62	3	3
GRID-   6-R3C1	729964	1280.95	1297.83	3	3
GRID-   6-R4C1	784179	3592.87	3730.63	2	2
GRID-   6-R5C1	136676	9229.07	6520.26	1	1
GRID-   6-R6C1	190940	6588.53	6484.69	1	1
GRID-   6-R7C1	234191	2690.29	2884.95	1	1
GRID-   6-R8C1	119530	2433.15	2618.41	1	1
GRID-   6-R9C1	33327	1813.96	1931.66	1	1
GRID-   6-R10C1	770859	2013.81	2240.52	1	1
GRID-   6-R11C1	153025	1912.07	2003.44	1	1
GRID-   6-R12C1	196348	2432.06	2366.08	1	1
GRID-   6-R1C2	855438	4498.57	3999.65	1	1
GRID-   6-R2C2	33096	2218.26	2104.61	1	1
GRID-   6-R3C2	32664	3741.14	3200.51	1	1
GRID-   6-R4C2	204257	2930.91	3036.99	1	1
GRID-   6-R5C2	178825	3218.64	2881.79	1	1
GRID-   6-R6C2	139681	1758.08	2080.72	1	1
GRID-   6-R7C2	66507	1759.68	2124.38	1	1
GRID-   6-R8C2	52228	3067.03	2527.92	1	1
GRID-   6-R9C2	26162	1629.25	2032.71	1	1
GRID-   6-R10C2	137940	3422.87	3278.26	1	1
GRID-   6-R11C2	44563	1095.21	1678.98	1	1
GRID-   6-R12C2	212078	3186.99	2533.90	1	1
GRID-   6-R1C3	530139	3893.91	3397.52	1	1
GRID-   6-R2C3	773290	6622.63	5697.68	2	2
GRID-   6-R3C3	51406	5273.43	4235.33	1	1
GRID-   6-R4C3	30175	4873.54	3661.17	1	1
GRID-   6-R5C3	179163	2700.23	2916.18	1	1
GRID-   6-R6C3	882484	1462.60	1946.93	1	1
GRID-   6-R7C3	81518	2010.22	5628.35	1	1
GRID-   6-R8C3	361974	3606.11	3659.71	1	1
GRID-   6-R9C3	382654	1862.97	2282.98	1	1
GRID-   6-R10C3	22731	3175.48	3617.08	1	1
GRID-   6-R11C3	282501	16496.07	12924.36	1	1
GRID-   6-R12C3	950489	5043.44	4830.70	1	1
GRID-   6-R1C4	773106	7071.41	6010.28	1	1
GRID-   6-R2C4	825312	18245.35	13714.79	1	1
GRID-   6-R3C4	241489	16921.27	13043.75	1	1
GRID-   6-R4C4	40692	2670.59	3467.00	1	1
GRID-   6-R5C4	325182	7327.71	5050.83	1	1
GRID-   6-R6C4	46367	3838.24	2843.89	1	1
GRID-   6-R7C4	840821	2701.52	2813.77	1	1
GRID-   6-R8C4	897987	2507.70	2654.53	1	1
GRID-   6-R9C4	79022	3541.26	3333.47	1	1
GRID-   6-R10C4	784910	5146.41	4708.11	1	1
GRID-   6-R11C4	780937	3741.47	4134.37	1	1
GRID-   6-R12C4	47510	3339.88	3457.30	1	1
GRID-   6-R1C5	811015	3483.44	3228.50	1	1
GRID-   6-R2C5	322160	4702.20	5252.38	1	1
GRID-   6-R3C5	362926	2886.97	4545.42	1	1
GRID-   6-R4C5	971276	2253.74	2563.58	1	1
GRID-   6-R5C5	213660	2854.21	3089.33	1	1
GRID-   6-R6C5	129431	7132.81	1109.71	1	1
GRID-   6-R7C5	510702	2308.22	695.08	1	1
GRID-   6-R8C5	45542	3254.17	2075.37	1	1
GRID-   6-R9C5	193106	2598.81	2848.76	1	1
GRID-   6-R10C5	668685	2911.85	2991.22	1	1
GRID-   6-R11C5	813179	4256.87	4172.40	1	1
GRID-   6-R12C5	813444	6569.11	5168.58	1	1
GRID-   6-R1C6	298128	2012.40	2329.95	1	1
GRID-   6-R2C6	141495	6382.60	5682.98	1	1
GRID-   6-R3C6	471598	28454.82	24314.78	1	1
GRID-   6-R4C6	725721	3911.50	4298.67	1	1
GRID-   6-R5C6	140574	3351.52	3114.82	1	1
GRID-   6-R6C6	756596	4081.04	1226.95	1	1
GRID-   6-R7C6	262932	3553.19	1959.19	1	1
GRID-   6-R8C6	753610	2350.08	2523.81	1	1
GRID-   6-R9C6	810408	4489.29	3776.07	1	1
GRID-   6-R10C6	160126	8540.39	6750.82	1	1
GRID-   6-R11C6	125722	3801.08	4958.54	1	1
GRID-   6-R12C6	753775	2485.36	2967.91	1	1
GRID-   6-R1C7	530282	4399.46	4310.19	1	1
GRID-   6-R2C7	25922	4526.44	4306.76	1	1
GRID-   6-R3C7	629896	4146.76	5122.54	1	1
GRID-   6-R4C7	68605	4058.71	3770.96	1	1
GRID-   6-R5C7	51716	3381.28	3107.12	1	1
GRID-   6-R6C7	714213	1749.92	1936.60	1	1
GRID-   6-R7C7	898218	2121.14	2063.28	1	1
GRID-   6-R8C7	727229	3437.81	2714.42	1	1
GRID-   6-R9C7	712604	2738.80	3257.30	1	1
GRID-   6-R10C7	79828	7540.51	7258.65	1	1
GRID-   6-R11C7	79712	27645.57	23288.69	1	1
GRID-   6-R12C7	767784	2876.74	2868.72	1	1
GRID-   6-R1C8	1461664	12641.17	10146.35	1	1
GRID-   6-R2C8	787851	4170.97	3943.47	1	1
GRID-   6-R3C8	812088	4663.89	4602.73	1	1
GRID-   6-R4C8	813154	4791.62	5359.21	1	1
GRID-   6-R5C8	788556	3437.28	3276.96	1	1
GRID-   6-R6C8	813654	8074.45	5108.07	1	1
GRID-   6-R7C8	782760	2131.06	1939.63	1	1
GRID-   6-R8C8	83231	2326.89	2301.25	1	1
GRID-   6-R9C8	813830	2258.92	2498.59	1	1
GRID-   6-R10C8	760224	2980.65	3318.92	1	1
GRID-   6-R11C8	23073	3277.24	4192.94	1	1
GRID-   6-R12C8	587847	1117.10	1338.99	1	1
GRID-   6-R1C9	810104	3240.56	3532.03	1	1
GRID-   6-R2C9	150466	8347.89	7470.92	1	1
GRID-   6-R3C9	115111	4912.66	4289.30	1	1
GRID-   6-R4C9	79520	2594.22	2896.01	1	1
GRID-   6-R5C9	192481	2609.96	3366.95	1	1
GRID-   6-R6C9	77577	3934.45	4199.51	1	1
GRID-   6-R7C9	811740	2080.96	2162.31	1	1
GRID-   6-R8C9	343072	3224.05	4048.14	1	1
GRID-   6-R9C9	340644	2767.26	2703.87	1	1
GRID-   6-R10C9	179500	2912.79	2753.30	1	1
GRID-   6-R11C9	769657	2325.54	2082.89	1	1
GRID-   6-R12C9	51916	3736.76	3173.74	1	1
GRID-   6-R1C10	853938	4685.75	4657.19	1	1
GRID-   6-R2C10	855864	11424.92	10722.01	1	1
GRID-   6-R3C10	222457	4826.87	4535.56	1	1
GRID-   6-R4C10	486591	1971.01	2594.56	1	1
GRID-   6-R5C10	755402	4922.55	5681.47	1	1
GRID-   6-R6C10	754406	26207.94	18762.49	1	1
GRID-   6-R7C10	121621	3059.16	4231.63	1	1
GRID-   6-R8C10	138991	12159.20	11210.00	1	1
GRID-   6-R9C10	470930	4547.95	4720.12	1	1
GRID-   6-R10C10	165878	5921.63	6373.25	1	1
GRID-   6-R11C10	296679	2996.25	2621.34	1	1
GRID-   6-R12C10	160793	1814.35	1822.76	1	1
GRID-   6-R1C11	290234	4540.50	3661.00	1	1
GRID-   6-R2C11	285780	3125.18	3294.97	1	1
GRID-   6-R3C11	254010	4124.38	4046.26	1	1
GRID-   6-R4C11	768292	6883.18	5853.91	1	1
GRID-   6-R5C11	491692	3495.22	3740.51	1	1
GRID-   6-R6C11	757489	6265.56	5368.24	1	1
GRID-   6-R7C11	511816	3514.17	3383.13	1	1
GRID-   6-R8C11	525566	4061.80	3947.72	1	1
GRID-   6-R9C11	840636	3782.91	4027.40	1	1
GRID-   6-R10C11	504763	3299.63	3056.74	1	1
GRID-   6-R11C11	49164	1694.20	1791.97	1	1
GRID-   6-R12C11	628357	1427.54	1606.30	1	1
GRID-   6-R1C12	726582	2953.58	2599.64	1	1
GRID-   6-R2C12	39189	5432.68	5304.60	1	1
GRID-   6-R3C12	42906	3434.28	3244.63	1	1
GRID-   6-R4C12	136104	1848.30	2137.08	1	1
GRID-   6-R5C12	757244	3950.75	3686.75	1	1
GRID-   6-R6C12	842896	2572.83	3228.52	1	1
GRID-   6-R7C12	898281	5264.03	5561.23	1	1
GRID-   6-R8C12	591281	7516.42	10174.24	1	1
GRID-   6-R9C12	877613	10348.91	9681.10	1	1
GRID-   6-R10C12	815534	3773.86	4044.14	1	1
GRID-   6-R11C12	627939	2263.43	2053.40	1	1
GRID-   6-R12C12	825433	2544.36	2650.03	1	1
GRID-   7-R1C1	525518	6500.63	6036.15	1	1
GRID-   7-R2C1	40056	3537.54	4482.75	1	1
GRID-   7-R3C1	724112	4011.22	3744.73	1	1
GRID-   7-R4C1	897497	3905.93	3814.88	1	1
GRID-   7-R5C1	321708	14602.37	11437.78	1	1
GRID-   7-R6C1	281978	15526.47	14153.21	1	1
GRID-   7-R7C1	526282	12359.47	11162.88	1	1
GRID-   7-R8C1	713839	92676.51	78727.05	1	1
GRID-   7-R9C1	209655	4734.10	11673.49	1	1
GRID-   7-R10C1	51328	4930.20	4920.80	1	1
GRID-   7-R11C1	180520	4795.44	3975.38	1	1
GRID-   7-R12C1	324901	5929.46	5823.15	1	1
GRID-   7-R1C2	809464	5096.77	5487.08	1	1
GRID-   7-R2C2	139009	3081.27	3603.60	1	1
GRID-   7-R3C2	221092	2631.85	3049.14	1	1
GRID-   7-R4C2	173228	2898.68	3594.27	1	1
GRID-   7-R5C2	681906	6066.87	5984.04	1	1
GRID-   7-R6C2	178779	3428.56	4374.61	1	1
GRID-   7-R7C2	147414	3270.20	4827.64	1	1
GRID-   7-R8C2	36493	5295.11	9497.82	1	1
GRID-   7-R9C2	345430	2959.73	3663.96	1	1
GRID-   7-R10C2	810372	3056.67	3251.14	1	1
GRID-   7-R11C2	123561	4144.31	4150.85	1	1
GRID-   7-R12C2	529861	5149.10	4709.15	1	1
GRID-   7-R1C3	795847	97837.64	87868.06	1	1
GRID-   7-R2C3	417403	3006.70	13473.82	1	1
GRID-   7-R3C3	824074	2607.42	2914.79	1	1
GRID-   7-R4C3	823775	5505.02	4180.69	1	1
GRID-   7-R5C3	768168	7825.47	7010.54	1	1
GRID-   7-R6C3	144786	6568.26	7713.60	1	1
GRID-   7-R7C3	362853	4243.11	5946.36	1	1
GRID-   7-R8C3	342378	11139.74	10753.43	1	1
GRID-   7-R9C3	321529	1729.54	2970.03	1	1
GRID-   7-R10C3	34888	4437.01	4711.83	1	1
GRID-   7-R11C3	292213	5557.00	6507.58	1	1
GRID-   7-R12C3	110281	3750.92	3799.26	1	1
GRID-   7-R1C4	897788	9204.36	9332.02	1	1
GRID-   7-R2C4	703581	9781.20	10709.95	1	1
GRID-   7-R3C4	773319	7983.21	9909.61	1	1
GRID-   7-R4C4	788511	7331.21	7032.01	1	1
GRID-   7-R5C4	897906	7106.09	7411.53	1	1
GRID-   7-R6C4	76362	78206.63	65039.19	1	1
GRID-   7-R7C4	752557	42287.29	40848.02	1	1
GRID-   7-R8C4	23173	6254.13	10722.79	1	1
GRID-   7-R9C4	204335	2920.21	4682.04	1	1
GRID-   7-R10C4	769921	4880.45	5947.80	1	1
GRID-   7-R11C4	46518	5940.53	5602.04	1	1
GRID-   7-R12C4	363597	4125.50	4680.14	1	1
GRID-   7-R1C5	292452	6707.91	5921.56	1	1
GRID-   7-R2C5	786048	7134.99	7454.93	1	1
GRID-   7-R3C5	141589	8208.85	8201.08	1	1
GRID-   7-R4C5	565493	2096.40	2729.27	1	1
GRID-   7-R5C5	201168	4274.91	4521.77	1	1
GRID-   7-R6C5	782339	7002.78	9198.91	1	1
GRID-   7-R7C5	843094	23665.12	26085.34	1	1
GRID-   7-R8C5	427812	10358.52	11372.80	1	1
GRID-   7-R9C5	489079	4976.28	4841.92	1	1
GRID-   7-R10C5	897781	9637.08	9647.33	1	1
GRID-   7-R11C5	774471	8300.37	8994.97	1	1
GRID-   7-R12C5	767202	3980.35	4974.56	1	1
GRID-   7-R1C6	160573	5704.49	6488.60	1	1
GRID-   7-R2C6	161993	9058.14	14931.96	1	1
GRID-   7-R3C6	310034	7789.08	9708.83	1	1
GRID-   7-R4C6	66714	12665.82	12638.95	1	1
GRID-   7-R5C6	842980	1866.97	2644.07	1	1
GRID-   7-R6C6	246722	2822.14	2484.03	1	1
GRID-   7-R7C6	40299	6606.78	6847.05	1	1
GRID-   7-R8C6	79353	8970.74	10784.89	1	1
GRID-   7-R9C6	71545	9716.57	10983.66	1	1
GRID-   7-R10C6	758037	7952.16	8698.30	1	1
GRID-   7-R11C6	786672	8471.81	8891.59	1	1
GRID-   7-R12C6	712023	5603.42	6178.18	1	1
GRID-   7-R1C7	898221	14186.58	15716.68	1	1
GRID-   7-R2C7	375827	130175.41	145015.51	1	1
GRID-   7-R3C7	795382	9412.54	13943.96	1	1
GRID-   7-R4C7	323917	13170.46	11959.18	1	1
GRID-   7-R5C7	323636	3204.85	3943.75	1	1
GRID-   7-R6C7	287843	6122.65	5925.41	1	1
GRID-   7-R7C7	841008	8132.05	7757.48	1	1
GRID-   7-R8C7	826135	41731.68	36916.51	1	1
GRID-   7-R9C7	814765	6092.32	7403.88	1	1
GRID-   7-R10C7	760231	11207.99	15259.76	1	1
GRID-   7-R11C7	782692	7695.66	8658.50	1	1
GRID-   7-R12C7	700792	4109.28	4545.84	1	1
GRID-   7-R1C8	138788	5540.19	5357.88	1	1
GRID-   7-R2C8	383188	11242.85	12210.09	1	1
GRID-   7-R3C8	853151	1466.38	2566.8	3	3
GRID-   7-R4C8	377441	1765.03	2245.21	3	3
GRID-   7-R5C8	590544	2359.28	2383.39	3	3
GRID-   7-R6C8	431805	3144.88	3539.64	3	3
GRID-   7-R7C8	343646	2534.58	2709.24	1	1
GRID-   7-R8C8	357046	7336.91	7744.66	1	1
GRID-   7-R9C8	756211	25516.13	22820.96	1	1
GRID-   7-R10C8	826173	267367.34	259706.87	1	1
GRID-   7-R11C8	786048	6539.09	10095.53	1	1
GRID-   7-R12C8	796198	5479.59	5644.97	1	1
GRID-   7-R1C9	627273	1697.57	1946.54	1	1
GRID-   7-R2C9	277660	2451.01	2784.90	1	1
GRID-   7-R3C9	74677	3505.36	4236.96	1	1
GRID-   7-R4C9	796759	8642.46	10244.43	1	1
GRID-   7-R5C9	49333	2238.35	3087.49	1	1
GRID-   7-R6C9	51022	5240.24	5644.24	1	1
GRID-   7-R7C9	179083	4656.28	4728.02	1	1
GRID-   7-R8C9	460673	5959.97	6004.03	1	1
GRID-   7-R9C9	725308	8492.10	9167.33	1	1
GRID-   7-R10C9	21899	7278.53	11464.18	1	1
GRID-   7-R11C9	244951	6564.37	6300.47	1	1
GRID-   7-R12C9	435953	4809.79	5490.65	1	1
GRID-   7-R1C10	591699	2560.57	2889.28	1	1
GRID-   7-R2C10	138841	11125.62	12184.73	1	1
GRID-   7-R3C10	950997	5189.84	4833.02	1	1
GRID-   7-R4C10	32687	6756.89	7463.00	1	1
GRID-   7-R5C10	784017	1439.51	1895.09	1	1
GRID-   7-R6C10	257773	2707.63	3053.83	1	1
GRID-   7-R7C10	362755	5681.66	5799.05	1	1
GRID-   7-R8C10	261481	5810.45	7058.47	1	1
GRID-   7-R9C10	854581	11386.52	11505.54	1	1
GRID-   7-R10C10	857874	8271.76	8753.66	1	1
GRID-   7-R11C10	487338	3362.32	4597.99	1	1
GRID-   7-R12C10	503579	2170.58	2897.58	1	1
GRID-   7-R1C11	611169	2693.60	2614.78	1	1
GRID-   7-R2C11	323693	1891.34	2046.57	1	1
GRID-   7-R3C11	843385	3870.73	2690.15	1	1
GRID-   7-R4C11	347726	30022.73	26489.32	1	1
GRID-   7-R5C11	283430	2988.92	3303.99	1	1
GRID-   7-R6C11	950568	3387.94	3236.92	1	1
GRID-   7-R7C11	122394	6865.10	7261.98	1	1
GRID-   7-R8C11	429368	7277.33	8249.13	1	1
GRID-   7-R9C11	295857	5945.06	7310.96	1	1
GRID-   7-R10C11	1031076	7164.60	8125.72	1	1
GRID-   7-R11C11	971212	2807.21	4424.91	1	1
GRID-   7-R12C11	773137	2249.59	2717.41	1	1
GRID-   7-R1C12	785930	3869.06	3738.36	1	1
GRID-   7-R2C12	43733	2844.85	3095.47	1	1
GRID-   7-R3C12	767312	2415.52	2606.68	1	1
GRID-   7-R4C12	813738	2761.07	2513.36	1	1
GRID-   7-R5C12	813611	3357.64	2807.76	1	1
GRID-   7-R6C12	26884	2211.19	2288.27	1	1
GRID-   7-R7C12	41208	5527.51	5385.80	1	1
GRID-   7-R8C12	344430	4233.26	5356.37	1	1
GRID-   7-R9C12	854760	1749.22	1923.24	1	1
GRID-   7-R10C12	80221	6229.34	4862.32	1	1
GRID-   7-R11C12	713974	5725.63	5120.06	1	1
GRID-   7-R12C12	361688	3495.04	3909.79	1	1
GRID-   8-R1C1	50506	3639.08	4369.38	1	1
GRID-   8-R2C1	810813	1018.49	1188.03	1	1
GRID-   8-R3C1	210317	3492.32	4344.48	1	1
GRID-   8-R4C1	299154	2904.43	3067.24	1	1
GRID-   8-R5C1	813751	1712.41	1964.49	1	1
GRID-   8-R6C1	812251	1494.52	1691.85	1	1
GRID-   8-R7C1	811012	2244.02	3433.08	1	1
GRID-   8-R8C1	240099	5686.62	5431.19	1	1
GRID-   8-R9C1	340630	1838.53	2225.27	1	1
GRID-   8-R10C1	66731	2939.33	2660.91	1	1
GRID-   8-R11C1	320763	2047.38	2106.15	1	1
GRID-   8-R12C1	724588	2541.99	2445.51	1	1
GRID-   8-R1C2	810899	11979.02	12789.32	1	1
GRID-   8-R2C2	511521	2613.51	3373.12	1	1
GRID-   8-R3C2	245853	908.65	1171.89	1	1
GRID-   8-R4C2	35828	3682.16	5272.66	1	1
GRID-   8-R5C2	741429	3341.23	3981.01	1	1
GRID-   8-R6C2	143519	7594.22	7243.15	1	1
GRID-   8-R7C2	725680	2024.19	2294.39	1	1
GRID-   8-R8C2	810600	2973.12	4003.05	1	1
GRID-   8-R9C2	180803	2979.02	3361.71	1	1
GRID-   8-R10C2	244355	4749.40	6072.66	1	1
GRID-   8-R11C2	32609	2567.23	3145.23	1	1
GRID-   8-R12C2	122274	9805.36	10660.99	1	1
GRID-   8-R1C3	795330	6523.81	7968.83	1	1
GRID-   8-R2C3	486208	2569.24	3712.85	1	1
GRID-   8-R3C3	840325	3266.56	3820.05	1	1
GRID-   8-R4C3	950356	3486.99	4062.08	1	1
GRID-   8-R5C3	826254	2761.28	2905.48	1	1
GRID-   8-R6C3	897642	2085.02	3704.20	1	1
GRID-   8-R7C3	810282	10241.83	14720.94	1	1
GRID-   8-R8C3	325062	3403.00	4949.05	1	1
GRID-   8-R9C3	563451	3210.03	3318.67	1	1
GRID-   8-R10C3	244801	3878.06	4289.37	1	1
GRID-   8-R11C3	756373	2904.42	3489.78	1	1
GRID-   8-R12C3	296476	2578.18	2895.13	1	1
GRID-   8-R1C4	49710	3668.79	4776.30	1	1
GRID-   8-R2C4	815542	5436.08	5946.38	1	1
GRID-   8-R3C4	774751	7529.36	8293.44	1	1
GRID-   8-R4C4	712683	2218.72	2780.48	1	1
GRID-   8-R5C4	67654	5327.96	6188.40	1	1
GRID-   8-R6C4	759164	2465.88	2587.54	1	1
GRID-   8-R7C4	179534	2955.73	3352.55	1	1
GRID-   8-R8C4	166004	5189.14	5829.57	1	1
GRID-   8-R9C4	33941	8434.39	7297.32	1	1
GRID-   8-R10C4	175123	4945.35	5530.50	1	1
GRID-   8-R11C4	135692	4489.69	4302.03	1	1
GRID-   8-R12C4	155583	2701.86	3338.01	1	1
GRID-   8-R1C5	248485	3064.47	3905.31	1	1
GRID-   8-R2C5	469924	3757.16	4250.96	1	1
GRID-   8-R3C5	248856	3345.72	4196.76	1	1
GRID-   8-R4C5	244147	3887.36	4804.54	1	1
GRID-   8-R5C5	261494	4016.41	5279.91	1	1
GRID-   8-R6C5	299600	9033.21	8248.14	1	1
GRID-   8-R7C5	381287	4473.36	4691.26	1	1
GRID-   8-R8C5	814595	8082.81	8953.70	1	1
GRID-   8-R9C5	843426	6119.12	7417.86	1	1
GRID-   8-R10C5	823590	5015.12	7488.14	1	1
GRID-   8-R11C5	897570	5866.69	6893.07	1	1
GRID-   8-R12C5	80708	8172.30	8886.05	1	1
GRID-   8-R1C6	795856	8665.55	10477.33	1	1
GRID-   8-R2C6	771215	3798.48	5731.06	1	1
GRID-   8-R3C6	259587	3150.38	3699.20	1	1
GRID-   8-R4C6	300137	1538.84	2189.44	1	1
GRID-   8-R5C6	232887	2006.77	2288.87	1	1
GRID-   8-R6C6	770595	6310.60	7877.05	1	1
GRID-   8-R7C6	795738	2849.33	3301.41	1	1
GRID-   8-R8C6	826350	3458.55	2916.30	1	1
GRID-   8-R9C6	841093	2777.09	4104.39	1	1
GRID-   8-R10C6	897806	6356.31	7553.26	1	1
GRID-   8-R11C6	687397	3860.21	4460.99	1	1
GRID-   8-R12C6	795543	5018.16	5877.93	1	1
GRID-   8-R1C7	53092	5024.27	5294.61	3	3
GRID-   8-R2C7	769686	1507.21	1666.09	3	3
GRID-   8-R3C7	754034	3609.36	4611.81	3	3
GRID-   8-R4C7	257445	3035.78	3001.8	3	3
GRID-   8-R5C7	877827	1034.31	1070.77	3	3
GRID-   8-R6C7	190468	3160.90	4318.38	1	1
GRID-   8-R7C7	566887	5486.78	6089.61	1	1
GRID-   8-R8C7	784224	2578.39	2595.30	1	1
GRID-   8-R9C7	789012	3361.57	3879.99	1	1
GRID-   8-R10C7	504774	3798.87	4693.24	1	1
GRID-   8-R11C7	700527	2938.05	3516.11	1	1
GRID-   8-R12C7	788654	4798.25	5606.69	1	1
GRID-   8-R1C8	491763	4297.80	5045.42	1	1
GRID-   8-R2C8	884644	5349.57	6207.04	1	1
GRID-   8-R3C8	362059	4827.64	5712.08	1	1
GRID-   8-R4C8	731648	4070.87	4501.00	1	1
GRID-   8-R5C8	362718	6922.25	7858.24	1	1
GRID-   8-R6C8	756709	2139.34	2680.78	1	1
GRID-   8-R7C8	62277	2896.96	3101.21	1	1
GRID-   8-R8C8	594743	4470.18	5772.91	1	1
GRID-   8-R9C8	172440	2134.21	2098.16	1	1
GRID-   8-R10C8	109179	2837.26	3629.85	1	1
GRID-   8-R11C8	207618	3047.96	3421.38	1	1
GRID-   8-R12C8	322617	2822.06	3085.27	1	1
GRID-   8-R1C9	593537	2368.08	2818.22	1	1
GRID-   8-R2C9	76481	2001.42	2495.42	1	1
GRID-   8-R3C9	342349	3106.15	3516.10	1	1
GRID-   8-R4C9	592802	4404.39	5675.27	1	1
GRID-   8-R5C9	869187	4397.97	5780.13	1	1
GRID-   8-R6C9	77244	6126.31	6269.54	1	1
GRID-   8-R7C9	148028	3950.24	3966.24	1	1
GRID-   8-R8C9	121406	3357.68	4380.76	1	1
GRID-   8-R9C9	220655	4148.10	5564.77	1	1
GRID-   8-R10C9	304908	3027.83	4923.60	1	1
GRID-   8-R11C9	429448	2924.96	3108.57	1	1
GRID-   8-R12C9	531957	3027.47	3450.95	1	1
GRID-   8-R1C10	743739	2243.28	2971.73	1	1
GRID-   8-R2C10	328567	2749.58	2967.89	1	1
GRID-   8-R3C10	143997	2463.14	2896.40	1	1
GRID-   8-R4C10	220293	899.27	1060.05	1	1
GRID-   8-R5C10	809657	1075.30	1104.86	1	1
GRID-   8-R6C10	843046	4002.36	4368.13	1	1
GRID-   8-R7C10	504673	74860.86	79272.98	1	1
GRID-   8-R8C10	1031552	12067.18	13725.14	1	1
GRID-   8-R9C10	882571	10035.16	9158.01	1	1
GRID-   8-R10C10	239446	16697.51	21795.48	1	1
GRID-   8-R11C10	725395	4960.88	5882.06	1	1
GRID-   8-R12C10	278650	15320.19	21259.64	1	1
GRID-   8-R1C11	262262	1316.29	1585.93	1	1
GRID-   8-R2C11	287705	1471.97	1828.02	1	1
GRID-   8-R3C11	344942	2059.28	2344.24	1	1
GRID-   8-R4C11	592125	3180.18	3756.62	1	1
GRID-   8-R5C11	742806	2315.56	2478.83	1	1
GRID-   8-R6C11	260768	3011.64	3055.29	1	1
GRID-   8-R7C11	897006	6521.01	8057.27	1	1
GRID-   8-R8C11	725321	7310.76	8887.90	1	1
GRID-   8-R9C11	365515	4170.00	4394.20	1	1
GRID-   8-R10C11	255333	13514.08	16177.29	1	1
GRID-   8-R11C11	586888	3399.11	3665.37	1	1
GRID-   8-R12C11	489839	3103.20	3062.20	1	1
GRID-   8-R1C12	752550	1162.14	1418.26	1	1
GRID-   8-R2C12	813689	1553.70	1822.39	1	1
GRID-   8-R3C12	813585	2950.74	3034.95	1	1
GRID-   8-R4C12	811813	12011.02	13049.65	1	1
GRID-   8-R5C12	687972	1484.23	1691.26	1	1
GRID-   8-R6C12	27404	2646.20	2993.90	1	1
GRID-   8-R7C12	51210	7883.18	8546.30	1	1
GRID-   8-R8C12	773479	154761.58	201500.03	1	1
GRID-   8-R9C12	364141	7447.59	9232.53	1	1
GRID-   8-R10C12	52226	3385.73	3932.19	1	1
GRID-   8-R11C12	868304	3182.51	3354.39	1	1
GRID-   8-R12C12	432210	4097.37	4731.88	1	1
