2002 3 30 1.144658 
48 
81 
1.230157 -1.061977 -3.090343
1.473836 -1.251836 -3.441792
1.626917 -1.366035 -3.658626
1.732002 -1.442502 -3.788510
2.000627 -1.630859 -4.127608
2.272646 -1.816333 -4.465456
2.275012 -1.817921 -4.468553
2.552968 -2.024625 -4.757398
2.831552 -2.224106 -5.044967
3.114017 -2.412187 -5.324319
3.393918 -2.586678 -5.601123
3.678003 -2.748308 -5.870317
3.777567 -2.801738 -5.963963
3.964676 -2.943780 -6.087500
4.264199 -3.141368 -6.266976
4.575484 -3.335944 -6.426208
4.932555 -3.512893 -6.541613
5.347037 -3.700124 -6.591419
5.387233 -3.705024 -6.584915
5.802460 -3.890598 -6.448682
5.846197 -3.919848 -6.433802
6.350159 -3.998613 -6.303750
6.724622 -3.807009 -6.192908
7.112191 -3.789755 -5.889023
7.763824 -3.319802 -5.502584
7.816438 -3.272228 -5.462110
7.857304 -3.261668 -5.406228
8.062298 -3.214972 -5.119087
8.243421 -3.002889 -4.977301
8.707951 -2.364578 -4.542203
9.032819 -2.173375 -3.936368
9.457817 -1.333673 -3.440506
9.514086 -1.220093 -3.267753
9.923322 -0.359267 -2.006020
9.935496 -0.333455 -1.965851
9.942873 -0.301932 -1.946147
9.957669 0.000000 -1.755068
9.969225 0.282310 -1.576318
9.970840 0.346535 -1.535589
9.988777 0.469151 -1.256518
10.003031 0.591751 -0.980830
10.010923 0.689162 -0.761770
10.013288 0.766322 -0.564913
10.011646 0.837353 -0.382057
10.005974 0.907779 -0.198696
9.995598 0.983237 0.000000
9.995597 0.983246 0.000021
9.974212 1.088454 0.238243
9.942231 1.226558 0.559640
9.890760 1.433267 1.056569
9.871665 1.505253 1.233960
9.343538 2.663599 2.445539
9.289385 2.739933 2.498762
8.566024 3.357628 3.689435
8.555134 3.360030 3.714029
8.550584 3.361101 3.723118
7.777961 3.804587 4.536223
7.604190 3.826495 4.764383
6.931274 4.135324 5.245710
6.539237 4.141589 5.594212
6.119352 4.313258 5.755882
5.478559 4.295998 6.028287
5.320490 4.206428 6.091593
4.990838 4.150208 6.093114
4.571497 3.929899 6.098018
4.224659 3.704736 6.020050
4.126631 3.618968 5.998457
3.880321 3.431007 5.934582
3.864482 3.418764 5.930295
3.528180 3.227853 5.748579
3.212887 3.017976 5.527232
2.913784 2.806873 5.283998
2.621948 2.580267 5.031689
2.497609 2.476352 4.924477
2.341881 2.356681 4.742159
2.074274 2.139034 4.422379
1.811418 1.916255 4.097584
1.556474 1.685974 3.770011
1.334457 1.472300 3.467922
1.315281 1.453625 3.436470
1.091667 1.232183 3.084400
81 
1.132851 -1.117130 -3.116045
1.264790 -1.234144 -3.341071
1.306660 -1.271032 -3.404182
1.360350 -1.318214 -3.478376
1.606641 -1.523380 -3.820238
1.861779 -1.728804 -4.159444
2.123023 -1.932224 -4.494573
2.389432 -2.131505 -4.824168
2.455647 -2.180767 -4.911814
2.655099 -2.340473 -5.122434
2.926798 -2.545096 -5.400709
3.198108 -2.737748 -5.673612
3.471226 -2.921224 -5.938538
3.749479 -3.098412 -6.192463
3.971179 -3.223434 -6.367871
4.047606 -3.279516 -6.410241
4.341503 -3.493011 -6.575098
4.663766 -3.704581 -6.704714
5.032177 -3.954308 -6.765174
5.293818 -4.035243 -6.688432
5.524783 -4.173378 -6.660031
5.547837 -4.193010 -6.651908
6.038346 -4.331036 -6.493567
6.782761 -4.024821 -6.141939
6.973407 -4.030834 -5.971385
7.845683 -3.467082 -5.362116
7.977751 -3.444833 -5.167822
8.482114 -2.856302 -4.734332
8.727572 -2.515949 -4.486210
8.989121 -2.375425 -3.986094
9.475151 -1.411024 -3.413173
9.635601 -1.089307 -2.917470
9.906748 -0.522180 -2.067038
9.950793 -0.351254 -1.961281
9.955977 -0.328928 -1.947306
9.972112 0.000000 -1.739176
9.983371 0.279746 -1.562005
9.989330 0.525244 -1.406751
9.990987 0.758786 -1.257690
9.988346 0.997290 -1.102361
9.979267 1.256990 -0.926621
9.962564 1.565291 -0.714192
9.949465 1.745810 -0.587811
9.946177 1.818697 -0.398080
9.931573 1.969908 0.000000
9.931570 1.969926 0.000042
9.931570 1.969926 0.000042
9.788571 2.276512 0.498288
9.485364 3.009786 1.373270
9.386397 3.251639 1.645323
9.141389 3.663262 1.968869
8.757711 3.989878 2.941239
8.674897 4.058045 3.099793
8.211081 4.535979 3.503393
7.766997 4.695459 4.174744
7.225620 5.064408 4.557434
6.722979 5.147070 5.096735
6.267745 5.352635 5.314204
5.569959 5.287285 5.800201
5.549936 5.267499 5.822460
5.521859 5.256409 5.847287
4.374590 5.322467 6.559446
4.040070 5.442383 6.641104
3.254325 5.192841 6.884756
3.124552 5.019316 6.877995
2.969179 4.817561 6.801311
2.700674 4.520075 6.619780
2.490121 4.217420 6.401829
2.282053 3.929924 6.161839
2.085085 3.641146 5.905824
1.963117 3.461775 5.737907
1.883989 3.359466 5.628433
1.869777 3.342478 5.611805
1.671547 3.073559 5.308891
1.459729 2.785271 4.981533
1.254673 2.498032 4.644937
1.064728 2.213565 4.296054
0.970093 2.071234 4.119235
0.886289 1.928021 3.931564
0.727057 1.648493 3.552598
0.582126 1.382835 3.170928
76 
0.899781 -1.195604 -3.172650
1.093421 -1.416080 -3.541850
1.303649 -1.639627 -3.910972
1.525197 -1.867834 -4.276823
1.605467 -1.947712 -4.410089
1.759549 -2.093613 -4.623355
1.996322 -2.317831 -4.955626
2.235404 -2.533062 -5.282942
2.474681 -2.743685 -5.603505
2.718226 -2.946966 -5.916198
2.821764 -3.034549 -6.052137
2.964151 -3.150606 -6.199891
3.199286 -3.356234 -6.466454
3.448446 -3.563890 -6.711721
3.704131 -3.786488 -6.936282
4.001100 -4.037694 -7.110723
4.315550 -4.335041 -7.185348
4.348662 -4.370697 -7.200558
4.364821 -4.388704 -7.209159
4.633996 -4.709482 -7.228610
5.292748 -4.744461 -7.087094
5.718056 -4.423678 -7.009825
6.145085 -4.151269 -6.880746
6.811353 -3.475870 -6.513133
6.912153 -3.442772 -6.435320
7.854589 -2.433355 -5.914146
7.966853 -2.353836 -5.778905
8.112870 -2.121902 -5.683050
8.774265 -1.016777 -5.083964
8.880228 -0.894687 -4.891795
8.887855 -0.874502 -4.882909
9.188237 0.000000 -4.451543
9.393186 0.715831 -3.996947
9.540684 1.301573 -3.502825
9.541754 1.305903 -3.497576
9.614379 1.756483 -2.911377
9.658262 2.143360 -2.369176
9.673328 2.485183 -1.832015
9.660109 2.824741 -1.288839
9.592228 3.199275 -0.700263
9.466404 3.698359 0.000000
9.466383 3.698423 0.000079
9.466383 3.698423 0.000079
8.931132 4.732654 1.035893
8.903154 4.780083 1.082112
8.757683 4.905698 1.570860
8.289763 5.305376 2.420675
7.907428 5.630778 2.940986
7.868767 5.634599 3.029259
6.922814 5.964332 4.196032
6.842707 5.915646 4.360868
6.798528 5.910583 4.425017
5.759360 6.111465 5.327194
5.669373 6.085223 5.424665
4.659604 6.128814 6.024001
4.391205 5.827919 6.223213
4.267305 5.751497 6.213211
4.197401 5.658071 6.254181
3.608409 5.280217 6.543994
3.280746 4.873294 6.543287
3.042502 4.591269 6.480116
2.992059 4.535121 6.444232
2.760434 4.220137 6.244052
2.535103 3.924941 6.016638
2.321770 3.631048 5.771187
2.113157 3.344374 5.506651
2.077336 3.295830 5.462853
1.884953 3.063901 5.221106
1.795586 2.959540 5.116997
1.653354 2.777617 4.909585
1.432909 2.489145 4.578045
1.223979 2.204712 4.235907
1.028510 1.927240 3.883080
0.892406 1.719541 3.611831
0.852803 1.653634 3.518476
0.689811 1.387508 3.143824
70 
1.378557 -0.800538 -3.090053
1.644650 -0.930210 -3.442240
1.925734 -1.050554 -3.798621
1.960522 -1.064091 -3.844206
2.221994 -1.205615 -4.122741
2.521008 -1.350216 -4.442639
2.826726 -1.474141 -4.757340
3.135295 -1.572517 -5.068870
3.358897 -1.624200 -5.301022
3.441273 -1.671959 -5.364520
3.751872 -1.832223 -5.605340
4.072582 -1.961924 -5.832635
4.398924 -2.064061 -6.050801
4.743570 -2.107828 -6.258096
4.984513 -2.108082 -6.389737
5.102449 -2.158735 -6.424088
5.478729 -2.194482 -6.526916
5.897963 -2.172849 -6.586454
6.446217 -1.784709 -6.587132
6.447869 -1.784699 -6.586518
7.016787 -1.469612 -6.389549
7.356875 -1.122015 -6.264938
7.635610 -0.796652 -6.098410
7.699660 -0.757560 -6.034842
8.305889 0.000000 -5.459698
8.398138 0.134010 -5.339238
8.630990 0.646203 -5.022418
8.762125 0.856156 -4.780474
9.119312 1.473080 -3.945323
9.163495 1.559387 -3.792367
9.246480 2.047823 -3.394275
9.321743 2.590260 -2.863160
9.346387 3.090715 -2.278397
9.306603 3.611972 -1.648027
9.153317 4.244835 -0.929117
8.809169 5.220505 0.000000
8.809113 5.220620 0.000112
8.809113 5.220620 0.000112
8.761126 5.292778 0.056865
8.413221 5.619666 1.230044
7.920509 6.074374 2.168111
7.657626 6.299249 2.399152
7.505435 6.262142 2.857217
6.866216 6.399585 3.821413
6.595301 6.534422 4.016846
6.175828 6.390812 4.711147
5.704845 6.428723 5.163892
5.337536 6.561650 5.383899
4.506094 6.507667 6.107493
3.684612 6.634933 6.415927
3.305315 6.248084 6.547887
3.199999 5.998112 6.630047
3.171068 5.968170 6.652323
2.760477 5.595767 6.877791
2.539797 5.087856 6.837552
2.331252 4.733513 6.669540
2.147411 4.399968 6.463634
1.961232 4.090672 6.231157
1.932927 4.044166 6.196818
1.787285 3.772366 5.962185
1.618978 3.463928 5.669756
1.560044 3.362454 5.573284
1.434824 3.164333 5.354981
1.245262 2.865019 5.026788
1.057251 2.567642 4.690152
1.020917 2.508655 4.624733
0.888490 2.260054 4.328893
0.729904 1.959156 3.956843
0.588719 1.673883 3.575135
0.463656 1.402363 3.188827
66 
1.244470 -0.696690 -3.183437
1.490311 -0.803395 -3.556138
1.751089 -0.895127 -3.933292
2.025537 -0.968988 -4.311501
2.240002 -1.011811 -4.615689
2.300615 -1.032445 -4.686792
2.587491 -1.091546 -5.032376
2.877923 -1.107116 -5.378405
3.171361 -1.070029 -5.726866
3.269196 -1.047302 -5.847764
3.493770 -0.979398 -6.041154
3.638121 -0.921311 -6.166029
3.848501 -0.898783 -6.288556
4.206071 -0.762780 -6.509853
4.586000 -0.524238 -6.711001
5.021680 -0.152936 -6.867533
5.057789 -0.116490 -6.881423
5.233332 0.000000 -6.954730
5.436090 0.161226 -6.937601
5.947718 0.670387 -6.838057
6.239816 1.205296 -6.729949
6.387645 1.514290 -6.571673
6.556669 1.688992 -6.440363
6.827256 2.309786 -6.186256
7.101069 2.958048 -5.702026
7.224107 3.285617 -5.445922
7.572506 4.130317 -4.565471
7.610489 4.207504 -4.458189
7.708312 4.406479 -4.152535
7.852382 4.853385 -3.577793
8.056198 5.423414 -2.474530
8.130516 5.632909 -1.689786
8.103563 5.881504 -1.287354
7.899544 6.461261 0.000000
7.899501 6.461313 0.000138
7.899501 6.461313 0.000138
7.516716 6.898371 0.809155
7.424048 6.928902 1.516612
6.898217 6.881811 3.075434
6.862772 6.890687 3.144001
6.308327 7.068134 3.740706
5.739651 6.827873 4.778701
5.473195 6.794867 5.009007
5.271712 6.838966 5.158814
4.512477 6.662697 5.972596
3.484489 6.755994 6.463364
3.204366 6.442293 6.608621
3.116652 6.322323 6.617238
3.018899 6.054515 6.692393
2.599586 5.620937 6.946089
2.408500 5.110592 6.893162
2.218289 4.754208 6.717881
2.042618 4.420135 6.509029
1.942687 4.253765 6.390933
1.864412 4.105792 6.262271
1.698401 3.784791 5.988459
1.535503 3.476001 5.695259
1.482912 3.382402 5.606348
1.357022 3.175923 5.378944
1.174773 2.875614 5.049208
1.030021 2.643239 4.790230
0.993359 2.574044 4.707434
0.831897 2.263206 4.341798
0.679927 1.961957 3.968375
0.544510 1.676240 3.585119
0.425796 1.404031 3.196756
60 
1.553561 0.563425 -3.070216
1.567546 0.570099 -3.088115
1.845607 0.687735 -3.390105
2.149087 0.829580 -3.705064
2.462097 0.999274 -4.008819
2.784312 1.188869 -4.299089
2.923195 1.282680 -4.424997
3.113079 1.384076 -4.561197
3.448172 1.590375 -4.792665
3.782448 1.839749 -5.000999
3.825086 1.877170 -5.027588
4.116736 2.126409 -5.150775
4.456023 2.449569 -5.260110
4.524709 2.527682 -5.280977
4.784954 2.780991 -5.329996
5.119461 3.166519 -5.343837
5.159267 3.224543 -5.344693
5.448525 3.581918 -5.264855
5.791457 4.108776 -5.059326
5.964634 4.435637 -4.902959
6.154527 4.703879 -4.678965
6.378558 5.153867 -4.317472
6.495039 5.383643 -4.103742
6.518954 5.478843 -4.038865
6.774379 6.143632 -3.185221
6.813625 6.398434 -2.919401
6.955373 7.086501 -1.551106
6.955302 7.093503 -1.521777
6.889271 7.529715 0.000000
6.889247 7.529732 0.000161
6.889247 7.529732 0.000161
6.578218 7.721121 1.690015
5.922250 7.800404 3.215964
5.864553 7.727365 3.525752
5.814748 7.694458 3.642644
4.865102 7.342159 5.007003
4.775565 7.160065 5.278222
4.521830 7.040984 5.607862
3.235814 6.972540 6.534178
2.989612 6.961469 6.615612
2.674599 6.402924 6.808238
2.631165 6.204176 6.857821
2.184959 5.614880 7.174808
2.070140 5.124465 7.069706
1.948802 4.836962 6.913102
1.926299 4.768595 6.866923
1.772029 4.426302 6.624259
1.618046 4.110023 6.354206
1.471388 3.791460 6.074185
1.322305 3.485644 5.776144
1.321313 3.483775 5.774373
1.153610 3.188755 5.450037
1.038790 2.984471 5.227251
0.991670 2.883300 5.109481
0.832656 2.570733 4.748665
0.688142 2.261049 4.379489
0.552979 1.960741 4.001695
0.432211 1.675524 3.613719
0.408830 1.617965 3.536644
0.329905 1.384174 3.220903
58 
1.484164 0.923141 -3.005328
1.745591 1.109785 -3.321230
1.756991 1.117248 -3.332754
2.042225 1.321948 -3.645032
2.146514 1.404638 -3.762015
2.343061 1.548153 -3.928587
2.649501 1.795488 -4.187985
2.956666 2.070792 -4.427393
3.181774 2.298643 -4.601485
3.257418 2.367301 -4.645782
3.553238 2.676311 -4.830497
3.823530 3.008898 -4.987261
3.838746 3.023749 -4.990656
4.149296 3.381929 -5.051948
4.445257 3.803800 -5.067993
4.741163 4.314651 -5.005122
4.820183 4.504132 -4.978671
5.042215 4.818933 -4.847884
5.044329 4.821840 -4.846064
5.317809 5.399657 -4.544366
5.457172 5.846585 -4.309955
5.559558 6.072378 -4.081122
5.810300 6.758593 -3.375952
5.814632 6.997581 -3.192772
5.944664 7.605574 -2.141884
5.914090 7.931176 -1.735990
5.807352 8.507732 0.000000
5.807323 8.507749 0.000182
5.807323 8.507749 0.000182
5.591303 8.634769 1.202442
5.412502 8.751290 1.915501
5.093198 8.756904 2.584116
4.894334 8.414173 3.839121
4.611133 8.247520 4.388247
4.005049 7.970868 5.094159
3.865786 7.574696 5.583878
3.243782 7.348289 6.272844
2.094337 7.199739 6.908411
2.001716 6.583249 7.035255
2.000123 6.397825 7.071872
1.903288 6.126867 7.264760
1.817199 5.743565 7.256767
1.769690 5.228328 7.123396
1.661017 4.833421 6.914227
1.536245 4.482607 6.670286
1.404331 4.160223 6.399376
1.274461 3.837160 6.118885
1.137362 3.527747 5.821236
1.119888 3.491170 5.786631
1.029190 3.318650 5.600302
0.987073 3.220003 5.490545
0.845585 2.901988 5.134827
0.704084 2.587333 4.772352
0.573129 2.275714 4.401725
0.451412 1.973205 4.021860
0.415881 1.886820 3.911520
0.342953 1.665556 3.631543
0.255890 1.370849 3.234857
59 
1.396265 1.094736 -3.000915
1.467302 1.158405 -3.102535
1.660817 1.317195 -3.313806
1.937477 1.560687 -3.611125
1.939702 1.562518 -3.613049
2.226157 1.821861 -3.885201
2.510720 2.104960 -4.144420
2.788285 2.409462 -4.392096
3.053396 2.746261 -4.624587
3.101382 2.817565 -4.670125
3.353554 3.090820 -4.779286
3.479960 3.255018 -4.838718
3.644640 3.454968 -4.886109
3.918127 3.861201 -4.951259
4.145257 4.343293 -4.996088
4.206044 4.522040 -4.998466
4.399122 4.841445 -4.913817
4.642914 5.380270 -4.746391
4.796714 6.090624 -4.489854
4.797106 6.091311 -4.489240
4.965907 6.780157 -3.975167
5.010834 7.489422 -3.417184
5.053812 7.630074 -3.199298
5.010689 8.541687 -2.025031
4.970769 8.666467 -1.896932
4.634434 9.478670 0.000000
4.634404 9.478683 0.000203
4.634404 9.478683 0.000203
4.497144 9.544504 0.823456
4.062343 9.779302 2.140514
3.287988 9.568599 3.936534
3.136417 9.491243 4.330554
2.814399 9.373348 4.749547
1.972859 8.458662 6.235516
1.794476 8.509446 6.364233
0.217592 8.361149 7.581917
0.018330 8.476016 7.648692
-0.209862 8.379802 7.657051
-0.240300 7.795065 7.686547
0.004643 7.232273 7.647975
0.129529 6.880731 7.605655
0.168443 6.705334 7.549255
0.283857 6.213757 7.368436
0.374006 5.764875 7.152806
0.414424 5.335949 6.922892
0.413288 4.932081 6.673759
0.379682 4.541935 6.412434
0.327281 4.169931 6.133020
0.271160 3.804711 5.840514
0.211276 3.452444 5.537459
0.210687 3.447492 5.533547
0.175497 3.238940 5.368557
0.151236 3.063691 5.199442
0.090929 2.694538 4.834024
0.038075 2.341767 4.456003
-0.004567 2.001006 4.068398
-0.034730 1.679111 3.669748
-0.044705 1.581300 3.545807
-0.056790 1.366045 3.263745
40 
0.695909 1.969462 -2.812261
0.862200 2.383170 -3.068088
0.885660 2.446064 -3.106023
1.038231 2.822584 -3.296918
1.146557 3.103800 -3.430805
1.225087 3.286024 -3.476986
1.432893 3.775379 -3.579839
1.650707 4.290318 -3.643579
1.799981 4.663589 -3.671261
1.870378 4.827153 -3.662935
1.920161 4.966277 -3.661014
2.093762 5.373172 -3.526787
2.327189 5.940037 -3.294585
2.572492 6.527421 -3.000062
2.580447 6.550580 -2.988820
2.776060 7.123450 -2.390987
2.997221 7.720284 -1.689830
2.999558 7.731401 -1.657358
3.090527 8.296249 -0.000030
3.090528 8.296258 0.000000
3.090527 8.296236 0.000177
3.090527 8.296236 0.000177
3.088455 8.120713 1.777479
2.791958 7.391613 2.996597
2.725116 7.205415 3.287603
2.570847 6.706207 3.610568
2.351957 6.089030 3.950762
2.177019 5.643027 4.159899
2.136360 5.511425 4.170064
1.946557 4.967753 4.188716
1.848178 4.721633 4.187404
1.747019 4.450495 4.154023
1.549729 3.952060 4.070448
1.409384 3.614830 3.995674
1.358374 3.475168 3.933564
1.179187 3.025284 3.717031
1.008144 2.598903 3.476777
0.901154 2.342304 3.317219
0.844530 2.197278 3.211226
0.694818 1.819043 2.924332
55 
0.932884 1.500141 -3.013330
1.107313 1.815905 -3.343201
1.267701 2.162535 -3.672827
1.312553 2.280588 -3.780083
1.466257 2.529902 -3.954954
1.655638 2.861462 -4.171487
1.688083 2.913657 -4.199567
1.891529 3.317611 -4.414101
2.066829 3.763989 -4.604848
2.201577 4.254907 -4.775825
2.214149 4.346812 -4.804777
2.393655 4.746632 -4.830758
2.570012 5.260425 -4.844602
2.686947 5.846113 -4.806698
2.684958 6.431160 -4.740889
2.713422 6.511326 -4.704794
2.831907 7.122340 -4.434163
2.828383 7.852565 -4.050516
2.681726 8.337123 -3.803962
2.721169 8.628681 -3.491091
2.606849 9.376163 -2.716088
2.349298 9.908657 -2.168825
2.322563 10.168632 -1.564440
1.761935 10.966057 -0.029526
1.748130 10.981007 0.000000
1.748040 10.981050 0.000235
1.748040 10.981050 0.000235
0.853173 11.336634 2.372493
0.784369 11.368052 2.488263
0.194113 10.739823 4.900240
-0.174346 10.665987 5.364345
-0.946599 10.023324 6.291533
-0.751999 9.390640 6.922546
-1.036780 8.566278 7.566493
-0.770804 7.919649 7.628431
-0.472838 7.340586 7.605183
-0.252684 6.823909 7.542847
-0.246104 6.803546 7.536214
-0.119775 6.300801 7.366360
-0.034327 5.845122 7.161106
0.015075 5.410246 6.938950
0.026750 5.001252 6.696353
0.016945 4.605649 6.439528
-0.010742 4.242511 6.174801
-0.011088 4.226974 6.164054
-0.037281 3.813618 5.881557
-0.068914 3.411994 5.583910
-0.077042 3.329986 5.519466
-0.095178 3.034584 5.235893
-0.121310 2.669105 4.868431
-0.140382 2.319376 4.487360
-0.154093 2.080736 4.217859
-0.154883 1.974047 4.095759
-0.160406 1.635373 3.692487
-0.156545 1.322736 3.282212
60 
0.752099 1.577768 -3.037523
0.854540 1.830003 -3.304574
0.889232 1.913483 -3.381805
0.979812 2.206861 -3.657881
1.016607 2.279234 -3.710518
1.196198 2.662509 -3.978922
1.368177 3.071496 -4.229177
1.518944 3.514123 -4.458241
1.633494 3.994205 -4.666943
1.674623 4.342667 -4.800195
1.732836 4.501367 -4.827436
1.895641 5.009049 -4.894562
1.917710 5.143339 -4.908771
1.989991 5.565886 -4.915115
1.994928 6.208091 -4.883431
1.949918 6.499136 -4.861792
1.935202 6.586575 -4.855456
1.950218 6.655910 -4.831061
1.996640 6.867641 -4.738617
1.999494 7.537399 -4.455688
1.932078 7.888758 -4.298975
1.840357 8.307108 -4.096759
1.691956 8.636620 -3.940613
1.692529 9.025712 -3.578709
1.474809 9.721092 -2.977265
1.032916 10.421551 -2.281088
1.015032 10.524413 -2.051216
0.559395 11.150295 -1.025900
-0.064909 11.696850 0.000000
-0.064960 11.696877 0.000250
-0.064960 11.696877 0.000250
-0.198029 11.759736 0.623867
-1.196463 12.086845 2.266446
-1.481818 12.174780 2.664841
-2.269385 11.454707 5.226419
-2.571816 11.415855 5.584963
-3.200285 10.018185 7.274963
-3.150033 9.956154 7.339430
-2.865184 9.088939 7.687659
-2.303419 8.460712 7.757979
-1.820292 7.902699 7.745073
-1.447554 7.372416 7.692724
-1.182144 6.909598 7.637564
-1.150197 6.848539 7.616376
-0.987065 6.362409 7.429819
-0.879172 5.910051 7.213288
-0.783895 5.470840 6.981988
-0.716022 5.041635 6.737629
-0.660257 4.618584 6.482284
-0.622019 4.204279 6.213717
-0.586455 3.796062 5.932773
-0.555037 3.401254 5.637594
-0.554700 3.398697 5.635227
-0.537733 3.166539 5.418885
-0.521197 3.009630 5.280256
-0.489893 2.615274 4.911656
-0.452467 2.238974 4.530516
-0.413750 1.887496 4.134608
-0.370388 1.561858 3.725696
-0.322053 1.259987 3.308453
66 
0.638215 1.586415 -3.059621
0.748858 1.926758 -3.412661
0.819516 2.236960 -3.707771
0.846475 2.300763 -3.755438
0.994435 2.684349 -4.042049
0.997687 2.692202 -4.046916
1.132821 3.109197 -4.306574
1.243234 3.560637 -4.544469
1.314623 4.050021 -4.761343
1.324725 4.445339 -4.913684
1.360577 4.570224 -4.935193
1.458532 5.092116 -5.011563
1.498433 5.664098 -5.046358
1.442246 6.298085 -5.041367
1.319116 6.804180 -5.015870
1.334210 6.971567 -4.953967
1.263661 7.638997 -4.706708
1.024933 8.394657 -4.381885
0.712408 8.986932 -4.100450
0.692679 9.190667 -3.909930
0.368774 9.898961 -3.330308
0.334100 9.946624 -3.291428
-0.225002 10.642102 -2.633335
-0.519652 10.910413 -2.388091
-0.777322 11.274540 -1.730364
-1.583821 11.882923 -0.612882
-2.219504 12.236219 0.000000
-2.219638 12.236278 0.000262
-2.219638 12.236278 0.000262
-2.516114 12.349904 0.648668
-3.415612 12.628345 1.898676
-4.346156 12.829828 2.808219
-4.565530 12.693709 3.553821
-5.939480 12.613945 5.063310
-5.962142 12.617043 5.074020
-6.523293 12.500126 5.703411
-6.806001 11.581960 6.796202
-6.408116 10.555716 7.628404
-6.274181 10.450002 7.703482
-5.803700 9.892533 7.783900
-5.005109 9.313169 7.875019
-4.322290 8.763036 7.917636
-3.711550 8.215221 7.948655
-3.631156 8.128561 7.954152
-3.187535 7.694884 7.911056
-2.763987 7.195945 7.838769
-2.683521 7.079957 7.825871
-2.454885 6.702192 7.696337
-2.177878 6.238015 7.508108
-1.955856 5.803320 7.291852
-1.857334 5.557282 7.162727
-1.781479 5.355359 7.072467
-1.636329 4.889364 6.848684
-1.499474 4.433340 6.611350
-1.373667 3.988907 6.358078
-1.308756 3.746592 6.209993
-1.247077 3.561262 6.065678
-1.127949 3.155094 5.727932
-1.015323 2.766618 5.373955
-0.906657 2.398754 5.002514
-0.800692 2.048520 4.615550
-0.741811 1.842444 4.370174
-0.700838 1.712564 4.212673
-0.627837 1.453312 3.892382
-0.599389 1.386022 3.794116
-0.492718 1.100005 3.344505
67 
0.176531 1.600734 -3.131841
0.185047 1.964894 -3.505621
0.168947 2.302031 -3.815625
0.177500 2.367854 -3.862339
0.214894 2.800435 -4.162087
0.232960 3.265615 -4.437683
0.215574 3.760802 -4.689544
0.141705 4.290903 -4.912652
0.086926 4.523694 -5.000294
0.085397 4.848120 -5.054279
0.064656 5.077689 -5.088272
0.037749 5.422256 -5.123301
-0.086611 6.019739 -5.165985
-0.250375 6.483329 -5.172525
-0.314030 6.663238 -5.161414
-0.465818 6.975625 -5.142255
-0.517305 7.322292 -5.023365
-0.741480 8.000860 -4.756913
-1.132021 8.709987 -4.422736
-1.468943 9.163215 -4.180882
-1.572967 9.421510 -3.928341
-1.954655 10.085749 -3.289701
-2.610183 10.756930 -2.591961
-2.830773 10.940329 -2.394639
-3.084821 11.331491 -1.631009
-3.708824 11.855303 -0.625315
-4.346900 12.166034 -0.000114
-4.347023 12.166087 0.000000
-4.347029 12.166148 0.000260
-4.347029 12.166148 0.000260
-4.372627 12.276550 0.570148
-4.793873 12.459612 1.295915
-5.043676 12.558289 1.755742
-6.041889 12.782684 2.797901
-6.036506 12.774646 2.863039
-6.870099 12.518683 4.863331
-7.387894 12.408085 5.661415
-7.139320 11.184073 7.362989
-6.861185 10.647078 7.848762
-6.455731 10.282299 7.956137
-5.887321 9.676224 8.002319
-5.100092 9.132186 8.051869
-4.418676 8.601326 8.073251
-3.806849 8.059876 8.097999
-3.389542 7.617609 8.118452
-3.283515 7.522925 8.096685
-3.077819 7.289527 8.057521
-2.888380 7.051467 7.961166
-2.590809 6.577487 7.786015
-2.301939 6.127150 7.589026
-2.274679 6.074272 7.563595
-2.070519 5.655945 7.392554
-1.887323 5.185616 7.183024
-1.729327 4.728156 6.955983
-1.580529 4.280977 6.714827
-1.472810 3.927177 6.509314
-1.440475 3.845684 6.448487
-1.302031 3.429499 6.125004
-1.174432 3.034208 5.783385
-1.055136 2.656667 5.425169
-0.940238 2.299350 5.049435
-0.828750 1.960152 4.657684
-0.807653 1.886568 4.569287
-0.725096 1.625464 4.251253
-0.706143 1.555727 4.166679
-0.605190 1.311721 3.813696
-0.497150 1.036548 3.361252
62 
-0.289256 1.536935 -3.175446
-0.379831 1.899846 -3.562284
-0.497886 2.295681 -3.936417
-0.553895 2.456575 -4.071783
-0.611586 2.741388 -4.253073
-0.729125 3.208807 -4.531754
-0.882946 3.704212 -4.780018
-1.081756 4.227817 -4.994523
-1.274473 4.638393 -5.127077
-1.313682 4.788016 -5.143430
-1.519619 5.372340 -5.192344
-1.792992 5.981263 -5.193191
-2.144865 6.605950 -5.152225
-2.362605 6.929059 -5.107927
-2.493294 7.260267 -4.975105
-2.845751 7.918687 -4.686570
-3.319399 8.590261 -4.334520
-3.674724 8.984150 -4.099180
-3.807917 9.261059 -3.817924
-4.301760 9.901304 -3.133565
-4.952142 10.529178 -2.410789
-5.059345 10.603551 -2.320924
-5.390090 11.058735 -1.455780
-5.965190 11.545524 -0.534970
-6.467127 11.818515 -0.000333
-6.467466 11.818691 0.000000
-6.467487 11.818784 0.000253
-6.467487 11.818784 0.000253
-6.470003 11.951077 0.538086
-6.875494 12.256540 1.716743
-7.558666 12.531782 2.742982
-7.545486 12.524052 2.817123
-7.704741 12.384291 4.826120
-8.046403 12.303710 5.613793
-7.294507 11.215404 7.258627
-6.907140 10.602402 7.815827
-6.558663 10.308308 7.901714
-5.973808 9.695578 7.959496
-5.198329 9.145153 8.013505
-4.518362 8.611865 8.037645
-3.905412 8.070322 8.063288
-3.376897 7.516001 8.088254
-3.208779 7.311442 8.081744
-2.984597 7.014335 7.981664
-2.678362 6.542675 7.801523
-2.383142 6.065602 7.622341
-2.145593 5.592866 7.427512
-1.953939 5.126470 7.217165
-1.787858 4.672349 6.989586
-1.631543 4.228544 6.747655
-1.556644 3.987156 6.608730
-1.480606 3.797672 6.467929
-1.336801 3.384983 6.143768
-1.203843 2.993512 5.801178
-1.080328 2.619755 5.441795
-0.961485 2.266055 5.064821
-0.850287 1.939922 4.683457
-0.846653 1.929867 4.671679
-0.740389 1.593345 4.264563
-0.739857 1.591398 4.262218
-0.612690 1.284694 3.820106
-0.502879 1.013490 3.366750
62 
-0.861963 1.438502 -3.149205
-1.073594 1.792080 -3.529121
-1.309559 2.183558 -3.886372
-1.507685 2.492662 -4.131598
-1.572540 2.612798 -4.201035
-1.849101 3.065708 -4.454985
-2.161206 3.541205 -4.671870
-2.509387 4.044807 -4.845753
-2.838736 4.478426 -4.950256
-2.897138 4.581773 -4.952116
-3.281688 5.152527 -4.939944
-3.725666 5.738248 -4.873597
-4.234376 6.347023 -4.741325
-4.297243 6.409508 -4.724927
-4.677519 6.976449 -4.448988
-5.200253 7.618926 -4.056544
-5.689325 8.109594 -3.700149
-5.760321 8.262384 -3.558698
-6.193112 8.882531 -2.949131
-6.768997 9.490336 -2.223971
-6.903078 9.585852 -2.098168
-7.101923 10.056134 -1.469177
-7.487999 10.582115 -0.713264
-8.030524 10.999047 0.000000
-8.030510 10.999159 0.000235
-8.030510 10.999159 0.000235
-8.012087 11.041858 0.118604
-8.050089 11.467968 1.174128
-8.421759 11.834543 2.067941
-8.837890 12.066400 2.641119
-8.620702 12.119439 3.220231
-8.534545 12.268453 4.702463
-8.532836 12.266535 4.742455
-8.719993 12.212746 5.572289
-7.360020 11.055955 7.508168
-7.110335 10.679004 7.872296
-6.532839 10.200126 8.027754
-5.952110 9.612711 8.056483
-5.173684 9.077682 8.094125
-4.493352 8.552181 8.109638
-3.880684 8.012804 8.132688
-3.353494 7.459928 8.155598
-3.284521 7.375917 8.153012
-2.978306 6.969037 8.016493
-2.672685 6.499386 7.834702
-2.377763 6.024639 7.653692
-2.140622 5.554012 7.457177
-1.949528 5.089408 7.245360
-1.783982 4.636782 7.016540
-1.628165 4.194615 6.773277
-1.578286 4.029304 6.678590
-1.474819 3.766352 6.483603
-1.331788 3.355613 6.158355
-1.199602 2.966396 5.814550
-1.076695 2.594970 5.453945
-0.958421 2.243557 5.075792
-0.843944 1.910544 4.681349
-0.843096 1.907593 4.677785
-0.752608 1.614387 4.323788
-0.734607 1.576472 4.270153
-0.607869 1.270390 3.824660
-0.499196 1.001246 3.370627
63 
-1.415166 1.295798 -3.034637
-1.751003 1.626047 -3.383959
-2.116565 1.989000 -3.702228
-2.508896 2.380443 -3.988302
-2.556350 2.424198 -4.018117
-2.924160 2.799911 -4.193517
-3.362444 3.245368 -4.352464
-3.830413 3.712945 -4.470033
-4.230788 4.096679 -4.528290
-4.326753 4.210501 -4.520140
-4.826583 4.728909 -4.467273
-5.358939 5.271558 -4.362035
-5.859923 5.723606 -4.219298
-5.940859 5.838331 -4.159172
-6.461742 6.433664 -3.819810
-7.049192 7.035555 -3.414539
-7.259930 7.192081 -3.281517
-7.517501 7.664563 -2.859032
-8.000981 8.264690 -2.276880
-8.393142 8.602339 -1.882895
-8.450316 8.855315 -1.588297
-8.731441 9.448698 -0.903673
-9.199555 9.961109 -0.231007
-9.417560 10.114697 0.000000
-9.417571 10.114838 0.000216
-9.417571 10.114838 0.000216
-9.378450 10.458560 0.668758
-9.510670 10.947226 1.476454
-9.925596 11.356063 2.190812
-10.223755 11.540148 2.525932
-10.035450 11.690710 2.869149
-9.766084 11.765970 3.296214
-9.463549 11.985360 4.801981
-9.701905 12.152280 5.544700
-8.822278 11.930757 5.965799
-7.578220 11.169766 7.242818
-7.091895 10.581779 7.800625
-6.703274 10.284641 7.891818
-6.095318 9.676571 7.950405
-5.336350 9.125336 8.001654
-4.658420 8.592887 8.024971
-4.043892 8.052481 8.050467
-3.507952 7.499953 8.076022
-3.340024 7.300885 8.070075
-3.105494 7.000637 7.969481
-2.787457 6.530940 7.790873
-2.486509 6.055241 7.612586
-2.241130 5.583995 7.418935
-2.038711 5.119190 7.210087
-1.862341 4.666462 6.983942
-1.696461 4.223859 6.743323
-1.617618 3.986015 6.606837
-1.537035 3.794008 6.464416
-1.385694 3.382136 6.141284
-1.245198 2.991350 5.799593
-1.115750 2.618109 5.440890
-0.991361 2.264801 5.064440
-0.924126 2.062570 4.835372
-0.873538 1.919073 4.672720
-0.768834 1.601483 4.289228
-0.760238 1.584089 4.264609
-0.628629 1.276981 3.820113
-0.515054 1.006972 3.366804
69 
-1.855458 0.717905 -3.011697
-2.311177 0.933636 -3.362164
-2.793979 1.174918 -3.684820
-3.159159 1.358652 -3.904236
-3.302896 1.454785 -3.968255
-3.361207 1.490130 -3.990987
-3.850800 1.833260 -4.128761
-4.431983 2.241677 -4.236650
-4.927168 2.595257 -4.301648
-5.031147 2.681491 -4.295028
-5.624165 3.165337 -4.264550
-6.248708 3.687810 -4.179399
-6.355994 3.766022 -4.162796
-6.835533 4.256392 -3.991050
-7.461430 4.838490 -3.737036
-7.621651 4.974412 -3.667011
-8.015088 5.490308 -3.344726
-8.597962 6.119562 -2.922447
-8.726877 6.216932 -2.836587
-9.022721 6.830321 -2.379049
-9.119658 6.958388 -2.272466
-9.508886 7.452009 -1.832348
-9.706026 7.607250 -1.665089
-9.847352 8.089685 -1.199543
-10.211592 8.686457 -0.578069
-10.683671 9.205319 0.000000
-10.683676 9.205497 0.000197
-10.683676 9.205497 0.000197
-10.680308 9.225547 0.027895
-10.757755 9.800195 0.843038
-11.007385 10.315311 1.586418
-11.514837 10.738132 2.210238
-11.693080 10.834572 2.371494
-11.690868 10.838874 2.378232
-11.195212 11.256734 3.265880
-11.038783 11.725205 4.233633
-11.051267 11.755102 4.278743
-11.183150 12.035616 5.194515
-11.322765 12.120465 5.530184
-10.408840 11.871083 5.988079
-8.822528 11.471422 6.747107
-7.576956 10.913496 7.678969
-7.403468 10.707611 7.893386
-6.608324 10.108493 8.110232
-6.015535 9.541934 8.119017
-5.245728 9.017256 8.143305
-4.566459 8.497794 8.152197
-3.952967 7.960680 8.173324
-3.425740 7.413973 8.195078
-3.422297 7.410279 8.194135
-3.051749 6.928177 8.033276
-2.738957 6.461205 7.851311
-2.440555 5.988984 7.669589
-2.198657 5.520803 7.472641
-2.001024 5.058486 7.260755
-1.829228 4.607810 7.031985
-1.667600 4.167569 6.788630
-1.633708 4.058046 6.726230
-1.507257 3.741872 6.492394
-1.359893 3.333032 6.167046
-1.223375 2.945847 5.822967
-1.097058 2.576399 5.461941
-0.975595 2.226854 5.083296
-0.885234 1.962015 4.772728
-0.859356 1.890428 4.688763
-0.780546 1.636993 4.384334
-0.743188 1.558706 4.273860
-0.614819 1.255408 3.827844
-0.504505 0.988476 3.373369
72 
-2.025662 0.223688 -2.994920
-2.098442 0.235595 -3.049112
-2.562008 0.335812 -3.315148
-3.148847 0.497098 -3.586810
-3.712894 0.678584 -3.788974
-3.781302 0.703780 -3.807986
-3.980689 0.776341 -3.873134
-4.419820 0.972681 -3.947592
-5.110697 1.325249 -3.999546
-5.429037 1.495688 -4.005873
-5.819183 1.733151 -3.974114
-6.518013 2.204603 -3.902953
-6.730231 2.340886 -3.880027
-7.187795 2.729603 -3.769624
-7.859144 3.250466 -3.592922
-7.877182 3.269784 -3.584128
-8.475418 3.898138 -3.325385
-8.869663 4.264203 -3.143463
-9.071429 4.557885 -2.976665
-9.644545 5.212593 -2.588257
-9.828056 5.381135 -2.455240
-10.129066 5.955757 -2.021796
-10.452374 6.405270 -1.656897
-10.636998 6.632267 -1.477754
-10.665524 6.653164 -1.456257
-10.946525 7.326573 -0.878238
-11.349493 7.964944 -0.262060
-11.578408 8.184495 0.000000
-11.578433 8.184665 0.000175
-11.578433 8.184665 0.000175
-11.609921 8.587890 0.425567
-11.806563 9.193755 1.174995
-12.031925 9.517855 1.626480
-12.150961 9.705833 1.908019
-12.400105 9.883385 2.163296
-12.173916 10.269550 2.680138
-11.987055 10.658765 3.302417
-11.738582 10.880010 3.747883
-11.653176 11.360374 4.606117
-11.906145 11.845798 5.139662
-11.966867 11.919678 5.200004
-12.048329 12.000778 5.475574
-10.851490 11.696582 6.054884
-8.660404 11.145033 7.103662
-8.208162 11.005886 7.314072
-7.618356 10.565164 7.788376
-7.005113 10.187734 7.923686
-6.348936 9.600405 7.971777
-5.624429 9.053959 8.010098
-4.950747 8.526624 8.027984
-4.332928 7.989590 8.052068
-3.781489 7.441543 8.078036
-3.659833 7.304981 8.074603
-3.363760 6.951914 7.957922
-3.020509 6.487292 7.781932
-2.707327 6.015536 7.604808
-2.445220 5.548388 7.412989
-2.219806 5.087767 7.206759
-2.021457 4.638671 6.983194
-1.835142 4.199343 6.744851
-1.761034 4.001293 6.632162
-1.656695 3.772778 6.463472
-1.489372 3.363494 6.142105
-1.332894 2.975142 5.801847
-1.190863 2.604003 5.444099
-1.089460 2.332303 5.158710
-1.056406 2.245258 5.069196
-0.930424 1.885622 4.680055
-0.841530 1.635468 4.380250
-0.800061 1.555199 4.267148
-0.660885 1.252762 3.822484
-0.539693 0.986422 3.368925
79 
-1.842219 -0.068351 -3.108054
-2.341251 -0.042689 -3.483647
-2.696572 -0.020791 -3.707884
-2.843922 0.000000 -3.778189
-2.903609 0.009647 -3.808105
-3.510675 0.113513 -4.064725
-4.150677 0.246814 -4.285475
-4.847003 0.405167 -4.453208
-4.873247 0.410561 -4.458423
-5.644345 0.714741 -4.466503
-5.866271 0.799037 -4.461544
-6.430427 1.046048 -4.446402
-7.214602 1.373251 -4.379866
-7.257870 1.404215 -4.363410
-7.525827 1.593897 -4.268904
-8.108906 2.080359 -4.021029
-8.464166 2.346490 -3.889317
-8.898068 2.771965 -3.653223
-9.336656 3.110387 -3.438086
-9.640610 3.469467 -3.235125
-10.144824 3.937310 -2.902486
-10.330606 4.207041 -2.727099
-10.914446 4.891379 -2.231780
-10.953302 4.969993 -2.173649
-11.229498 5.373314 -1.833588
-11.500673 5.687926 -1.588585
-11.853291 5.975218 -1.307867
-12.017436 6.346749 -0.995303
-12.490564 7.017281 -0.324749
-12.780636 7.264199 0.000000
-12.780671 7.264338 0.000155
-12.780671 7.264338 0.000155
-12.891324 7.642046 0.386949
-13.220977 8.256599 1.129775
-13.533525 8.600278 1.591220
-13.679737 8.778888 1.835422
-13.798820 8.846556 1.936353
-13.716370 9.420962 2.638084
-13.736426 9.748044 3.094562
-13.631460 10.038715 3.561293
-13.879831 10.529316 4.261089
-14.277112 11.019547 4.850941
-14.480858 11.166233 4.963169
-14.927304 11.482387 5.212191
-15.021956 11.526285 5.259078
-14.208822 11.613963 5.502810
-12.505301 11.844086 5.934001
-10.347352 11.321535 6.954406
-8.845088 10.936827 7.683685
-8.235514 10.838512 7.989882
-7.408089 10.582648 8.176113
-6.463960 9.886679 8.391454
-5.894234 9.372621 8.336247
-5.107944 8.881994 8.326543
-4.426644 8.379015 8.317107
-3.814728 7.845939 8.332662
-3.530723 7.548835 8.344148
-3.315100 7.316286 8.284487
-3.182069 7.137203 8.225801
-2.953326 6.861714 8.100164
-2.916167 6.803091 8.077772
-2.650518 6.397697 7.914212
-2.356759 5.928355 7.728796
-2.121208 5.462615 7.528185
-1.932301 5.002134 7.312758
-1.768847 4.552948 7.080880
-1.620423 4.128277 6.842638
-1.614129 4.114724 6.832806
-1.456097 3.692866 6.520863
-1.315567 3.286650 6.192957
-1.185881 2.902689 5.846205
-1.064943 2.536712 5.482658
-0.948509 2.190658 5.101679
-0.835661 1.863372 4.704309
-0.823793 1.823126 4.653974
-0.777597 1.667060 4.464859
-0.718715 1.537811 4.282884
-0.594996 1.237592 3.835341
-0.489363 0.973165 3.379716
78 
-1.848692 0.264570 -3.087117
-2.327372 0.368073 -3.462181
-2.837993 0.484828 -3.808700
-2.841809 0.486170 -3.810624
-3.441972 0.698830 -4.063614
-3.539880 0.734551 -4.101472
-4.033183 0.947352 -4.280387
-4.638228 1.200801 -4.473753
-5.288996 1.475002 -4.621384
-5.937256 1.714598 -4.724285
-5.992900 1.750345 -4.721402
-6.015707 1.762660 -4.720900
-6.715830 2.194966 -4.654591
-7.469163 2.637062 -4.566349
-7.660980 2.738925 -4.539778
-8.232810 3.093491 -4.400582
-9.055584 3.496654 -4.202003
-9.502310 3.700801 -4.090704
-9.885535 3.921071 -3.949256
-10.750910 4.305686 -3.666821
-11.174570 4.439379 -3.541969
-11.449759 4.580849 -3.376887
-11.656273 4.756529 -3.222258
-12.574119 5.239584 -2.597934
-12.836640 5.333148 -2.433345
-13.472320 5.703411 -1.898169
-14.220553 5.969521 -1.306619
-14.396178 6.133637 -1.081591
-15.088839 6.487633 -0.376262
-15.256693 6.560775 -0.248689
-15.664475 6.642341 -0.000748
-15.665305 6.642513 0.000000
-15.665383 6.642586 0.000142
-15.665383 6.642586 0.000142
-16.087999 6.927206 0.487534
-17.021606 7.193351 1.277169
-17.514467 7.234446 1.583491
-17.832935 7.516284 2.159088
-18.609035 7.862499 3.077287
-19.384724 8.034459 3.665869
-19.387568 8.061368 3.709791
-19.395481 8.209678 3.945930
-19.441319 9.034803 4.902445
-19.460522 9.167002 5.016417
-18.444767 10.210449 6.008444
-16.182508 10.864073 6.894415
-13.781893 10.965519 8.083509
-13.015257 10.767256 8.176724
-12.528323 10.663468 8.162030
-11.061986 10.173318 8.282751
-9.606003 9.689640 8.456665
-8.209687 9.171911 8.696179
-7.324337 8.568323 8.861979
-6.831478 8.079657 8.930894
-6.696373 7.981887 8.929177
-6.679352 7.974322 8.924134
-5.995238 7.563359 8.762970
-5.366762 7.108335 8.631577
-4.813039 6.669860 8.478457
-4.322124 6.240170 8.309619
-3.885313 5.817662 8.126040
-3.526728 5.387686 7.933053
-3.202549 4.960309 7.729786
-2.891802 4.535954 7.517854
-2.891524 4.535511 7.517631
-2.581890 4.125912 7.240133
-2.306322 3.723870 6.947367
-2.144266 3.454771 6.737503
-2.067679 3.321495 6.640058
-1.852064 2.904305 6.322580
-1.650247 2.512777 5.983750
-1.467921 2.137323 5.626972
-1.440513 2.077641 5.564514
-1.252942 1.802345 5.221831
-1.057990 1.495099 4.793014
-0.883007 1.216869 4.348603
-0.728069 0.966858 3.891900
-0.591014 0.742386 3.428448
82 
-1.785959 0.016915 -3.143089
-2.248687 0.064903 -3.531306
-2.746816 0.123171 -3.894720
-3.190875 0.170122 -4.154666
-3.311534 0.198148 -4.204712
-3.930149 0.353129 -4.443120
-4.593278 0.529523 -4.638665
-5.310891 0.715229 -4.785743
-5.701090 0.807333 -4.844851
-5.838472 0.867059 -4.841351
-6.079364 0.984544 -4.838645
-6.869819 1.356273 -4.799298
-7.711805 1.718393 -4.720395
-7.826063 1.758328 -4.709296
-8.540058 2.050148 -4.626556
-8.803569 2.147881 -4.593356
-9.426759 2.561557 -4.353160
-9.516941 2.607452 -4.321861
-10.304083 3.073088 -4.005331
-10.940449 3.403575 -3.762163
-11.201752 3.562732 -3.633619
-12.150240 3.999920 -3.176299
-12.467566 4.118343 -3.035939
-13.089843 4.424698 -2.691879
-14.058663 4.776128 -2.179195
-14.098021 4.797687 -2.151744
-15.116772 5.123605 -1.505000
-15.577164 5.194196 -1.239769
-15.681801 5.213030 -1.141037
-15.775288 5.272173 -1.008785
-16.155899 5.438574 -0.699030
-17.171993 5.601395 -0.000589
-17.172455 5.601477 0.000000
-17.172503 5.601525 0.000120
-17.172503 5.601525 0.000120
-17.253328 5.652867 0.103179
-18.268894 5.877531 1.002618
-18.673414 5.894697 1.290244
-19.094694 6.210772 2.117097
-19.709507 6.438964 2.937895
-19.743814 6.635116 3.350406
-19.743568 6.644423 3.368326
-19.885899 7.452884 4.480380
-19.956852 7.653554 4.689130
-20.041229 8.261185 5.407592
-20.160728 8.883712 5.927726
-19.726761 9.313576 6.375165
-19.029181 10.004449 6.780663
-16.726828 10.825249 7.411371
-14.021844 11.308510 8.304386
-13.948005 11.337444 8.357683
-13.080501 11.223580 8.385206
-11.544066 10.840947 8.343924
-10.027548 10.364459 8.477600
-8.600915 9.932389 8.660619
-8.393508 9.934080 8.647865
-7.014311 9.473538 8.710957
-6.356667 9.051819 8.576338
-5.633211 8.602478 8.507076
-4.959659 8.125591 8.469195
-4.418425 7.668339 8.476242
-4.341811 7.606605 8.462667
-3.840973 7.113166 8.334883
-3.434190 6.651103 8.168453
-3.084063 6.200888 7.983499
-2.767543 5.745102 7.795622
-2.500875 5.292631 7.594227
-2.269189 4.844721 7.380113
-2.064847 4.406285 7.150065
-2.007409 4.268507 7.075071
-1.857051 3.982127 6.870801
-1.670016 3.571363 6.559544
-1.500914 3.175041 6.232250
-1.342657 2.801484 5.885134
-1.199226 2.445507 5.520280
-1.111001 2.217625 5.267722
-1.064165 2.098421 5.138826
-0.950111 1.785006 4.780756
-0.933561 1.754704 4.739962
-0.781154 1.441152 4.300928
-0.645570 1.156151 3.850962
-0.527995 0.903801 3.393213
81 
-1.697584 0.021894 -3.190502
-2.137838 0.071800 -3.590129
-2.613230 0.132441 -3.966542
-3.143537 0.195150 -4.304914
-3.713863 0.246601 -4.612067
-3.842578 0.254335 -4.674204
-4.340003 0.390604 -4.847163
-5.021011 0.570083 -5.027595
-5.760938 0.750423 -5.159118
-6.560266 0.927353 -5.244205
-6.623017 0.936886 -5.247672
-6.630088 0.939693 -5.246917
-7.381843 1.278935 -5.198140
-8.258385 1.595259 -5.113854
-9.102205 1.870927 -5.010870
-9.181328 1.900787 -4.999926
-9.789661 2.081231 -4.919280
-10.114174 2.249256 -4.801899
-11.128397 2.643577 -4.475266
-11.248065 2.676876 -4.436931
-12.145540 2.987053 -4.140669
-13.242344 3.227016 -3.817228
-13.374813 3.243660 -3.778310
-13.553776 3.303441 -3.651479
-14.456919 3.640192 -2.975598
-14.865671 3.698723 -2.726606
-15.674118 3.911515 -2.202608
-16.289984 4.006903 -1.828221
-16.902756 4.138822 -1.390928
-17.507565 4.183644 -1.039473
-17.597263 4.195508 -0.918320
-17.769533 4.296029 -0.530217
-18.098124 4.402452 -0.205588
-18.378727 4.426665 -0.000242
-18.378889 4.426675 0.000000
-18.378925 4.426704 0.000095
-18.378925 4.426704 0.000095
-19.126646 4.710549 0.856204
-19.334164 4.744827 1.038558
-19.827524 5.229186 2.333035
-19.869108 5.249964 2.395392
-19.905848 5.400905 2.668628
-20.029610 6.044283 3.788189
-20.125519 6.294657 4.088529
-20.271776 6.896331 4.775005
-20.491356 7.446100 5.315497
-20.540514 7.723364 5.647720
-20.681751 8.270673 6.096934
-19.428331 8.419188 6.253101
-19.155558 8.422086 6.278810
-16.904425 8.393169 6.662488
-15.599806 8.222599 7.104006
-14.813858 8.093719 7.297784
-12.906371 7.620520 7.986553
-12.395643 7.435514 8.218888
-11.723572 7.212914 8.418572
-11.289280 7.083685 8.463574
-10.029023 6.631923 8.596597
-8.923594 6.128934 8.724834
-7.969666 5.629228 8.801935
-7.436926 5.317419 8.813645
-7.105207 5.153838 8.804546
-6.325582 4.695202 8.754888
-6.281857 4.670234 8.747047
-5.601391 4.237585 8.594177
-5.001210 3.820021 8.411966
-4.459201 3.425260 8.201408
-3.976276 3.031991 7.971147
-3.891976 2.958014 7.922403
-3.480353 2.664806 7.688005
-3.023800 2.317093 7.373584
-2.617047 2.001678 7.031075
-2.255730 1.708416 6.664076
-1.932933 1.441202 6.273104
-1.648388 1.193987 5.860370
-1.410880 0.976038 5.449862
-1.396476 0.965485 5.427044
-1.139859 0.759185 4.959179
-0.913431 0.585248 4.477989
-0.720800 0.442819 3.986970
-0.552250 0.320258 3.493928
80 
-1.516412 0.460293 -3.229879
-1.902295 0.562016 -3.662421
-2.321861 0.662608 -4.077817
-2.325210 0.663265 -4.080828
-2.742422 0.790632 -4.414613
-2.785751 0.805455 -4.448653
-3.263487 0.956377 -4.790070
-3.779088 1.100442 -5.104187
-4.337120 1.240608 -5.387554
-4.926690 1.368435 -5.650328
-5.567561 1.485684 -5.881152
-6.258012 1.589821 -6.083760
-6.935046 1.668398 -6.233633
-7.017658 1.687383 -6.242196
-7.849517 1.823108 -6.315956
-8.772999 1.937398 -6.334178
-9.808831 1.993326 -6.294424
-10.285860 2.002759 -6.256243
-11.031110 2.060349 -6.058102
-12.471954 2.046460 -5.629272
-12.481505 2.045857 -5.626303
-12.691526 2.053739 -5.500491
-13.912201 2.152638 -5.035703
-14.740786 2.132329 -4.737573
-15.557854 2.246486 -4.106879
-16.156420 2.245413 -3.721781
-16.502464 2.256489 -3.533800
-17.230350 2.460291 -2.719499
-17.295013 2.476805 -2.650573
-18.163364 2.608274 -1.922754
-18.783892 2.742741 -1.402801
-18.831554 2.747626 -1.372495
-18.888462 2.767087 -1.262533
-19.192993 2.923519 -0.639905
-19.471668 3.134803 0.000000
-19.471689 3.134832 0.000067
-19.471689 3.134832 0.000067
-19.882008 3.403985 0.607076
-20.019749 3.465859 0.758615
-20.444149 4.017850 1.833218
-20.526087 4.184298 2.091284
-20.540365 4.211513 2.143818
-20.989408 5.065830 3.379604
-21.048660 5.147931 3.477664
-21.548717 5.844638 4.227108
-21.985079 6.396570 4.714170
-21.988634 6.402175 4.719524
-20.052032 6.794722 5.243239
-19.320972 6.923647 5.487682
-17.198984 7.100833 6.293530
-16.793262 7.152938 6.493409
-14.685570 6.904521 7.400250
-14.369010 6.852595 7.574555
-13.774228 6.690135 7.798254
-12.793036 6.402786 8.068419
-11.264579 5.780087 8.549402
-10.074160 5.309926 8.801226
-9.993247 5.282522 8.815068
-9.769165 5.179223 8.858982
-8.849260 4.825253 8.867211
-7.825916 4.392512 8.860537
-6.921031 3.951392 8.820005
-6.138208 3.510638 8.735898
-5.661290 3.226038 8.640248
-5.435545 3.109779 8.585787
-4.775196 2.713838 8.396574
-4.752418 2.702070 8.387390
-4.166718 2.363709 8.116031
-3.638805 2.055368 7.816531
-3.166446 1.767706 7.491113
-2.745633 1.506094 7.138747
-2.371403 1.267784 6.761127
-2.252054 1.185615 6.620070
-2.021854 1.048518 6.347725
-1.698369 0.851288 5.907872
-1.405551 0.669294 5.451964
-1.147760 0.511978 4.980032
-0.920215 0.379992 4.495337
-0.726514 0.277099 4.000963
-0.557095 0.191708 3.504681
91 
-1.065405 0.521185 -3.377340
-1.343771 0.627269 -3.850811
-1.648087 0.733645 -4.316727
-1.998042 0.833122 -4.765633
-2.320832 0.921145 -5.143348
-2.371374 0.934822 -5.198717
-2.784080 1.024561 -5.609709
-2.915882 1.049875 -5.728993
-3.229104 1.110109 -5.995618
-3.719651 1.187024 -6.354236
-4.254949 1.251005 -6.689447
-4.842427 1.302413 -6.998394
-5.482236 1.340653 -7.282518
-6.182949 1.363183 -7.539984
-6.512508 1.368381 -7.640560
-6.997701 1.366391 -7.742390
-7.704305 1.357179 -7.854253
-7.953866 1.338067 -7.864743
-9.082376 1.229621 -7.863173
-10.390769 1.093180 -7.767116
-10.537588 1.080390 -7.756145
-11.935282 0.891716 -7.441966
-12.840563 0.807979 -7.207771
-13.780554 0.716622 -6.815789
-14.796917 0.614097 -6.415364
-16.001440 0.535698 -5.651872
-16.396109 0.507329 -5.434386
-17.973392 0.502604 -4.333107
-18.288906 0.533393 -4.013397
-19.109856 0.598317 -3.340792
-19.471039 0.625960 -3.065608
-20.161644 0.848111 -2.271480
-20.403656 0.908359 -2.007195
-20.815432 1.013311 -1.679567
-21.381552 1.169614 -1.292840
-21.438374 1.185368 -1.259727
-21.608391 1.311183 -0.966571
-21.791653 1.445896 -0.659716
-21.976280 1.590989 -0.348239
-22.002382 1.614657 -0.301430
-22.188330 1.769621 0.000000
-22.188351 1.769646 0.000038
-22.188351 1.769646 0.000038
-23.169241 2.090884 0.457657
-23.294714 2.138792 0.518573
-24.605633 2.636580 1.112384
-24.906834 2.749149 1.254350
-25.332451 3.224685 1.783886
-25.748812 3.435939 2.045311
-27.095919 3.996003 2.829267
-27.530268 4.142637 3.053850
-27.891773 4.592475 3.585196
-28.001390 5.089810 4.060327
-28.149330 5.956115 4.859352
-26.831291 7.246480 5.623329
-23.929880 8.081042 6.095006
-23.884768 8.088236 6.096342
-21.078833 8.460107 6.258016
-20.052822 8.569383 6.376732
-18.676826 8.579451 6.506563
-16.436201 8.538612 6.906025
-16.042542 8.484454 7.038378
-14.426954 8.217515 7.436203
-12.546982 7.726981 8.129294
-12.099832 7.544431 8.339279
-12.054983 7.529375 8.352804
-11.068680 7.229592 8.460135
-9.822406 6.770903 8.592539
-8.725176 6.258051 8.724776
-7.790371 5.745853 8.802227
-7.085485 5.315492 8.810452
-6.979378 5.261741 8.806860
-6.600844 5.031920 8.786403
-6.189425 4.786792 8.718347
-5.516090 4.343451 8.568066
-4.923423 3.918243 8.386834
-4.390268 3.516972 8.176339
-3.915784 3.119155 7.945360
-3.687795 2.915727 7.809146
-3.452661 2.746012 7.672473
-2.998869 2.390199 7.359317
-2.594573 2.067542 7.017938
-2.235513 1.766911 6.652185
-1.914665 1.493399 6.262267
-1.632419 1.239764 5.850610
-1.384704 1.006123 5.418962
-1.333792 0.951721 5.314086
-1.138677 0.793478 4.956298
-0.912417 0.613720 4.475593
-0.719946 0.465806 3.985037
-0.551526 0.338089 3.492444
103 
-0.638012 -0.047716 -3.506325
-0.821125 -0.091783 -4.005323
-1.028596 -0.155465 -4.501124
-1.268580 -0.238947 -4.987330
-1.536264 -0.343563 -5.460824
-1.842480 -0.469766 -5.917511
-2.178819 -0.617055 -6.357295
-2.550433 -0.780191 -6.779094
-2.962548 -0.963487 -7.181289
-3.420805 -1.164401 -7.563019
-3.589417 -1.237776 -7.686427
-3.932571 -1.400208 -7.912394
-3.983683 -1.422380 -7.942073
-4.508751 -1.664169 -8.193650
-5.150429 -1.956710 -8.436687
-5.860112 -2.278937 -8.645014
-6.665005 -2.635609 -8.808716
-7.542809 -3.005082 -8.945329
-8.375860 -3.329314 -9.026460
-8.478012 -3.369099 -9.023396
-8.553581 -3.399807 -9.015258
-9.783021 -3.871868 -8.842125
-11.206361 -4.372422 -8.573763
-11.846630 -4.540632 -8.453113
-12.913753 -4.781199 -8.149673
-13.240308 -4.864091 -8.062250
-14.679615 -5.169761 -7.447917
-15.069445 -5.226453 -7.220588
-16.905382 -5.308811 -6.307583
-17.719334 -5.304972 -5.863881
-17.850742 -5.300242 -5.771280
-19.029654 -5.243019 -5.048742
-20.674770 -4.936662 -4.141254
-21.157331 -4.826334 -3.939171
-23.000299 -4.273743 -3.150496
-23.243511 -4.216188 -3.064916
-23.533735 -4.144758 -2.968344
-25.676012 -3.502277 -2.151684
-26.419004 -3.295335 -1.915188
-27.949974 -2.618649 -1.194806
-28.413321 -2.024728 -0.695926
-28.869833 -1.615333 -0.381176
-28.928665 -1.564307 -0.342399
-29.530712 -1.107777 -0.000000
-29.531078 -1.107518 0.000237
-29.864281 -0.892601 0.195374
-30.134871 -0.740308 0.337779
-30.369167 -0.618892 0.456231
-30.582214 -0.512122 0.566077
-30.697689 -0.398399 0.660348
-30.804430 -0.283824 0.760162
-30.906456 -0.156949 0.876351
-31.006441 -0.000000 1.027143
-31.289272 0.170684 1.251827
-31.370115 0.238840 1.333602
-31.771236 0.701906 1.879903
-31.935848 0.996464 2.224947
-31.870007 1.681325 2.786805
-31.598137 2.757825 3.617412
-29.913082 4.159341 4.655897
-29.484932 4.277776 4.728464
-29.765381 5.070337 5.356254
-30.004875 5.781637 5.769731
-28.772789 7.327274 6.405719
-25.886808 8.410202 6.664847
-25.319679 8.519874 6.673456
-22.045229 9.049290 6.750747
-21.961651 9.059913 6.754881
-19.613157 9.194447 6.777917
-19.006268 9.781375 7.143272
-17.636297 10.247437 7.554157
-16.775499 10.247886 7.577662
-15.800145 10.181463 7.687006
-14.674401 9.974831 7.814251
-12.973587 9.588412 8.006887
-11.518211 9.085733 8.279244
-10.237465 8.618711 8.521780
-10.184144 8.599282 8.528770
-8.968826 8.089555 8.718081
-8.668791 7.933003 8.768791
-7.980418 7.559124 8.785672
-7.133717 7.041820 8.778342
-6.413000 6.537519 8.732970
-5.778078 6.051475 8.655565
-5.208800 5.567753 8.561786
-4.737363 5.114180 8.476776
-4.682650 5.068582 8.462352
-4.163402 4.586871 8.281919
-3.716757 4.136436 8.065063
-3.324729 3.702986 7.822820
-2.968755 3.291630 7.556837
-2.650422 2.890208 7.271729
-2.468007 2.639946 7.070526
-2.338230 2.515518 6.951155
-2.004913 2.163671 6.590604
-1.706294 1.846529 6.204996
-1.450272 1.548627 5.797691
-1.229801 1.279297 5.368729
-1.038919 1.032431 4.922472
-0.867396 0.815182 4.460702
-0.847673 0.787751 4.398531
-0.686663 0.628474 3.974843
-0.523301 0.464271 3.485123
100 
-0.511762 -0.279015 -3.503171
-0.668637 -0.384383 -3.998834
-0.846804 -0.513380 -4.493080
-1.055602 -0.673700 -4.978601
-1.292188 -0.861642 -5.452290
-1.539404 -1.051927 -5.873592
-1.559355 -1.070774 -5.909584
-1.836397 -1.303351 -6.329118
-2.153065 -1.553575 -6.727430
-2.508047 -1.833168 -7.100981
-2.907039 -2.128774 -7.452089
-3.349774 -2.449726 -7.778512
-3.847529 -2.788867 -8.080066
-4.327600 -3.105144 -8.316450
-4.396115 -3.158364 -8.347979
-4.947429 -3.535059 -8.565089
-5.557625 -3.943822 -8.748965
-6.217613 -4.360569 -8.915866
-6.519902 -4.533432 -8.970154
-7.020530 -4.852830 -8.986629
-8.009806 -5.357437 -8.973143
-8.123781 -5.411034 -8.968810
-8.981871 -5.873756 -8.886312
-10.106884 -6.417995 -8.718192
-11.459497 -6.964669 -8.468030
-11.465970 -6.967026 -8.465689
-12.658714 -7.307320 -8.077188
-13.279869 -7.503048 -7.845760
-15.157308 -8.041478 -7.111177
-15.204615 -8.051171 -7.093701
-17.235085 -8.319728 -6.133094
-17.951807 -8.371695 -5.656012
-18.119419 -8.371360 -5.574773
-20.920958 -8.066523 -4.480527
-21.009695 -8.045337 -4.452183
-23.585522 -7.328341 -3.871663
-24.321646 -7.126729 -3.683535
-26.379568 -6.519101 -3.222724
-27.842216 -6.078094 -2.773240
-28.310280 -5.444104 -2.277194
-29.745708 -4.020638 -1.390849
-30.347836 -3.191295 -0.698517
-30.890152 -2.351576 -0.000000
-30.889072 -2.350952 0.000502
-30.889072 -2.350952 0.000502
-30.991982 -2.236031 0.105417
-31.294428 -1.927769 0.421954
-31.588257 -1.634213 0.745639
-31.819918 -1.394285 1.027831
-32.010254 -1.175151 1.298960
-32.109085 -0.919145 1.523485
-32.184891 -0.655727 1.756223
-32.238834 -0.361181 2.016710
-32.266415 -0.000000 2.334678
-32.328178 0.116549 2.473464
-31.390438 0.516709 2.885125
-30.174419 1.270446 3.430663
-30.154755 1.284286 3.439682
-30.148815 1.309615 3.460741
-29.988184 1.832196 3.887114
-29.676477 1.922467 3.986506
-26.883547 2.853260 4.729291
-26.742191 2.940162 4.791389
-26.534584 2.981465 4.841336
-23.939686 3.412774 5.526460
-23.456154 3.529745 5.654784
-22.641266 3.549315 5.883006
-21.635578 3.571220 6.157694
-20.224586 3.564101 6.638088
-19.437057 3.495223 6.877562
-17.376358 3.309398 7.668794
-17.202183 3.276279 7.725434
-16.119808 3.036345 8.132195
-15.158901 2.810359 8.406642
-14.457575 2.655766 8.607404
-13.385284 2.397809 8.804647
-11.813181 1.987673 9.076178
-11.100183 1.786831 9.174353
-10.494767 1.644249 9.180922
-10.487926 1.642837 9.181033
-9.244102 1.355449 9.162375
-8.141863 1.073469 9.090790
-7.271170 0.839964 8.983846
-7.171082 0.817410 8.960581
-6.347845 0.624741 8.733606
-5.617388 0.450496 8.472405
-4.957590 0.297664 8.183058
-4.352287 0.158215 7.870491
-3.801594 0.046295 7.531873
-3.592184 -0.000000 7.383689
-3.291829 -0.056377 7.162451
-2.824667 -0.135942 6.765346
-2.402067 -0.199526 6.347127
-2.074035 -0.235391 5.962034
-2.029187 -0.238813 5.906604
-1.696607 -0.264380 5.443228
-1.403119 -0.269718 4.965712
-1.134682 -0.269450 4.477138
-0.903786 -0.251490 3.980562
-0.697975 -0.227387 3.482102
94 
-0.252158 -1.250900 -3.314566
-0.282263 -1.551604 -3.731620
-0.308261 -1.882396 -4.138283
-0.330302 -2.242477 -4.531274
-0.353495 -2.628649 -4.909697
-0.359300 -2.695288 -4.973107
-0.374618 -2.999134 -5.278409
-0.402645 -3.374481 -5.635300
-0.409323 -3.430434 -5.685958
-0.423473 -3.770225 -5.940647
-0.438102 -4.180658 -6.221399
-0.464352 -4.605234 -6.484633
-0.492739 -5.036341 -6.736078
-0.543621 -5.480847 -6.971801
-0.597499 -5.831541 -7.143422
-0.610657 -5.927136 -7.196044
-0.711423 -6.350598 -7.421131
-0.851607 -6.776412 -7.643945
-0.965314 -7.020094 -7.759702
-1.046119 -7.227543 -7.822545
-1.245728 -7.687252 -7.956626
-1.494369 -8.166305 -8.072642
-1.822698 -8.649822 -8.192160
-2.284472 -9.199924 -8.254232
-2.447120 -9.371793 -8.276340
-2.782985 -9.737107 -8.314600
-3.441059 -10.275630 -8.360587
-4.197526 -10.820334 -8.406900
-4.934343 -11.413048 -8.413411
-4.942693 -11.419072 -8.411955
-5.871723 -11.966304 -8.379534
-6.926148 -12.583326 -8.258752
-8.141521 -12.951488 -8.231792
-8.634713 -13.177125 -8.123841
-10.334947 -13.843188 -7.846305
-13.047949 -14.903739 -6.827513
-13.109118 -14.919492 -6.807286
-13.626836 -14.966282 -6.520733
-17.356985 -14.925249 -4.804617
-20.667065 -14.105475 -4.705174
-21.964420 -13.064522 -4.809745
-22.582569 -12.602650 -4.751647
-23.416656 -10.994537 -4.597350
-23.468248 -10.887012 -4.558031
-23.320473 -9.603376 -4.186712
-23.238354 -9.074791 -3.994725
-23.061668 -8.334088 -3.670076
-22.632042 -7.440680 -3.131063
-22.644215 -7.234756 -2.968853
-22.633007 -6.169879 -1.988575
-23.312065 -5.326087 -1.165784
-23.164558 -5.200309 -1.083757
-22.806412 -4.902846 -0.900570
-22.335392 -4.106600 -0.464747
-21.751604 -3.337168 -0.000000
-21.750069 -3.336111 0.000713
-21.750069 -3.336111 0.000713
-21.465368 -2.993244 0.308820
-21.213081 -2.696772 0.590275
-20.731930 -2.252460 1.027726
-20.342842 -1.948915 1.340602
-20.284107 -1.901277 1.401573
-19.905909 -1.615286 1.785466
-19.525551 -1.326346 2.198423
-19.094265 -1.008733 2.701673
-18.885172 -0.834144 2.957423
-18.740168 -0.778369 3.067968
-18.241220 -0.639010 3.568010
-17.585850 -0.460388 4.290509
-16.436863 -0.322113 5.073974
-16.028322 -0.249143 5.399261
-14.304234 -0.164893 6.348732
-14.293938 -0.163552 6.354728
-12.533208 -0.224542 6.989880
-12.220484 -0.209872 7.102014
-11.017153 -0.275279 7.339606
-9.752354 -0.319424 7.558566
-9.666018 -0.326557 7.560274
-8.567204 -0.394453 7.545267
-7.574537 -0.442676 7.478734
-6.678866 -0.459813 7.363080
-6.478956 -0.462577 7.324975
-5.901314 -0.493997 7.155305
-5.198665 -0.516174 6.902575
-4.559599 -0.521741 6.617852
-3.980146 -0.512569 6.301546
-3.451933 -0.494684 5.956208
-2.971201 -0.467359 5.583240
-2.531355 -0.435342 5.185286
-2.127851 -0.394565 4.765426
-1.926566 -0.369540 4.529467
-1.761494 -0.357747 4.321118
-1.428952 -0.318898 3.856821
-1.131350 -0.275987 3.382046
92 
-0.212716 -1.281975 -3.300523
-0.232566 -1.588509 -3.714335
-0.246306 -1.925533 -4.118151
-0.254750 -2.291875 -4.508923
-0.262788 -2.434997 -4.653564
-0.266063 -2.655972 -4.889861
-0.273155 -3.022164 -5.258063
-0.284819 -3.371891 -5.588923
-0.283684 -3.400039 -5.611214
-0.287660 -3.799126 -5.909729
-0.286220 -4.212981 -6.189223
-0.296588 -4.640762 -6.451745
-0.308358 -5.075509 -6.702440
-0.314628 -5.137326 -6.736728
-0.341965 -5.483731 -6.948061
-0.394806 -5.890105 -7.187651
-0.482774 -6.311459 -7.414750
-0.609956 -6.735092 -7.639707
-0.743677 -7.045178 -7.787429
-0.796779 -7.184229 -7.830246
-0.995450 -7.642039 -7.969049
-1.245799 -8.119129 -8.090048
-1.561551 -8.598337 -8.214975
-2.000230 -9.142032 -8.283312
-2.527622 -9.714952 -8.331375
-2.764036 -9.905613 -8.334584
-3.233144 -10.289336 -8.360450
-4.000253 -10.835133 -8.405320
-4.693418 -11.411800 -8.412493
-4.725678 -11.435123 -8.406844
-5.647962 -11.984452 -8.371998
-6.678079 -12.605313 -8.247126
-8.228577 -13.112226 -8.092930
-8.534320 -13.254265 -8.021435
-10.234662 -13.943801 -7.701821
-12.483964 -14.905828 -6.801052
-13.544956 -15.152752 -5.795714
-14.273577 -15.114387 -5.538429
-17.258686 -15.057827 -4.232387
-20.552187 -14.168347 -4.336012
-21.578634 -13.337885 -4.439147
-22.457581 -12.670156 -4.384641
-23.225576 -11.214270 -4.232718
-23.339575 -10.974276 -4.153769
-23.214329 -9.806435 -3.787581
-23.123146 -9.188438 -3.547221
-22.978018 -8.556836 -3.211517
-22.528091 -7.624845 -2.499915
-22.534851 -7.532958 -2.420289
-22.540922 -6.544065 -1.432377
-22.255289 -6.342583 -1.276196
-22.204918 -6.303840 -1.246512
-21.420858 -5.462022 -0.678576
-20.699488 -4.715264 -0.000000
-20.698320 -4.714370 0.001007
-20.698320 -4.714370 0.001007
-20.608822 -4.624974 0.073485
-19.924786 -3.853935 0.843557
-19.683649 -3.673491 1.057149
-19.330156 -3.359271 1.532728
-18.850065 -3.017643 2.224530
-18.337318 -2.778923 2.810404
-18.202118 -2.707977 2.993279
-17.825457 -2.556199 3.507422
-17.200253 -2.402682 3.982454
-16.419598 -2.234898 4.591947
-15.998602 -2.135891 4.957963
-15.165865 -2.036031 5.453067
-14.431127 -1.950887 5.875994
-14.176830 -1.908770 6.029483
-12.687831 -1.808783 6.583716
-12.041401 -1.743410 6.826766
-11.176703 -1.702504 7.003887
-9.864985 -1.612252 7.232064
-9.438794 -1.564594 7.291070
-8.745348 -1.534407 7.286392
-7.758627 -1.482984 7.232301
-6.879834 -1.403959 7.125227
-6.082838 -1.315059 6.974145
-5.918273 -1.292535 6.932428
-5.382348 -1.242104 6.742095
-4.748119 -1.167617 6.468691
-4.597418 -1.144949 6.392995
-4.156096 -1.081855 6.169070
-3.611669 -0.990329 5.840137
-3.113538 -0.894588 5.483330
-2.658441 -0.799833 5.099646
-2.238377 -0.707881 4.692979
-1.854173 -0.610776 4.265282
-1.502432 -0.505310 3.821299
-1.485336 -0.499498 3.797820
-1.192753 -0.418697 3.353466
87 
-0.169275 -1.306876 -3.289562
-0.177831 -1.618020 -3.700678
-0.178071 -1.960041 -4.102260
-0.179445 -2.169030 -4.329977
-0.173628 -2.315868 -4.492880
-0.170290 -2.665817 -4.875124
-0.161369 -3.033314 -5.242520
-0.158639 -3.336287 -5.529909
-0.153047 -3.412712 -5.590591
-0.140574 -3.813860 -5.888556
-0.121730 -4.229924 -6.167801
-0.118113 -4.587280 -6.388401
-0.114956 -4.653136 -6.431307
-0.110924 -5.043574 -6.691257
-0.129991 -5.443095 -6.940428
-0.169710 -5.846933 -7.182285
-0.244332 -6.265614 -7.411832
-0.357957 -6.686457 -7.639410
-0.514058 -7.082423 -7.828598
-0.532963 -7.132933 -7.844439
-0.730641 -7.588125 -7.988913
-0.982800 -8.062479 -8.115910
-1.285244 -8.536175 -8.247617
-1.699485 -9.071856 -8.323942
-2.212966 -9.632891 -8.385262
-2.966294 -10.280980 -8.319569
-3.034879 -10.338181 -8.320768
-3.812138 -10.891472 -8.357128
-4.334041 -11.346622 -8.364445
-4.534398 -11.492607 -8.328657
-5.450738 -12.053041 -8.275930
-6.459428 -12.693636 -8.119651
-8.286912 -13.527211 -7.477422
-8.466315 -13.616254 -7.425427
-10.166732 -14.437255 -6.880815
-10.566539 -14.664035 -6.690730
-13.112239 -15.384213 -4.240060
-16.577925 -14.795046 -3.859055
-19.606533 -13.757595 -4.135257
-21.461046 -12.334763 -4.079189
-21.592167 -12.112390 -4.056226
-22.243698 -10.736069 -3.654834
-22.237551 -10.519314 -3.581628
-22.157078 -9.263945 -3.058488
-22.113747 -9.081980 -2.947719
-21.858063 -8.217030 -2.188857
-21.646385 -7.798755 -1.707006
-21.433035 -7.654385 -1.549252
-21.174004 -7.462107 -1.380902
-20.403187 -6.689279 -0.700902
-19.878096 -6.036479 -0.000001
-19.876686 -6.035654 0.001289
-19.876686 -6.035654 0.001289
-19.691496 -5.897320 0.205937
-19.073116 -5.351067 1.171252
-18.699118 -5.159688 1.551942
-18.213148 -4.858976 2.216996
-17.341850 -4.531841 3.172819
-17.235613 -4.484014 3.305501
-17.167536 -4.459697 3.376963
-15.802196 -4.142931 4.228067
-15.458521 -4.036869 4.462177
-14.494067 -3.835966 5.097715
-14.194754 -3.801617 5.201400
-12.838407 -3.515134 5.702970
-12.674503 -3.478001 5.764798
-11.767095 -3.314434 6.140772
-11.405450 -3.266639 6.215509
-10.239631 -3.050986 6.403509
-9.190811 -2.823246 6.525383
-8.420010 -2.624646 6.582133
-8.248495 -2.589457 6.573093
-7.563151 -2.428458 6.504099
-7.413228 -2.398776 6.492618
-6.587206 -2.218781 6.388701
-5.831733 -2.029589 6.245763
-5.145343 -1.836610 6.060578
-4.520262 -1.638518 5.836580
-4.220656 -1.535398 5.711889
-3.941100 -1.462121 5.567660
-3.415090 -1.308998 5.250237
-2.940640 -1.154189 4.901158
-2.501313 -1.002861 4.526763
-2.097418 -0.854662 4.128172
-1.725492 -0.704630 3.710709
-1.538243 -0.623283 3.480193
-1.378856 -0.560403 3.274788
85 
-0.172891 -1.308712 -3.288586
-0.182387 -1.620228 -3.699562
-0.183750 -1.962615 -4.100952
-0.185231 -2.195259 -4.352631
-0.180220 -2.321126 -4.491098
-0.178214 -2.671735 -4.873090
-0.170618 -3.039876 -5.240190
-0.169979 -3.324447 -5.510283
-0.163536 -3.419935 -5.586123
-0.152383 -3.821785 -5.883487
-0.134937 -4.238505 -6.162133
-0.130858 -4.638001 -6.406477
-0.129492 -4.666193 -6.424586
-0.126492 -5.057878 -6.683606
-0.146695 -5.458649 -6.931850
-0.187448 -5.863980 -7.172567
-0.263122 -6.284266 -7.400885
-0.377816 -6.706838 -7.627134
-0.513069 -7.047283 -7.789755
-0.553419 -7.154999 -7.823341
-0.751174 -7.612368 -7.965193
-1.003192 -8.089054 -8.089382
-1.306669 -8.566292 -8.217121
-1.722805 -9.106644 -8.288349
-2.237363 -9.675109 -8.341444
-2.952067 -10.298332 -8.272254
-3.049339 -10.380402 -8.273048
-3.825855 -10.941408 -8.300895
-4.195875 -11.268686 -8.306992
-4.570185 -11.543299 -8.238811
-5.487636 -12.114780 -8.167112
-6.500335 -12.774870 -7.977283
-8.277225 -13.743356 -7.094951
-8.477650 -13.846825 -7.030138
-9.650305 -14.457828 -6.596644
-11.086514 -14.969246 -5.071035
-12.833616 -15.413077 -3.598889
-16.139124 -14.682247 -3.463912
-18.929352 -13.526945 -3.833670
-19.463882 -13.106943 -3.839212
-20.706629 -12.203837 -3.528944
-21.160885 -11.232647 -3.287349
-21.412733 -10.648739 -3.038213
-21.414900 -9.898656 -2.699219
-21.275801 -9.096183 -2.179417
-21.238033 -8.866733 -1.940767
-21.219294 -8.858415 -1.929320
-20.222193 -8.321447 -1.215615
-19.530781 -7.625091 -0.354863
-19.343502 -7.375939 -0.000001
-19.341410 -7.375303 0.001576
-19.341410 -7.375303 0.001576
-18.560551 -7.115241 0.721153
-17.961782 -6.847720 1.498842
-17.621023 -6.770944 1.787745
-17.350933 -6.712782 1.953049
-16.070210 -6.385636 2.844043
-15.995616 -6.353489 2.898894
-14.797544 -6.069466 3.475349
-13.619813 -5.678698 4.151914
-13.584826 -5.661266 4.173341
-12.424438 -5.250034 4.754298
-12.219786 -5.151215 4.866582
-11.392850 -4.905945 5.045354
-10.773714 -4.673866 5.166286
-10.449656 -4.576109 5.219828
-9.516140 -4.217253 5.380512
-8.677698 -3.823242 5.500920
-7.899568 -3.438467 5.578102
-7.791367 -3.371742 5.588675
-7.117314 -3.030634 5.624289
-6.418425 -2.635343 5.624817
-6.389570 -2.625126 5.619653
-5.738669 -2.361234 5.473412
-5.135609 -2.089415 5.299506
-4.829481 -1.940929 5.198358
-4.544889 -1.822739 5.098129
-3.968135 -1.569346 4.860539
-3.430263 -1.329772 4.589005
-2.934186 -1.106307 4.280805
-2.472854 -0.890332 3.943076
-2.036358 -0.692647 3.580316
-1.858972 -0.612565 3.420348
-1.744692 -0.565601 3.308626
-1.626718 -0.528276 3.180695
84 
-0.230753 -1.284126 -3.299039
-0.255292 -1.591162 -3.712803
-0.274637 -1.928609 -4.116340
-0.289300 -2.295233 -4.506607
-0.304585 -2.580046 -4.785001
-0.305850 -2.676199 -4.884233
-0.319593 -3.044564 -5.251459
-0.337592 -3.333537 -5.525352
-0.336108 -3.424562 -5.597485
-0.346686 -3.825933 -5.893909
-0.352229 -4.241883 -6.171288
-0.369499 -4.671327 -6.431848
-0.388491 -5.107829 -6.680388
-0.423186 -5.463109 -6.866607
-0.429386 -5.548875 -6.915250
-0.487640 -5.961346 -7.150152
-0.581112 -6.389239 -7.372199
-0.713885 -6.819902 -7.591707
-0.751722 -6.904546 -7.631981
-0.894853 -7.276761 -7.743755
-1.093893 -7.743533 -7.871619
-1.343571 -8.230213 -7.980909
-1.664270 -8.724092 -8.089363
-2.112032 -9.287200 -8.136560
-2.644594 -9.890937 -8.150512
-2.678530 -9.919580 -8.150056
-3.312447 -10.461837 -8.164018
-4.075499 -11.039302 -8.173967
-4.133005 -11.089788 -8.175113
-4.880581 -11.645478 -8.033346
-5.807679 -12.240688 -7.919675
-6.855147 -12.942487 -7.655446
-8.168836 -13.723598 -6.961159
-8.603353 -13.951356 -6.816404
-9.325654 -14.338340 -6.542126
-12.120036 -15.227897 -3.855999
-12.660143 -15.347077 -3.451582
-15.865925 -14.564131 -3.361542
-16.437424 -14.296182 -3.478628
-18.518612 -13.495482 -3.340780
-20.198435 -12.159847 -3.035523
-20.378370 -11.772120 -2.953512
-20.887199 -10.651475 -2.484926
-20.899643 -10.372712 -2.349570
-20.881042 -10.199581 -2.232503
-19.869453 -9.836610 -1.822433
-18.874828 -9.376068 -1.105518
-18.232086 -8.750130 -0.300845
-18.092550 -8.555072 -0.000465
-18.092377 -8.554786 -0.000001
-18.090099 -8.554329 0.001827
-18.090099 -8.554329 0.001827
-17.194521 -8.366358 0.526158
-16.538174 -8.066216 1.047180
-16.238281 -7.914791 1.335024
-15.947042 -7.699847 1.685357
-15.376110 -7.560362 2.163904
-15.117184 -7.503798 2.302661
-14.065343 -7.121284 2.897479
-13.649000 -6.885169 3.141483
-13.074203 -6.703650 3.391811
-12.098425 -6.279461 3.821579
-11.270395 -5.817013 4.153048
-11.137573 -5.714501 4.212584
-10.402853 -5.358199 4.443856
-9.599818 -4.899808 4.664392
-8.878346 -4.409000 4.856767
-8.864648 -4.397382 4.860673
-8.105912 -3.937614 4.995129
-7.390811 -3.476178 5.085914
-6.877908 -3.098135 5.135170
-6.718931 -3.003660 5.138397
-6.035894 -2.574924 5.117949
-5.403341 -2.162566 5.051514
-4.944589 -1.857876 4.975918
-4.795393 -1.775041 4.941803
-4.389935 -1.525748 4.832873
-4.196258 -1.454031 4.753047
-3.634723 -1.236078 4.493513
-3.116176 -1.030882 4.196673
-2.634352 -0.829660 3.869001
-2.174405 -0.645137 3.516891
-2.116599 -0.621658 3.471120
-1.733484 -0.482823 3.130113
79 
-0.380174 -1.195287 -3.329212
-0.418654 -1.316321 -3.525478
-0.453191 -1.485972 -3.761451
-0.521350 -1.805618 -4.172935
-0.590153 -2.154101 -4.568761
-0.660751 -2.526700 -4.948812
-0.734449 -2.921668 -5.312521
-0.815316 -3.339100 -5.658907
-0.848390 -3.483330 -5.773633
-0.890141 -3.775704 -5.957696
-0.930772 -4.024596 -6.106804
-0.957644 -4.210774 -6.226908
-1.038221 -4.634400 -6.485139
-1.123452 -5.063995 -6.731020
-1.233495 -5.506387 -6.960717
-1.358629 -5.962088 -7.174278
-1.524677 -6.430677 -7.372691
-1.679466 -6.800406 -7.516869
-1.721182 -6.911458 -7.540818
-1.942167 -7.401012 -7.642683
-2.191425 -7.899685 -7.731097
-2.489390 -8.408514 -7.805567
-2.848302 -8.932775 -7.861327
-3.296933 -9.465204 -7.906866
-3.809329 -10.019119 -7.931870
-4.434623 -10.612605 -7.916295
-4.583637 -10.737892 -7.915703
-5.128664 -11.215386 -7.781839
-5.947869 -11.843701 -7.587220
-6.908141 -12.487753 -7.384894
-7.305604 -12.750622 -7.274250
-8.011167 -13.178571 -7.072135
-9.445675 -13.917658 -6.632449
-9.894833 -14.162881 -6.462070
-12.355223 -14.891632 -4.221409
-15.545039 -14.455276 -3.170825
-18.039448 -13.362031 -3.075255
-19.181189 -12.376961 -2.892808
-19.619072 -12.023685 -2.746891
-19.924923 -11.442571 -2.504571
-19.401371 -11.241300 -2.377013
-18.243923 -10.818434 -1.921655
-17.319286 -10.388105 -1.091060
-16.754868 -9.812542 -0.238471
-16.647253 -9.667299 -0.000383
-16.647114 -9.667076 -0.000001
-16.644386 -9.666294 0.002065
-16.644386 -9.666294 0.002065
-15.777404 -9.415299 0.516238
-15.278358 -9.178235 0.895545
-14.868191 -8.971960 1.251423
-14.265507 -8.527402 1.866494
-14.047249 -8.468991 2.008592
-13.049094 -8.002954 2.762170
-12.254378 -7.479280 3.318446
-12.174968 -7.406752 3.379464
-11.317549 -7.001216 3.829111
-10.471888 -6.503445 4.261396
-9.986803 -6.129004 4.518145
-9.722921 -5.993012 4.613019
-9.692854 -5.979279 4.620364
-8.898106 -5.522061 4.815914
-8.164879 -5.067341 4.973923
-7.529927 -4.594851 5.078946
-7.528194 -4.593941 5.079043
-6.839675 -4.161319 5.106624
-6.208565 -3.721897 5.102646
-5.610367 -3.294302 5.069958
-5.260756 -3.033583 5.028173
-5.037067 -2.895764 4.977461
-4.471626 -2.519465 4.825924
-3.941635 -2.157990 4.640038
-3.442607 -1.816444 4.418886
-3.104664 -1.585613 4.246721
-2.958379 -1.500342 4.158976
-2.494323 -1.215475 3.841986
-2.054709 -0.955444 3.498193
-1.661685 -0.734913 3.143516
-1.645349 -0.727793 3.126069
75 
-0.393894 -1.214236 -3.323708
-0.416624 -1.282346 -3.434483
-0.466266 -1.508574 -3.750387
-0.537650 -1.831995 -4.160004
-0.610031 -2.184025 -4.553903
-0.684255 -2.560411 -4.931748
-0.762297 -2.958812 -5.293237
-0.847388 -3.379660 -5.637270
-0.857752 -3.420916 -5.670183
-0.922639 -3.819777 -5.922064
-0.981681 -4.187840 -6.134177
-0.993216 -4.270003 -6.184799
-1.077512 -4.697576 -6.439706
-1.166635 -5.131443 -6.681954
-1.280730 -5.578270 -6.907834
-1.409823 -6.039466 -7.116736
-1.580390 -6.512940 -7.310892
-1.647902 -6.669102 -7.371731
-1.775685 -6.999084 -7.442506
-1.999686 -7.493172 -7.538654
-2.253054 -7.996684 -7.620989
-2.555714 -8.511669 -7.687918
-2.916471 -9.043497 -7.734790
-3.365079 -9.586423 -7.768400
-3.879353 -10.153809 -7.778125
-4.261968 -10.527263 -7.760433
-4.494884 -10.770586 -7.671925
-5.185937 -11.384995 -7.487778
-6.005360 -12.033142 -7.259239
-6.967420 -12.717987 -6.987248
-7.229249 -12.903933 -6.894090
-8.069943 -13.425314 -6.634754
-8.955333 -13.899697 -6.341988
-11.154546 -14.342556 -4.743562
-11.765791 -14.495308 -4.264071
-14.979960 -14.137362 -3.219048
-16.283432 -13.471966 -3.139830
-17.211386 -13.035272 -2.917837
-17.641951 -12.683540 -2.776196
-16.953655 -12.384136 -2.626454
-15.934618 -11.944630 -2.157376
-15.216240 -11.474237 -1.303976
-14.817125 -10.904594 -0.430910
-14.704191 -10.613838 -0.000001
-14.700663 -10.612198 0.002267
-14.700663 -10.612198 0.002267
-14.222195 -10.375595 0.386852
-13.465728 -9.861154 1.120583
-12.836573 -9.316551 1.763005
-12.676615 -9.089542 1.989537
-12.073703 -8.792060 2.397921
-11.302277 -8.270055 2.961143
-10.686462 -7.709021 3.413965
-10.619652 -7.620311 3.476905
-9.902902 -7.175446 3.854805
-9.188385 -6.642202 4.211540
-8.624739 -6.102769 4.498806
-8.582541 -6.076562 4.510675
-7.853791 -5.578682 4.711678
-7.217760 -5.050362 4.875791
-6.633725 -4.535087 4.991003
-6.617552 -4.518080 4.994087
-6.004872 -4.051337 5.019887
-5.411736 -3.580328 5.013058
-4.865586 -3.133999 4.953849
-4.675575 -2.970087 4.922929
-4.326919 -2.719919 4.826046
-3.808995 -2.327646 4.644658
-3.322388 -1.959315 4.426138
-2.858048 -1.615944 4.174957
-2.750875 -1.535470 4.112424
-2.406766 -1.307777 3.865879
-1.979866 -1.028912 3.519514
-1.941042 -1.002986 3.486267
-1.590032 -0.817351 3.123887
75 
-0.372620 -1.196023 -3.329184
-0.409708 -1.315168 -3.522391
-0.443519 -1.486815 -3.761150
-0.509292 -1.806611 -4.172594
-0.575450 -2.155287 -4.568482
-0.643366 -2.528150 -4.948685
-0.713850 -2.923445 -5.312651
-0.791591 -3.341274 -5.659365
-0.822649 -3.481954 -5.771353
-0.862631 -3.778370 -5.958150
-0.887658 -3.930371 -6.050903
-0.927675 -4.203547 -6.230669
-1.005118 -4.626843 -6.489475
-1.087070 -5.056106 -6.735990
-1.193702 -5.498178 -6.966362
-1.315499 -5.953475 -7.180710
-1.477741 -6.421762 -7.379875
-1.639438 -6.815535 -7.533591
-1.671393 -6.902229 -7.552336
-1.889623 -7.391559 -7.655092
-2.135127 -7.889994 -7.744436
-2.428805 -8.398454 -7.819985
-2.786033 -8.922119 -7.876881
-3.234683 -9.453553 -7.923819
-3.745364 -10.006174 -7.950603
-4.372701 -10.597048 -7.937963
-4.576650 -10.767396 -7.937453
-5.067772 -11.198307 -7.816915
-5.886747 -11.824492 -7.626128
-6.845119 -12.464072 -7.431727
-7.384496 -12.820694 -7.278569
-7.950120 -13.164248 -7.115026
-9.382084 -13.900410 -6.679989
-9.921967 -14.193580 -6.476076
-12.407149 -14.928856 -4.210721
-15.550474 -14.492438 -3.172132
-14.685158 -14.072326 -2.861462
-14.565491 -13.999872 -2.797645
-13.864447 -13.530730 -2.528332
-13.285768 -12.982449 -2.009238
-12.946866 -12.422318 -1.223977
-12.758925 -11.847574 -0.394029
-12.781711 -11.544617 -0.000001
-12.778240 -11.542398 0.002466
-12.778240 -11.542398 0.002466
-12.395782 -11.277802 0.333703
-11.781785 -10.737896 0.987821
-11.289960 -10.168370 1.632055
-11.014353 -9.653133 2.112896
-10.876213 -9.570189 2.203163
-10.173603 -9.032413 2.736491
-9.613777 -8.459453 3.212950
-9.201163 -7.893753 3.601668
-9.156524 -7.865563 3.622836
-8.450069 -7.302249 4.020814
-7.839591 -6.728054 4.366525
-7.760092 -6.637495 4.412531
-7.432850 -6.247065 4.605177
-7.282296 -6.136734 4.651478
-6.646963 -5.556492 4.869914
-6.077781 -4.984006 5.029818
-5.754410 -4.614118 5.100243
-5.528542 -4.434265 5.114315
-5.136645 -4.076326 5.131086
-4.949416 -3.933494 5.110081
-4.434901 -3.492138 5.013543
-3.947617 -3.077475 4.876755
-3.752326 -2.901062 4.808519
-3.475431 -2.683722 4.680656
-3.024007 -2.313973 4.430490
-2.598939 -1.966780 4.147984
-2.196730 -1.640078 3.836158
-1.823651 -1.341594 3.490492
-1.738153 -1.271660 3.405867
-1.466191 -1.070244 3.104655
74 
-0.272250 -1.258741 -3.310282
-0.307579 -1.561056 -3.726774
-0.339821 -1.893410 -4.132599
-0.368787 -2.254855 -4.524521
-0.399002 -2.642372 -4.901564
-0.419141 -2.882535 -5.120950
-0.426322 -3.033580 -5.266463
-0.460752 -3.368204 -5.582811
-0.461422 -3.412091 -5.617501
-0.487778 -3.811455 -5.914474
-0.510015 -4.225262 -6.192111
-0.543785 -4.652578 -6.452518
-0.580040 -5.086610 -6.700863
-0.639112 -5.534105 -6.933312
-0.714414 -5.995963 -7.149556
-0.810723 -6.409282 -7.326583
-0.823426 -6.465695 -7.352967
-0.939347 -6.806124 -7.523189
-0.968656 -6.902974 -7.554378
-1.149307 -7.366330 -7.685740
-1.349304 -7.839931 -7.803377
-1.597238 -8.333862 -7.901783
-1.930773 -8.839897 -7.996138
-2.267984 -9.252799 -8.026280
-2.391732 -9.399411 -8.038795
-2.879180 -9.946007 -8.077005
-3.534180 -10.521852 -8.081656
-4.106484 -10.966855 -8.084489
-4.265520 -11.111006 -8.044860
-5.081465 -11.725146 -7.877355
-6.014809 -12.338598 -7.731610
-7.084776 -13.072476 -7.410583
-8.073170 -13.688935 -6.872357
-8.712634 -14.027640 -6.655396
-9.113502 -14.246690 -6.500309
-12.518470 -15.283351 -3.363783
-12.573206 -15.275981 -3.343635
-11.883419 -14.743881 -2.959064
-11.345306 -14.188765 -2.472466
-11.070280 -13.632344 -1.812768
-10.948228 -13.092888 -0.962246
-11.025927 -12.564024 -0.000001
-11.022596 -12.561501 0.002683
-11.022596 -12.561501 0.002683
-11.002222 -12.544542 0.019863
-10.420402 -12.007439 0.598854
-10.004462 -11.433269 1.197165
-9.628399 -10.863477 1.829229
-9.456853 -10.415781 2.279826
-9.281078 -10.275021 2.408009
-8.687780 -9.707645 2.918888
-8.208710 -9.094671 3.474648
-7.838474 -8.570508 3.910449
-7.745213 -8.495610 3.959841
-7.093271 -7.901485 4.347365
-6.556160 -7.285179 4.700283
-6.300311 -6.947218 4.876544
-6.128983 -6.735766 4.965435
-6.065478 -6.681423 4.983383
-5.811517 -6.410273 5.082051
-5.477094 -6.087406 5.160728
-4.956984 -5.524928 5.261403
-4.478844 -4.977288 5.321128
-4.365058 -4.820860 5.328766
-4.005182 -4.450918 5.279608
-3.544417 -3.958578 5.171030
-3.132440 -3.489196 5.017153
-2.755878 -3.040751 4.824684
-2.614295 -2.862454 4.744527
-2.384501 -2.606922 4.577822
-2.033922 -2.212261 4.272358
-1.717542 -1.847133 3.933542
-1.419987 -1.508968 3.569741
-1.147972 -1.210098 3.177658
70 
-0.095333 -1.351284 -3.269927
-0.084664 -1.670645 -3.676277
-0.081454 -1.787106 -3.817480
-0.065042 -2.000364 -4.076032
-0.040455 -2.340708 -4.465551
-0.010165 -2.693644 -4.844992
0.025527 -3.064605 -5.210421
0.039045 -3.250585 -5.387858
0.063072 -3.448267 -5.545632
0.102759 -3.854388 -5.841525
0.104678 -3.880737 -5.860171
0.143952 -4.231496 -6.127544
0.174082 -4.618220 -6.397936
0.198649 -5.007206 -6.659019
0.202162 -5.405256 -6.909267
0.183008 -5.807813 -7.152674
0.129299 -6.225210 -7.383900
0.036917 -6.644826 -7.613244
-0.107452 -7.073932 -7.819212
-0.113250 -7.089939 -7.824329
-0.309349 -7.545159 -7.973188
-0.564385 -8.019663 -8.104754
-0.845659 -8.491219 -8.239917
-1.221024 -9.022787 -8.319405
-1.712371 -9.578780 -8.386481
-2.341183 -10.300897 -8.289710
-2.987913 -10.857109 -8.003587
-3.276199 -11.183218 -7.804179
-3.424491 -11.327071 -7.760835
-4.237258 -11.964310 -7.556993
-5.144362 -12.623698 -7.337578
-6.119770 -13.439337 -6.887007
-6.531655 -13.977656 -6.377558
-6.885219 -14.264307 -4.739880
-7.538792 -14.489610 -3.520130
-7.979259 -14.569011 -3.188892
-7.735700 -14.183138 -2.662433
-7.601965 -13.716026 -1.881693
-7.674417 -13.253061 -0.945788
-7.921465 -12.809014 -0.000001
-7.919190 -12.806514 0.002736
-7.919190 -12.806514 0.002736
-7.897980 -12.781324 0.028328
-7.543760 -12.233770 0.617254
-7.263956 -11.674672 1.279021
-7.132071 -11.085896 1.968662
-7.081151 -10.745144 2.351918
-6.855846 -10.500418 2.575817
-6.429887 -9.879831 3.148878
-6.107214 -9.246687 3.696829
-5.975530 -8.862672 4.015409
-5.967189 -8.838670 4.032803
-5.767746 -8.592822 4.180331
-5.313612 -7.916384 4.562819
-4.913516 -7.243831 4.907197
-4.749625 -6.874673 5.067833
-4.513316 -6.588210 5.137959
-4.058838 -5.969562 5.253059
-3.664799 -5.365153 5.317882
-3.333859 -4.830779 5.339731
-3.295198 -4.783287 5.332460
-2.903454 -4.241650 5.220745
-2.555553 -3.728894 5.062640
-2.237802 -3.243763 4.864702
-1.975714 -2.807940 4.654169
-1.950114 -2.774593 4.632044
-1.652444 -2.348393 4.319240
-1.384090 -1.956432 3.975036
-1.144979 -1.596088 3.604000
-0.923931 -1.278203 3.208911
65 
-0.046739 -1.393516 -3.250719
-0.038336 -1.563136 -3.470020
-0.024474 -1.709580 -3.653810
0.006883 -2.035207 -4.050486
0.045886 -2.381009 -4.436142
0.093650 -2.738894 -4.812309
0.146698 -3.115159 -5.174986
0.148335 -3.131804 -5.190977
0.200219 -3.505857 -5.491070
0.203666 -3.541092 -5.517886
0.250203 -3.882659 -5.787501
0.304163 -4.261373 -6.070142
0.349111 -4.652299 -6.336687
0.386112 -5.046167 -6.594174
0.403299 -5.449103 -6.840783
0.396598 -5.857904 -7.079910
0.355552 -6.282093 -7.306528
0.276033 -6.709157 -7.530855
0.220428 -6.893198 -7.619436
0.125246 -7.163338 -7.704750
-0.069957 -7.629324 -7.844214
-0.326627 -8.115463 -7.965606
-0.595871 -8.602705 -8.084049
-0.949144 -9.153890 -8.141064
-1.427918 -9.742321 -8.172384
-1.915901 -10.533192 -7.984636
-2.012320 -10.709269 -7.894603
-2.555503 -11.466423 -7.411094
-3.715613 -12.869967 -6.002395
-3.774133 -12.923702 -5.973081
-3.854014 -12.998929 -5.930996
-5.303455 -14.062191 -3.077958
-5.137273 -13.886539 -2.651348
-4.956702 -13.505629 -1.745780
-5.026647 -13.142662 -0.700055
-5.175197 -12.954403 -0.000001
-5.173491 -12.952239 0.002767
-5.173491 -12.952239 0.002767
-4.999930 -12.724771 0.284068
-4.752260 -12.189177 0.955727
-4.591949 -11.645346 1.668926
-4.544480 -11.113825 2.432615
-4.517158 -11.080270 2.462735
-4.123600 -10.462698 3.011915
-3.838482 -9.824988 3.579757
-3.648393 -9.172894 4.154212
-3.644590 -9.149899 4.174808
-3.266695 -8.501413 4.499669
-2.975405 -7.842894 4.782870
-2.736249 -7.201202 5.018903
-2.665411 -6.931668 5.109849
-2.459343 -6.566584 5.145157
-2.161254 -5.949419 5.175381
-1.932793 -5.352916 5.161935
-1.737150 -4.771556 5.116782
-1.691191 -4.619299 5.099945
-1.689462 -4.613297 5.099336
-1.508854 -4.204382 4.979616
-1.309995 -3.661287 4.780513
-1.142924 -3.149258 4.544562
-0.992229 -2.670772 4.274609
-0.953767 -2.527537 4.189402
-0.824620 -2.226047 3.946685
-0.670173 -1.826237 3.577214
-0.536872 -1.467438 3.188493
63 
-0.006208 -1.413099 -3.241058
0.024487 -1.719782 -3.643079
0.065980 -2.046912 -4.037674
0.116830 -2.394475 -4.421472
0.178950 -2.753982 -4.796130
0.236204 -3.087482 -5.117513
0.244479 -3.132293 -5.153699
0.263998 -3.273344 -5.272350
0.305814 -3.509604 -5.463953
0.366056 -3.883928 -5.759377
0.430319 -4.263771 -6.040642
0.486937 -4.655709 -6.305866
0.533729 -5.050990 -6.562330
0.561684 -5.455334 -6.807884
0.564788 -5.866089 -7.045844
0.533715 -6.292431 -7.271207
0.464325 -6.721905 -7.494152
0.436076 -6.824722 -7.543746
0.313388 -7.180028 -7.655978
0.118893 -7.650005 -7.793009
-0.139066 -8.140487 -7.911722
-0.398820 -8.633006 -8.024820
-0.734666 -9.190437 -8.074309
-1.203518 -9.789619 -8.093825
-1.580404 -10.599562 -7.873188
-1.594095 -10.647066 -7.848750
-2.134511 -11.489556 -7.309280
-2.557144 -12.846809 -5.861588
-2.437666 -13.107857 -3.772305
-2.715288 -13.293453 -2.909696
-2.503332 -13.046211 -2.152610
-2.378279 -12.735086 -1.027358
-2.433908 -12.546510 -0.000927
-2.434040 -12.546362 -0.000001
-2.432517 -12.544373 0.002680
-2.432517 -12.544373 0.002680
-2.329284 -12.404218 0.199729
-2.270096 -12.267661 0.400292
-2.114641 -11.885940 0.944223
-2.041776 -11.353860 1.777981
-2.085761 -10.984099 2.404221
-1.963780 -10.785456 2.570299
-1.687780 -10.160262 3.087255
-1.499485 -9.526381 3.617859
-1.465154 -8.987549 4.100732
-1.403459 -8.862330 4.158601
-1.151074 -8.182574 4.447491
-0.996542 -7.524250 4.688655
-0.916622 -6.883908 4.890140
-0.907153 -6.707744 4.944777
-0.752538 -6.242014 4.961735
-0.610388 -5.624563 4.949862
-0.522962 -5.033643 4.899746
-0.475500 -4.467697 4.813770
-0.469913 -4.334522 4.791190
-0.382234 -3.922286 4.630440
-0.306462 -3.412933 4.391240
-0.295201 -3.241212 4.304660
-0.266878 -2.923605 4.125409
-0.238138 -2.451925 3.839591
-0.231329 -2.219173 3.678287
-0.194372 -2.026045 3.503348
-0.144865 -1.639884 3.129262
67 
-0.003366 -1.358496 -3.267152
0.027939 -1.653024 -3.674926
0.070146 -1.968392 -4.075109
0.121831 -2.303325 -4.464938
0.184963 -2.651478 -4.845031
0.253279 -3.018142 -5.212180
0.270454 -3.124892 -5.316985
0.311394 -3.329100 -5.517996
0.321500 -3.376976 -5.558607
0.383352 -3.733159 -5.867369
0.449154 -4.093533 -6.163022
0.507514 -4.466966 -6.441914
0.555769 -4.842673 -6.712929
0.585331 -5.227378 -6.973077
0.589899 -5.614298 -7.228794
0.560314 -6.014947 -7.473304
0.521962 -6.233368 -7.609642
0.499524 -6.449156 -7.686409
0.381566 -6.984025 -7.831345
0.335441 -7.107505 -7.856322
0.275123 -7.272227 -7.863374
0.174408 -7.510738 -7.938643
-0.083930 -7.986988 -8.073712
-0.340896 -8.458401 -8.210287
-0.671619 -8.988255 -8.290081
-1.137555 -9.543296 -8.358422
-1.481782 -10.247670 -8.251021
-1.574439 -10.771076 -7.940166
-1.901662 -11.301982 -7.593655
-1.862039 -12.797891 -5.909279
-1.852424 -12.833014 -5.855294
-1.846613 -12.833261 -5.841672
-1.225091 -13.065508 -3.610940
-1.260566 -13.203012 -2.889899
-0.865690 -12.926964 -2.096619
-0.480633 -12.597754 -1.010587
-0.470515 -12.588538 -0.983454
-0.344193 -12.376820 -0.127171
-0.329373 -12.354366 -0.000001
-0.327920 -12.352454 0.002639
-0.327920 -12.352454 0.002639
-0.231698 -12.224824 0.177937
0.106200 -11.658189 1.020705
0.310786 -11.119688 1.863001
0.336936 -10.825925 2.369599
0.495856 -10.536091 2.587189
0.728134 -9.881885 3.093465
0.820660 -9.266886 3.575553
0.802730 -8.762630 3.998109
0.843246 -8.648657 4.046706
1.000178 -7.939076 4.341459
1.039070 -7.289702 4.581103
1.000521 -6.680285 4.780604
0.978111 -6.546191 4.825684
1.036444 -6.040498 4.843479
1.030334 -5.436219 4.835722
0.999234 -5.104016 4.812802
0.980502 -4.872149 4.781867
0.868328 -4.337927 4.690932
0.841348 -4.223161 4.668096
0.830527 -3.813961 4.500482
0.768578 -3.323634 4.266074
0.676397 -2.863416 4.011914
0.568486 -2.439510 3.732705
0.471450 -2.099179 3.479395
0.466995 -2.044044 3.426907
0.410391 -1.675954 3.068923
58 
0.247301 -1.326766 -3.257029
0.332429 -1.611732 -3.658797
0.416200 -1.862593 -3.988218
0.437239 -1.914258 -4.053996
0.554235 -2.215949 -4.435419
0.681731 -2.531084 -4.805044
0.813902 -2.855319 -5.164832
0.953312 -3.187061 -5.513974
1.024171 -3.367914 -5.704065
1.094481 -3.510632 -5.848116
1.115429 -3.559353 -5.899642
1.228669 -3.828503 -6.143610
1.357894 -4.154842 -6.421296
1.472218 -4.490558 -6.688238
1.573637 -4.830329 -6.947975
1.643148 -5.191343 -7.194893
1.683679 -5.559938 -7.438153
1.660507 -5.968328 -7.665434
1.575480 -6.416983 -7.875278
1.423247 -6.960570 -8.028610
1.405117 -7.260860 -8.025833
1.284243 -7.642811 -7.994650
1.038960 -8.416215 -7.826553
0.874852 -9.204874 -7.609424
1.031268 -9.692562 -7.145113
0.818473 -10.823997 -5.939882
0.955324 -11.383076 -5.193733
1.241262 -11.672134 -3.702814
1.199728 -11.951310 -2.615925
1.550125 -11.668097 -1.558584
1.682697 -11.399635 -0.000001
1.683995 -11.397956 0.002435
1.683995 -11.397956 0.002435
1.901108 -10.801440 1.031460
1.951913 -10.262197 2.108288
1.931062 -10.210055 2.234797
2.134196 -9.559477 2.788668
2.167475 -8.918303 3.366025
2.099086 -8.423331 3.843297
2.130562 -8.290707 3.902547
2.193113 -7.572383 4.227048
2.134962 -6.938261 4.495102
2.014367 -6.390863 4.711181
2.018038 -6.346520 4.714468
2.002053 -5.704411 4.753484
1.916425 -5.244542 4.762158
1.897018 -5.135878 4.753692
1.739911 -4.614748 4.698596
1.582119 -4.183189 4.623913
1.575115 -4.118826 4.599203
1.465275 -3.620203 4.402918
1.319503 -3.160644 4.184725
1.152992 -2.734552 3.944984
0.975283 -2.338637 3.685081
0.926710 -2.238970 3.615182
0.877585 -2.131844 3.533537
0.831918 -1.962761 3.374367
0.706540 -1.614169 3.030445
57 
0.509513 -1.312362 -3.221732
0.642280 -1.567197 -3.613208
0.790602 -1.839069 -3.999216
0.954596 -2.126120 -4.376754
1.005223 -2.216922 -4.493063
1.132013 -2.407429 -4.737703
1.317406 -2.683082 -5.086511
1.507909 -2.960952 -5.425479
1.694761 -3.241717 -5.756982
1.872816 -3.524272 -6.083060
1.919158 -3.611509 -6.183249
2.042634 -3.810711 -6.383192
2.097058 -3.914283 -6.487940
2.206107 -4.102490 -6.650894
2.360557 -4.411968 -6.891978
2.491586 -4.746037 -7.118211
2.600320 -5.119328 -7.318480
2.678513 -5.551471 -7.483083
2.705925 -6.099923 -7.580149
2.703601 -6.778609 -7.492776
2.695280 -6.902887 -7.474911
2.622624 -7.586236 -7.367332
2.957183 -8.765030 -6.461359
2.955813 -8.775160 -6.449792
3.017704 -10.195037 -4.651669
3.194398 -10.707205 -2.343613
3.306560 -10.618641 -1.949930
3.435555 -10.512438 -1.515953
3.293765 -10.511186 -0.008477
3.292797 -10.510641 -0.000001
3.293646 -10.509155 0.002245
3.293646 -10.509155 0.002245
3.458051 -10.202188 0.453021
3.444534 -9.657724 1.701581
3.403434 -9.512454 2.082104
3.511636 -8.970838 2.571467
3.435951 -8.342583 3.242723
3.337772 -7.997171 3.648854
3.369883 -7.670650 3.812780
3.310338 -6.984649 4.168679
3.139837 -6.398643 4.474808
3.061368 -6.209170 4.577242
3.023129 -5.781367 4.628145
2.885126 -5.286620 4.681243
2.866376 -5.218837 4.682002
2.655492 -4.710018 4.683166
2.418773 -4.235784 4.652171
2.401810 -4.207142 4.650390
2.246941 -3.745996 4.506029
2.042391 -3.298469 4.333004
1.817273 -2.891981 4.133261
1.578666 -2.515118 3.913243
1.562395 -2.492692 3.899909
1.401614 -2.253879 3.735812
1.355444 -2.150333 3.643300
1.172205 -1.808776 3.321129
0.985667 -1.493499 2.997125
56 
0.521471 -1.302807 -3.223590
0.656203 -1.555011 -3.615593
0.806423 -1.824071 -4.002383
0.972520 -2.107980 -4.380949
1.000934 -2.158326 -4.446858
1.151823 -2.381582 -4.742280
1.338802 -2.652425 -5.092965
1.531010 -2.924796 -5.434172
1.719567 -3.199981 -5.768013
1.898992 -3.476330 -6.096900
1.913927 -3.503830 -6.129858
2.072906 -3.753535 -6.394934
2.225773 -4.019924 -6.663041
2.237844 -4.039201 -6.679643
2.394197 -4.338515 -6.927591
2.527814 -4.660357 -7.161881
2.639205 -5.016474 -7.373894
2.722606 -5.424927 -7.553768
2.757213 -5.928853 -7.680645
2.772736 -6.651582 -7.647627
2.914708 -6.790637 -7.506072
2.875523 -7.404684 -7.416445
3.302318 -8.057578 -6.972018
3.617998 -8.415253 -6.203512
3.626974 -8.847912 -5.682520
3.977717 -9.608025 -4.383834
4.388300 -10.005066 -2.189928
4.614563 -9.817670 -1.542599
4.679117 -9.671145 -0.000001
4.679815 -9.669716 0.002066
4.679815 -9.669716 0.002066
4.821187 -9.345667 0.514094
4.734084 -8.832282 1.933227
4.742150 -8.796150 1.966486
4.728879 -8.038158 2.836582
4.621413 -7.554111 3.446700
4.631332 -7.354893 3.557070
4.514462 -6.659503 4.000233
4.303171 -6.080005 4.387536
4.267426 -6.015604 4.434550
4.133601 -5.464604 4.570219
3.896033 -4.942133 4.699240
3.843943 -4.853174 4.720688
3.629473 -4.470938 4.759908
3.517359 -4.318068 4.773001
3.382417 -4.005980 4.715462
3.132576 -3.563100 4.614414
2.858487 -3.168432 4.485272
2.568649 -2.807203 4.332629
2.307658 -2.523638 4.182938
2.276247 -2.474852 4.144728
2.270058 -2.467094 4.139366
2.021536 -2.134626 3.872279
1.765310 -1.823745 3.585489
1.508522 -1.540571 3.289540
1.261597 -1.281543 2.985394
65 
0.152238 -1.266012 -3.296037
0.216955 -1.538517 -3.707856
0.298297 -1.832715 -4.113035
0.395712 -2.145407 -4.509721
0.396677 -2.148741 -4.513947
0.503374 -2.448467 -4.888948
0.611071 -2.760423 -5.258410
0.724441 -3.080794 -5.616248
0.833087 -3.404315 -5.966871
0.946113 -3.727270 -6.310001
0.965760 -3.802458 -6.387994
1.014147 -3.944002 -6.537200
1.051476 -4.040163 -6.624779
1.146924 -4.353971 -6.910978
1.229217 -4.666995 -7.193329
1.282590 -4.995764 -7.465643
1.305196 -5.316629 -7.746302
1.271921 -5.662944 -8.019017
1.175872 -6.011286 -8.303133
0.994393 -6.404667 -8.573521
0.763158 -6.811338 -8.842685
1.590445 -7.490947 -8.280164
1.446680 -7.957133 -8.192122
1.411382 -8.243704 -8.490072
1.599264 -8.125628 -8.638783
1.689419 -8.004120 -8.641437
1.728513 -7.848410 -8.675285
2.005301 -7.227139 -8.605868
2.550880 -6.700106 -8.228716
3.150494 -6.805588 -7.522597
3.143984 -7.223998 -7.455271
3.293456 -7.375107 -7.428209
4.700078 -7.616796 -6.051164
4.906763 -7.719809 -5.690849
5.301363 -8.564549 -3.907730
5.644718 -8.952924 -1.959633
5.854485 -8.618506 -0.000001
5.854746 -8.617485 0.001841
5.854746 -8.617485 0.001841
5.892749 -8.465693 0.298192
5.810966 -8.010774 1.753414
5.820745 -7.809502 1.970325
5.667083 -7.149978 2.890465
5.587431 -6.968291 3.179409
5.495919 -6.473188 3.542744
5.234143 -5.902839 4.060228
5.186668 -5.821336 4.137345
5.126698 -5.718739 4.215708
4.967362 -5.334338 4.379104
4.693089 -4.813564 4.562322
4.378229 -4.373600 4.695236
4.295581 -4.272537 4.722675
4.093958 -3.920625 4.712759
3.801804 -3.509726 4.670580
3.492675 -3.146814 4.596447
3.307755 -2.965064 4.551895
3.164445 -2.811283 4.490727
3.021685 -2.676934 4.437027
2.856971 -2.475876 4.307653
2.563158 -2.163261 4.076212
2.262187 -1.872856 3.833173
1.964911 -1.608792 3.571795
1.899797 -1.555706 3.518334
1.674125 -1.360089 3.285770
1.398284 -1.131507 2.986987
59 
0.753447 -1.261471 -3.190039
0.826725 -1.365533 -3.365345
0.926015 -1.499891 -3.567181
1.113090 -1.743144 -3.937886
1.314238 -1.992597 -4.301883
1.527584 -2.241098 -4.660084
1.744665 -2.490588 -5.012599
1.756235 -2.504132 -5.032398
1.968052 -2.731908 -5.335361
2.187890 -2.971045 -5.650209
2.407855 -3.210960 -5.954848
2.627595 -3.451249 -6.249942
2.835013 -3.696657 -6.539989
3.025287 -3.934620 -6.797743
3.042219 -3.955258 -6.812880
3.201076 -4.224489 -7.002108
3.231932 -4.271401 -7.029174
3.407687 -4.601723 -7.204600
3.588058 -4.970717 -7.338801
3.764257 -5.445515 -7.390023
4.307140 -5.911342 -7.167691
4.564792 -5.915771 -7.007540
4.894119 -6.032003 -6.667511
5.271113 -6.785486 -5.891310
5.875079 -6.961735 -5.156584
5.887121 -6.967454 -5.136231
6.307450 -7.567363 -3.452746
6.705626 -7.745620 -1.695376
6.897976 -7.543975 -0.000001
6.898017 -7.543292 0.001611
6.898017 -7.543292 0.001611
6.906949 -7.249389 0.759839
6.817665 -7.088107 1.551458
6.697888 -6.626780 2.333380
6.554916 -6.360282 2.901994
6.529510 -6.301445 2.976701
6.409174 -6.039831 3.260793
6.127969 -5.484009 3.803237
6.030369 -5.356842 3.948927
5.811937 -4.929330 4.218597
5.467556 -4.463098 4.513822
5.262397 -4.211522 4.655231
5.136022 -4.019070 4.697836
4.812484 -3.603057 4.766522
4.513715 -3.311367 4.806307
4.459426 -3.251984 4.805749
4.109663 -2.900141 4.781141
4.089141 -2.883207 4.778924
3.772808 -2.571228 4.662396
3.442328 -2.268892 4.508474
3.108191 -2.001783 4.328199
2.936435 -1.881100 4.235509
2.771862 -1.746660 4.118149
2.438357 -1.502102 3.878400
2.296247 -1.409113 3.774003
2.120166 -1.283784 3.600931
1.817633 -1.084986 3.300348
1.626727 -0.969312 3.105407
1.530075 -0.903671 2.988422
62 
0.972694 -1.195506 -3.145880
1.176451 -1.415719 -3.509376
1.398161 -1.639448 -3.872902
1.514070 -1.756309 -4.063582
1.630532 -1.869013 -4.223536
1.873831 -2.097383 -4.556525
2.119921 -2.324880 -4.882581
2.366670 -2.544544 -5.204484
2.615492 -2.760009 -5.518751
2.718889 -2.848212 -5.650949
2.870554 -2.976758 -5.801492
3.125328 -3.194026 -6.060609
3.374168 -3.413061 -6.312310
3.641308 -3.641194 -6.536566
3.927073 -3.893830 -6.727346
4.170360 -4.123060 -6.833988
4.237179 -4.190208 -6.864273
4.257814 -4.214320 -6.878242
4.491021 -4.522822 -6.939911
4.797259 -4.916084 -6.904345
5.486583 -5.322345 -6.456965
5.704267 -5.361975 -6.273336
5.902556 -5.480226 -6.057599
6.272820 -5.961439 -5.381872
6.920081 -6.117733 -4.509838
6.929434 -6.127295 -4.478394
7.349762 -6.570955 -2.998117
7.475136 -6.602384 -2.357136
7.699787 -6.576521 -1.439481
7.755131 -6.517436 -0.999184
7.858216 -6.415514 -0.000001
7.858134 -6.415102 0.001370
7.858134 -6.415102 0.001370
7.818910 -6.078489 1.330471
7.721727 -5.586433 2.282786
7.679341 -5.505709 2.512079
7.512212 -5.151080 3.081070
7.397272 -4.926329 3.388706
7.308447 -4.834701 3.564018
7.000641 -4.381058 4.061595
6.707750 -4.023067 4.446921
6.615432 -3.882234 4.538977
6.233411 -3.428058 4.838153
5.854522 -3.055727 5.057198
5.850330 -3.052453 5.059451
5.791181 -3.001618 5.082405
5.441203 -2.645533 5.180222
5.050500 -2.295212 5.220353
4.686090 -2.001892 5.185412
4.570339 -1.929285 5.167172
4.309405 -1.770589 5.096199
4.234235 -1.729860 5.074494
3.938740 -1.510732 4.945614
3.574074 -1.285173 4.758708
3.218136 -1.103531 4.539932
2.869144 -0.957443 4.294217
2.781024 -0.925565 4.234105
2.529151 -0.795009 4.017158
2.270162 -0.678364 3.787746
2.197807 -0.647415 3.717502
1.872387 -0.529764 3.400713
1.567739 -0.434726 3.075783
67 
1.086512 -1.154588 -3.121704
1.125644 -1.192300 -3.193314
1.306182 -1.364089 -3.483311
1.347051 -1.401358 -3.550966
1.546076 -1.578880 -3.827630
1.794698 -1.796408 -4.165023
2.050736 -2.012808 -4.496758
2.311251 -2.226944 -4.822103
2.538699 -2.409090 -5.109229
2.570235 -2.436099 -5.140529
2.836756 -2.656194 -5.414654
3.103935 -2.866606 -5.681319
3.371779 -3.071581 -5.938882
3.641575 -3.274610 -6.185494
3.936206 -3.480142 -6.403672
4.054884 -3.562720 -6.483594
4.233686 -3.715537 -6.571157
4.539909 -3.987913 -6.685649
4.593679 -4.044735 -6.704165
4.845842 -4.289670 -6.738383
5.206315 -4.627682 -6.690938
5.637302 -4.752303 -6.539978
5.809968 -4.855753 -6.423576
6.682146 -5.045991 -5.577616
6.805570 -5.160334 -5.381482
6.840431 -5.149922 -5.361813
7.594038 -5.419126 -4.197421
7.837893 -5.322336 -3.923491
7.932673 -5.282165 -3.768740
8.446201 -5.274258 -2.406475
8.679426 -5.330670 -1.166787
8.786213 -5.202569 -0.000000
8.786176 -5.202326 0.001111
8.786176 -5.202326 0.001111
8.778561 -4.992087 1.092678
8.720953 -4.592016 2.095191
8.593523 -4.062992 2.995134
8.590285 -4.049018 3.010610
8.546161 -3.884180 3.183214
8.327320 -3.439487 3.801857
8.122015 -2.915372 4.301312
8.012061 -2.733920 4.531482
7.672652 -2.081810 5.005793
7.540979 -1.922191 5.148170
7.236484 -1.556789 5.378124
7.167257 -1.523133 5.430178
6.786643 -1.029433 5.747993
6.688131 -0.902122 5.794365
6.200157 -0.545825 5.958505
5.878909 -0.374634 5.996919
5.765814 -0.254508 6.000860
5.445820 -0.000000 6.025671
5.291541 0.110846 6.005214
4.847139 0.270392 5.938030
4.523725 0.327091 5.849120
4.441168 0.373836 5.806996
4.045640 0.548821 5.601916
3.675078 0.620201 5.372616
3.308547 0.641114 5.132312
3.138669 0.617451 5.018028
2.957101 0.650282 4.850379
2.618980 0.672915 4.532958
2.292039 0.657166 4.205715
1.975211 0.598447 3.872730
1.887718 0.577176 3.782465
1.676466 0.555943 3.515008
1.399447 0.507056 3.149906
74 
0.799384 -1.242985 -3.186683
0.979093 -1.475782 -3.557958
1.173509 -1.713371 -3.927879
1.381125 -1.956773 -4.292133
1.601138 -2.198731 -4.651178
1.712265 -2.322473 -4.837309
1.824713 -2.441074 -4.992765
2.053148 -2.674818 -5.315680
2.279173 -2.905957 -5.631827
2.506643 -3.135614 -5.938353
2.735125 -3.364772 -6.235304
2.950780 -3.597342 -6.528494
2.961914 -3.610443 -6.545030
3.174253 -3.852367 -6.768254
3.387173 -4.149823 -6.984035
3.447386 -4.247215 -7.039777
3.590320 -4.472847 -7.158112
3.788974 -4.818023 -7.297971
3.997854 -5.253134 -7.356081
4.551085 -5.379560 -7.338906
4.621573 -5.420132 -7.279727
5.746135 -5.173917 -6.531999
6.276890 -5.353693 -5.917736
6.387013 -5.478160 -5.726233
6.915254 -5.300176 -5.369290
7.391051 -5.449168 -4.619314
7.968467 -5.131801 -4.025005
8.123316 -5.081776 -3.746157
8.592566 -5.051460 -2.498072
8.838045 -4.762728 -2.190089
8.848483 -4.748444 -2.166563
9.297419 -4.082570 -0.893601
9.503127 -3.717866 -0.000000
9.503180 -3.717622 0.000794
9.503180 -3.717622 0.000794
9.527761 -3.481814 0.762106
9.519434 -3.223963 1.470992
9.484425 -2.850030 2.100970
9.429911 -2.413196 2.667440
9.381888 -2.110114 2.963526
9.333186 -1.900457 3.150013
9.294024 -1.760714 3.254915
9.095955 -1.408705 3.772910
8.795706 -0.788502 4.402719
8.685417 -0.575068 4.574839
8.469667 -0.328976 4.923929
8.264657 -0.000000 5.167589
8.020967 0.350713 5.396438
7.454149 0.970877 5.884732
7.389612 1.061057 5.924580
7.375596 1.077412 5.931134
6.650852 1.758027 6.272253
6.344117 1.915084 6.395403
5.952993 2.304451 6.485284
5.732777 2.439556 6.533824
5.339466 2.603802 6.552905
5.143445 2.592501 6.561003
4.832149 2.691083 6.491215
4.384103 2.745110 6.342177
4.008336 2.682594 6.171000
3.772503 2.598610 6.046700
3.664298 2.579568 5.961907
3.336560 2.482795 5.693933
3.030445 2.358266 5.413137
2.733191 2.203287 5.129552
2.443517 2.024518 4.840872
2.398225 1.991944 4.798139
2.168064 1.857038 4.505280
1.898859 1.685639 4.159160
1.636716 1.495491 3.816726
1.386399 1.298364 3.473657
1.382308 1.294974 3.468309
1.233392 1.174880 3.259015
1.145971 1.104285 3.115057
75 
0.976043 -1.182463 -3.150950
1.180266 -1.399381 -3.515770
1.402503 -1.619193 -3.880937
1.509527 -1.724978 -4.058297
1.635379 -1.844164 -4.232780
1.879053 -2.067350 -4.568065
2.125570 -2.288837 -4.896814
2.372669 -2.501944 -5.221736
2.621927 -2.710173 -5.539317
2.713981 -2.785418 -5.658908
2.877507 -2.918126 -5.824656
3.132670 -3.124205 -6.088957
3.382135 -3.329980 -6.346683
3.650093 -3.538574 -6.579872
3.937229 -3.761522 -6.784118
4.238012 -3.992785 -6.923271
4.265371 -4.019202 -6.931720
4.436909 -4.222320 -6.998511
4.542608 -4.343610 -7.018606
4.856732 -4.684361 -7.014368
5.557192 -4.804741 -6.768548
5.698306 -4.743762 -6.715856
6.828567 -4.598401 -5.803041
6.848681 -4.604959 -5.779742
7.682736 -4.449176 -4.917922
7.830769 -4.463698 -4.722913
7.889987 -4.410191 -4.692317
8.776882 -3.866021 -3.431606
8.877881 -3.834285 -3.150183
9.464879 -2.936375 -2.238260
9.494776 -2.882774 -2.125108
9.742847 -2.404564 -1.097126
9.866149 -2.142180 -0.468884
9.931558 -1.970003 -0.000000
9.931570 -1.969885 0.000421
9.931570 -1.969885 0.000421
9.933093 -1.859079 0.406919
9.927052 -1.750363 0.798635
9.921513 -1.702605 0.964757
9.893335 -1.633298 1.204026
9.825089 -1.478899 1.634709
9.734930 -1.237868 2.051771
9.628926 -0.921340 2.467609
9.496940 -0.518658 2.896003
9.421442 -0.295059 3.104305
9.268829 -0.110443 3.585455
9.197912 -0.000000 3.710773
8.744293 0.712202 4.383125
8.615911 0.819977 4.578470
8.453587 0.953724 4.840559
8.005296 1.476119 5.234367
7.488271 1.864576 5.693615
7.285294 2.059777 5.804533
7.110061 2.205047 5.905743
6.513456 2.629724 6.195060
6.418877 2.649549 6.252672
5.734135 3.106176 6.397538
5.248397 3.174044 6.518421
5.080164 3.268511 6.519260
4.533787 3.277921 6.494301
4.111443 3.207937 6.382928
3.947634 3.141247 6.331586
3.733460 3.084151 6.210958
3.393316 2.957763 5.978068
3.090353 2.800210 5.723490
2.798198 2.629994 5.456272
2.586871 2.489244 5.262052
2.512862 2.441640 5.173005
2.241408 2.257821 4.846534
1.980767 2.059955 4.513779
1.724241 1.854197 4.177270
1.476475 1.636045 3.839321
1.428901 1.591513 3.776032
1.246057 1.417753 3.481023
1.031269 1.203071 3.120681
