035A San Felix          Chile               1987-1997 26170S 080080W 1 00000R MM
035A San  1987 001J  9999 9999 9999 9999 9999 9999 9999 9999 9999 9999 9999 9999
035A San  1987 013J  9999 9999 9999 9999 9999 9999 9999 9999 9999 9999 9999 9999
035A San  1987 025J  9999 9999 9999 9999 9999 9999 9999 9999 9999 9999 9999 9999
035A San  1987 037J  9999 9999 9999 9999 9999 9999 9999 9999 9999 9999 9999 9999
035A San  1987 049J  9999 9999 9999 9999 9999 9999 9999 9999 9999 9999 9999 9999
035A San  1987 061J  9999 9999 9999 9999 9999 9999 9999 9999 9999 9999 9999 9999
035A San  1987 073J  9999 9999 9999 9999 9999 9999 9999 9999 9999 9999 9999 9999
035A San  1987 085J  9999 9999 9999 9999 9999 9999 9999 9999 9999 9999 9999 9999
035A San  1987 097J  9999 9999 9999 9999 9999 9999 9999 9999 9999 9999 9999 9999
035A San  1987 109J  9999 9999 9999 9999 9999 9999 9999 9999 9999 9999 9999 9999
035A San  1987 121J  9999 9999 9999 9999 9999 9999 9999 9999 9999 9999 9999 9999
035A San  1987 133J  9999 9999 9999 9999 9999 9999 9999 9999 9999 9999 9999 9999
035A San  1987 145J  9999 9999 9999 9999 9999 9999 9999 9999 9999 9999 9999 9999
035A San  1987 157J  9999 9999 9999 9999 9999 9999 9999 9999 9999 9999 9999 9999
035A San  1987 169J  9999 9999 9999 9999 9999 9999 9999 9999 9999 9999 9999 9999
035A San  1987 181J  9999 9999 9999 9999 9999 9999 9999 9999 9999 9999 9999 9999
035A San  1987 193J  9999 9999 9999 9999 9999 9999 9999 9999 9999 9999 9999 9999
035A San  1987 205J  9999 9999 9999 9999 9999 9999 9999 9999 9999 9999 9999 9999
035A San  1987 217J  9999 9999 9999 9999 9999 9999 9999 9999 9999 9999 9999 9999
035A San  1987 229J  9999 9999 9999 9999 9999 9999 9999 9999 9999 9999 9999 9999
035A San  1987 241J  9999 9999 9999 9999 9999 9999 9999 9999 9999 9999 9999 9999
035A San  1987 253J  9999 9999 9999 9999 9999 9999 9999 9999 9999 9999 9999 9999
035A San  1987 265J  9999 9999 9999 9999 9999 9999 9999 9999 9999 9999 9999 9999
035A San  1987 277J  9999 9999 9999 9999 9999 9999 9999 9999 9999 9999 9999 9999
035A San  1987 289J  9999 9999 9999 9999 9999 9999 9999 9999 9999 9999 9999 9999
035A San  1987 301J  9999 9999 9999 9999 9999 9999 9999 9999 9999 9999 1762 1713
035A San  1987 313J  1704 1787 1768 1703 1634 1599 1712 1734 1755 1757 1728 1720
035A San  1987 325J  1757 1729 1666 1665 1689 1661 1694 1702 1674 1706 1692 1677
035A San  1987 337J  1618 1643 1734 1755 1712 1695 1709 1701 1701 1741 1769 1696
035A San  1987 349J  1643 1647 1702 1757 1779 1797 1776 1715 1686 1697 1741 1761
035A San  1987 361J  1756 1719 1729 1739 1743-9999-9999-9999-9999-9999-9999-9999
035A San  1988 001J  1759 1775 1730 1670 1730 1763 1795 1799 1777 1773 1779 1787
035A San  1988 013J  1754 1757 1756 1737 1733 1747 1765 1771 1771 1764 1780 1779
035A San  1988 025J  1766 1764 1759 1765 1790 1777 1769 1771 1751 1760 1792 1794
035A San  1988 037J  1772 1762 1783 1793 1795 1774 1765 1756 1783 1794 1797 1800
035A San  1988 049J  1780 1792 1801 1779 1726 1694 1760 1781 1765 1746 1740 1748
035A San  1988 061J  1729 1727 1757 1762 1764 1780 1778 1755 1769 1740 1713 1720
035A San  1988 073J  1747 1788 1755 1712 1713 1748 1796 1779 1775 1786 1780 1788
035A San  1988 085J  1777 1756 1789 1810 1800 1784 1786 1804 1817 1811 1816 1795
035A San  1988 097J  1759 1752 1784 1794 1772 1772 1749 1733 1725 1715 1703 1714
035A San  1988 109J  1723 1717 1692 1686 1699 1702 1714 1718 1725 1723 1721 1718
035A San  1988 121J  9999 9999 1733 1715 1699 1717 1738 1749 1775 1764 1735 1735
035A San  1988 133J  1725 1693 1676 1685 1698 1735 1711 1684 1675 1688 1673 1657
035A San  1988 145J  1703 1742 1766 1766 1757 1695 1658 1639 1597 1618 1632 1631
035A San  1988 157J  1615 1633 1641 1632 1632 1660 1701 1708 1726 1733 1700 1662
035A San  1988 169J  1666 1637 1616 1667 1739 1732 1676 1692 1732 1684 1678 1787
035A San  1988 181J  1760 1762 1740 1631 1560 1561 1570 1546 1551 1567 1592 1616
035A San  1988 193J  1640 1617 1575 1603 1593 1509 1473 1516 1523 1530 1530 1548
035A San  1988 205J  1568 1590 1616 1589 1564 1569 1517 1530 1558 1522 1497 1512
035A San  1988 217J  1567 1576 1561 1528 1521 1560 1572 1575 1555 1478 1445 1470
035A San  1988 229J  1528 1548 1544 1555 1595 1629 1607 1587 1567 1559 1561 1581
035A San  1988 241J  1632 1647 1619 1618 1644 1668 1690 1659 1591 1578 1532 1481
035A San  1988 253J  1522 1544 1539 1522 1533 1578 1587 1569 1584 1622 1610 1568
035A San  1988 265J  1530 1520 1568 1579 1537 1519 1563 1608 1611 1581 1555 1553
035A San  1988 277J  1567 9999 9999 9999 9999 1577 1584 1594 1600 1608 1603 1534
035A San  1988 289J  1435 1418 1480 1552 1522 1534 1553 1557 1572 1543 1539 1546
035A San  1988 301J  1592 1602 1609 1592 1576 1586 1582 1600 1611 1629 1613 1591
035A San  1988 313J  1604 1614 1609 1587 1566 1572 1625 1630 1587 1553 1604 1622
035A San  1988 325J  1570 9999 9999 1646 1632 1593 1590 1605 1619 1605 1621 1635
035A San  1988 337J  1637 1654 1670 1682 1659 1660 1662 1654 1666 1664 1641 1638
035A San  1988 349J  1664 1684 1689 1674 1674 1661 1662 1678 1705 1711 1695 1669
035A San  1988 361J  1668 1691 1706 1694 1698 1685-9999-9999-9999-9999-9999-9999
035A San  1989 001J  1685 1710 9999 9999 9999 9999 9999 9999 1695 1704 1699 1716
035A San  1989 013J  1719 1699 1674 1663 1669 1671 1648 1650 1691 1698 1681 1680
035A San  1989 025J  1692 1716 1730 1724 1714 1740 1753 1719 1686 1691 1684 1632
035A San  1989 037J  1610 1642 1694 1726 1735 1702 1696 1708 1706 1713 1713 1716
035A San  1989 049J  1727 1735 1724 1725 1757 1733 1712 1730 1732 1717 1705 1680
035A San  1989 061J  1700 1754 1731 1697 1698 1727 1743 1740 1756 1760 1747 1743
035A San  1989 073J  1741 1720 1707 1728 1727 1740 1746 1746 1751 1738 1715 1708
035A San  1989 085J  1725 1739 1729 1724 1724 1728 1710 1691 1677 1700 1687 1659
035A San  1989 097J  1696 1744 1736 1717 1723 1714 1729 1766 1769 1733 1724 1735
035A San  1989 109J  1699 1700 1725 1737 1727 1707 1693 1726 1731 1701 1668 9999
035A San  1989 121J  9999 9999 9999 9999 9999 9999 9999 9999 9999 9999 1595 1619
035A San  1989 133J  1626 1576 1589 1634 1611 1585 1601 1608 1621 1617 1609 1623
035A San  1989 145J  1638 1617 1582 1567 1560 1570 1574 1566 1539 1503 1594 1615
035A San  1989 157J  9999 9999 9999 1637 1655 1667 9999 9999 1639 1606 1570 1609
035A San  1989 169J  1652 1632 1589 1593 1566 1569 1536 1556 1610 1633 1673 1688
035A San  1989 181J  1646 1589 1580 1630 1613 1628 1643 1653 1635 1626 1643 1640
035A San  1989 193J  1658 1673 1691 1690 1666 1698 1717 1658 1637 1670 1609 1629
035A San  1989 205J  1704 1714 1673 1638 1651 1669 1654 1671 1729 1703 1633 1628
035A San  1989 217J  1666 1677 1664 1662 1693 1705 1724 1703 1664 1669 1658 1672
035A San  1989 229J  1684 1703 1727 1733 1685 1677 1688 1696 1695 1661 1643 1682
035A San  1989 241J  1647 1608 1629 1700 1723 1739 1740 1721 1702 1702 1663 1661
035A San  1989 253J  1703 1693 1640 1639 1645 1691 1729 1739 1706 1707 1700 1676
035A San  1989 265J  1660 1644 1668 1684 1709 1709 1698 1726 1745 1712 1672 1677
035A San  1989 277J  1676 1676 1669 1648 1636 1698 1684 1695 1718 1735 1733 1737
035A San  1989 289J  1718 1693 1718 1756 1762 1758 1749 1740 1769 1740 1692 1710
035A San  1989 301J  1741 1740 1716 1723 1719 1675 1688 1706 1707 1715 1720 1714
035A San  1989 313J  1679 1655 1658 1681 1723 1718 1705 1688 1711 1710 1730 1744
035A San  1989 325J  1710 1668 1676 1707 1704 1684 1687 1704 1710 1692 1694 1674
035A San  1989 337J  1661 1683 1676 1681 1699 1712 1679 1635 1651 1678 1745 1744
035A San  1989 349J  1685 1660 1685 1730 1740 1746 1759 1739 1728 1710 1683 1692
035A San  1989 361J  1687 1722 1751 1717 1690-9999-9999-9999-9999-9999-9999-9999
035A San  1990 001J  1716 1745 1744 1767 1779 1805 1802 1798 1795 1755 1750 1757
035A San  1990 013J  1748 1751 1755 1749 1757 1791 1816 1825 1809 1766 1759 1769
035A San  1990 025J  1792 1769 1738 1743 1764 1788 1800 1811 1793 1757 1713 1695
035A San  1990 037J  1721 1723 1730 1729 1729 1749 1727 1703 1726 1716 1734 1754
035A San  1990 049J  1772 1754 1737 1720 1701 1696 1715 1721 1735 1745 1765 1758
035A San  1990 061J  1775 1771 1768 1746 1749 1802 1795 1791 1782 1790 1809 1805
035A San  1990 073J  1794 1785 1771 1789 1806 1782 1753 1757 1774 1765 1761 1757
035A San  1990 085J  1731 1773 1808 9999 9999 1680 1713 1729 1772 1782 1760 1762
035A San  1990 097J  1748 1757 1739 1752 1824 1825 1771 1753 1761 1764 1772 1805
035A San  1990 109J  1815 1828 1848 1850 1826 1828 1817 1816 1822 1779 1787 1792
035A San  1990 121J  1810 1844 1829 1797 1765 1742 1730 1707 1695 1685 1700 1689
035A San  1990 133J  1676 1677 1666 1654 1651 1694 1717 1678 1683 1734 1751 1738
035A San  1990 145J  1708 1682 1663 1667 1637 1598 1592 1622 1638 1619 1584 1557
035A San  1990 157J  1579 1621 1624 1625 1637 1646 1614 1595 1613 1628 1632 1619
035A San  1990 169J  1573 1563 1610 1628 1619 1577 1536 1538 1564 1568 1563 1623
035A San  1990 181J  1625 1627 1637 1632 1627 1607 1589 1562 1541 1554 1567 1602
035A San  1990 193J  1622 1596 1571 1558 1546 1520 1530 1525 1548 1555 1575 1577
035A San  1990 205J  1561 1563 1544 1540 1582 1660 1650 1654 1639 1636 1665 1701
035A San  1990 217J  1609 1545 1584 1630 1642 1619 1632 1608 1607 1582 1533 1537
035A San  1990 229J  1571 1573 1568 1588 1569 1573 1594 1591 1588 1582 1594 1572
035A San  1990 241J  1534 1518 1497 1499 1536 1543 1554 1529 1483 1483 1516 1554
035A San  1990 253J  1564 1522 1493 1550 1593 1580 1584 1571 1561 1584 1557 1511
035A San  1990 265J  1506 1528 1553 1577 1578 1551 1536 1563 1598 1578 1556 1565
035A San  1990 277J  1560 1510 1544 1562 1596 1647 1628 1545 1545 1571 1528 1453
035A San  1990 289J  1521 1582 1579 1597 1602 1590 1592 1573 1566 1582 1568 1539
035A San  1990 301J  1529 1570 1569 1546 1586 1613 1594 1576 1587 1586 1597 1617
035A San  1990 313J  1634 1632 1638 1660 1632 1614 1633 1618 1641 1640 1616 1626
035A San  1990 325J  1654 1653 1632 1622 1655 1661 1662 1646 1625 1611 1629 1627
035A San  1990 337J  1628 1631 1599 1595 1619 1644 1634 1620 1612 1576 1610 1648
035A San  1990 349J  1630 1636 1644 1639 1636 1617 1627 1643 1643 1652 1667 1653
035A San  1990 361J  1636 1657 1683 1670 1629-9999-9999-9999-9999-9999-9999-9999
035A San  1991 001J  1610 1592 1649 1677 1643 1620 1635 1645 1624 1626 1643 1664
035A San  1991 013J  1650 1648 1632 1648 1652 1631 1624 1601 1617 1644 1637 1628
035A San  1991 025J  1645 1664 1655 1631 1625 1634 1640 1651 1633 1625 1645 1659
035A San  1991 037J  1664 1664 1683 1693 1681 1669 1664 1685 1708 1708 1668 1660
035A San  1991 049J  1678 1675 1663 1677 1685 1688 1681 1677 1686 1688 1681 1694
035A San  1991 061J  1732 1734 1709 1693 1690 1685 1658 1627 1662 1694 1674 1671
035A San  1991 073J  1679 1703 1718 1718 1720 1711 1685 1704 1717 1728 1750 1732
035A San  1991 085J  1698 1708 1755 1746 1711 1672 1667 1674 1680 1670 1655 1663
035A San  1991 097J  1671 1670 1642 1644 1606 1598 1636 1681 1658 1646 1618 1621
035A San  1991 109J  1654 1647 1647 1658 1656 1638 1623 1655 1672 1671 1655 1679
035A San  1991 121J  1722 1631 1575 1578 1621 1632 1635 1648 1642 1626 1611 1606
035A San  1991 133J  1637 1636 1612 1598 1589 1583 1550 1530 1549 1543 1530 1569
035A San  1991 145J  1587 1591 1583 1597 1569 1544 1607 1602 1517 1490 1551 1566
035A San  1991 157J  1555 1581 1601 1601 1598 1608 1641 1656 1652 1643 1668 1670
035A San  1991 169J  1600 1583 1596 1585 1572 1591 1620 1646 1631 1593 1591 1624
035A San  1991 181J  1649 1706 1714 1745 1755 1690 1582 1530 1529 1557 1585 1572
035A San  1991 193J  1573 1575 1580 1590 1566 1518 1534 1550 1511 1462 1487 1513
035A San  1991 205J  1482 1478 1582 1557 1557 1596 1543 1515 1526 1545 1594 1576
035A San  1991 217J  1579 1595 1594 1617 1647 1655 1663 1688 1713 1743 1696 1587
035A San  1991 229J  1551 1579 1625 1645 1637 1636 1665 1642 1633 1671 1676 1663
035A San  1991 241J  1673 1723 1749 1714 9999 9999 9999 9999 9999 9999 9999 9999
035A San  1991 253J  9999 9999 9999 9999 9999 9999 9999 9999 9999 9999 9999 9999
035A San  1991 265J  9999 9999 9999 9999 9999 1761 1742 1735 1745 1769 1782 1753
035A San  1991 277J  1764 1766 1743 1756 1770 1746 1735 1755 1710 1702 1708 1700
035A San  1991 289J  1739 1769 1771 1794 1819 1780 1721 1741 1769 1772 1737 1719
035A San  1991 301J  1716 1748 1793 1803 1783 1737 1717 1723 1649 1660 1716 1705
035A San  1991 313J  1719 1709 1651 1669 1668 1661 1668 1699 1742 1743 1724 1721
035A San  1991 325J  1745 1760 1743 1731 1765 1747 1736 1750 1760 1757 1767 1760
035A San  1991 337J  1780 1756 1758 1771 1777 1791 1777 1751 1743 1734 1711 1717
035A San  1991 349J  1752 1773 1770 1787 1782 1778 1767 1772 1801 1808 1791 1806
035A San  1991 361J  1791 1759 9999 9999 9999-9999-9999-9999-9999-9999-9999-9999
035A San  1992 001J  9999 1737 1752 1755 1734 1697 1699 1727 1735 1745 1750 1741
035A San  1992 013J  1742 1756 1730 1718 1726 1772 1764 1736 1738 1748 1739 1695
035A San  1992 025J  1693 1718 1737 1767 1761 1723 1714 1723 1708 1709 1688 1692
035A San  1992 037J  1717 1744 1784 1774 1747 1703 1696 1671 1706 1748 1772 1779
035A San  1992 049J  1766 1762 1750 1754 1749 1758 1759 1745 1725 1727 1769 1759
035A San  1992 061J  1729 1701 1702 1725 1728 1728 1718 1726 1715 1712 1738 1765
035A San  1992 073J  1744 1715 1720 1734 1743 1742 1737 1738 1734 1724 1728 1731
035A San  1992 085J  1750 1771 1794 1824 1840 1841 1827 1811 1787 1803 1817 1802
035A San  1992 097J  1793 1825 1838 1840 1839 1825 1844 1862 1853 1861 1878 1873
035A San  1992 109J  1852 1843 1858 1883 1831 1770 1778 1796 1820 1820 1800 1811
035A San  1992 121J  1769 1741 1765 1808 1834 1813 1824 1820 1854 1850 1794 1768
035A San  1992 133J  1798 1832 1845 1871 1852 1816 1851 1857 1847 1817 1814 1866
035A San  1992 145J  1889 1867 1879 1873 1809 1781 1788 1798 1858 1858 1840 1865
035A San  1992 157J  1906 1917 1849 1799 1815 1862 1857 1851 1850 1845 1828 1794
035A San  1992 169J  1776 1818 1814 1828 1856 1892 1933 1924 1867 1800 1807 1823
035A San  1992 181J  1812 1796 1787 1794 1820 1836 1842 1867 1875 1885 1915 1894
035A San  1992 193J  1846 1832 1789 1756 1799 1819 1756 1726 1790 1802 1810 1822
035A San  1992 205J  1798 1806 1778 1773 1804 1829 1829 1794 1725 1737 1793 1791
035A San  1992 217J  1815 1829 1803 1789 1826 1831 1814 1805 1838 1837 1816 1790
035A San  1992 229J  1741 1746 1773 1804 1850 1843 1751 1690 1727 1717 1724 1712
035A San  1992 241J  1674 1657 1644 1663 1674 1695 1726 1742 1766 1770 1765 1741
035A San  1992 253J  1719 1705 1701 1710 1747 1744 1723 1731 1731 1704 1720 1727
035A San  1992 265J  1713 1648 1628 1627 1660 1710 1745 1779 1775 1739 1723 1742
035A San  1992 277J  1742 1733 1729 1724 1717 1736 1735 1697 1662 1704 1778 1783
035A San  1992 289J  1696 1660 1715 1725 1693 1695 1722 1743 1748 1763 1730 1695
035A San  1992 301J  1701 1692 1707 1688 1670 1695 1718 1668 1671 1710 1736 1710
035A San  1992 313J  1713 1720 1714 1712 1730 1705 1681 1667 1687 1719 1720 1700
035A San  1992 325J  1698 1719 1729 1768 1765 1735 1711 1699 1684 1675 1688 1723
035A San  1992 337J  1705 1684 1682 1686 1706 1722 1698 1699 1714 1729 1689 1667
035A San  1992 349J  1691 1703 1678 1695 1710 1678 1662 1730 9999 9999 1673 1695
035A San  1992 361J  1675 1682 1713 1746 1750 1719-9999-9999-9999-9999-9999-9999
035A San  1993 001J  1685 1656 1605 1583 1576 1566 1550 1546 1552 1576 1601 1638
035A San  1993 013J  1618 1601 1608 1613 1598 1582 1602 1636 1636 1632 1647 1660
035A San  1993 025J  1665 1666 1643 1639 1638 1653 1633 1624 1644 1655 1637 1622
035A San  1993 037J  1617 1634 1658 1658 1641 1616 1604 1576 1574 1627 1705 1720
035A San  1993 049J  1709 1693 1655 1656 1660 1681 1694 1656 1651 1642 1641 1632
035A San  1993 061J  1629 1619 1626 1632 1629 1635 1635 1633 1639 1604 1634 1663
035A San  1993 073J  1666 1649 1681 1698 1673 1643 1634 1606 1669 1703 1690 1689
035A San  1993 085J  1680 1656 1650 1666 1674 1675 1685 1683 1649 1625 1619 1648
035A San  1993 097J  1634 1632 1626 1617 1623 1646 1687 1706 1723 1691 1670 1681
035A San  1993 109J  1672 1643 1649 1681 1649 1612 1605 1661 1703 1694 1686 1729
035A San  1993 121J  1714 1679 1667 1636 1662 1688 1673 1678 1705 1690 1693 1687
035A San  1993 133J  1656 1666 1700 1715 1727 1695 1597 1649 1659 1618 1659 1633
035A San  1993 145J  1638 1704 1752 1741 1672 1648 1700 1735 1740 1720 1731 1737
035A San  1993 157J  1695 1689 1747 1774 1769 1769 1756 1740 1714 1711 1728 1735
035A San  1993 169J  1757 1787 1781 1748 1734 1725 1731 1740 1748 1773 1781 1733
035A San  1993 181J  1705 1764 1770 1730 1709 1680 1655 1701 1732 1718 1692 1682
035A San  1993 193J  1683 1694 1700 1704 1708 1718 1735 1731 1716 1721 1707 1702
035A San  1993 205J  1712 1710 1703 1684 1681 1700 1745 1764 1753 1777 1761 1727
035A San  1993 217J  1737 1742 1706 1696 1702 1744 1766 1761 1742 1733 1714 1702
035A San  1993 229J  1672 1683 1718 1740 1739 1724 1715 1719 1678 1653 1686 1703
035A San  1993 241J  1703 1690 1693 1740 1760 1709 1673 1691 1698 1685 1671 1681
035A San  1993 253J  1697 1713 1739 1734 1735 1759 1744 1716 1749 1786 1764 1747
035A San  1993 265J  1729 1693 1678 1692 1693 1729 1754 1752 1714 1702 1724 1695
035A San  1993 277J  1690 1719 1745 1758 1733 1708 1726 1744 1722 1704 1751 1793
035A San  1993 289J  1744 1719 1766 1756 1751 1756 1763 1777 1802 1812 1836 1849
035A San  1993 301J  1818 1770 1779 1788 1825 1817 1795 1774 1733 1743 1793 1818
035A San  1993 313J  1786 1794 1789 1777 1790 1782 1763 1761 1788 1799 1784 1764
035A San  1993 325J  1764 1791 1811 1808 1790 1781 1811 1794 1750 1762 1811 1824
035A San  1993 337J  1775 1741 1774 1801 1786 1797 1807 1797 1777 1780 1749 1769
035A San  1993 349J  1771 1758 1721 1734 1693 1681 1734 1758 1744 1748 1791 1786
035A San  1993 361J  1745 1781 1826 1779 1775-9999-9999-9999-9999-9999-9999-9999
035A San  1994 001J  9999 9999 9999 9999 9999 9999 9999 9999 9999 9999 9999 9999
035A San  1994 013J  9999 9999 9999 9999 9999 9999 9999 9999 9999 9999 9999 9999
035A San  1994 025J  9999 9999 9999 9999 9999 9999 9999 9999 9999 9999 9999 9999
035A San  1994 037J  9999 9999 9999 9999 9999 9999 9999 9999 9999 9999 9999 9999
035A San  1994 049J  9999 9999 9999 9999 9999 9999 9999 9999 9999 9999 9999 9999
035A San  1994 061J  9999 9999 9999 9999 9999 9999 9999 9999 9999 9999 9999 9999
035A San  1994 073J  9999 9999 9999 9999 9999 9999 9999 9999 9999 9999 9999 9999
035A San  1994 085J  9999 9999 9999 9999 9999 9999 9999 9999 9999 9999 9999 9999
035A San  1994 097J  9999 9999 9999 9999 9999 9999 9999 9999 9999 9999 9999 9999
035A San  1994 109J  9999 9999 9999 9999 9999 9999 9999 9999 9999 9999 9999 9999
035A San  1994 121J  9999 9999 9999 9999 9999 9999 9999 9999 9999 9999 9999 9999
035A San  1994 133J  9999 9999 9999 9999 9999 9999 9999 9999 9999 9999 9999 9999
035A San  1994 145J  9999 9999 9999 9999 9999 9999 9999 9999 9999 9999 9999 9999
035A San  1994 157J  9999 9999 9999 9999 9999 9999 9999 9999 9999 9999 9999 9999
035A San  1994 169J  9999 9999 9999 9999 9999 9999 9999 9999 9999 9999 9999 9999
035A San  1994 181J  9999 9999 9999 9999 9999 9999 9999 9999 9999 9999 9999 9999
035A San  1994 193J  9999 9999 9999 9999 9999 9999 9999 9999 9999 9999 9999 9999
035A San  1994 205J  9999 9999 9999 9999 9999 9999 9999 9999 9999 9999 9999 9999
035A San  1994 217J  9999 9999 9999 9999 9999 9999 9999 9999 9999 9999 9999 9999
035A San  1994 229J  9999 9999 9999 9999 9999 9999 9999 9999 9999 9999 9999 9999
035A San  1994 241J  9999 9999 9999 9999 9999 9999 9999 9999 9999 9999 9999 9999
035A San  1994 253J  9999 9999 9999 9999 9999 9999 9999 9999 9999 9999 9999 9999
035A San  1994 265J  9999 9999 9999 9999 9999 9999 9999 9999 9999 9999 9999 9999
035A San  1994 277J  9999 9999 9999 9999 9999 9999 9999 9999 9999 9999 9999 9999
035A San  1994 289J  9999 9999 9999 9999 9999 9999 9999 9999 9999 9999 9999 9999
035A San  1994 301J  9999 9999 9999 9999 9999 9999 9999 9999 9999 9999 9999 9999
035A San  1994 313J  9999 9999 9999 9999 9999 9999 9999 9999 9999 9999 9999 9999
035A San  1994 325J  9999 9999 9999 9999 9999 9999 9999 9999 9999 9999 9999 9999
035A San  1994 337J  9999 9999 9999 9999 9999 9999 9999 9999 9999 9999 9999 9999
035A San  1994 349J  9999 9999 9999 9999 9999 9999 9999 9999 9999 9999 9999 9999
035A San  1994 361J  9999 9999 9999 9999 9999-9999-9999-9999-9999-9999-9999-9999
035A San  1995 001J  9999 9999 9999 9999 9999 9999 9999 9999 9999 9999 9999 9999
035A San  1995 013J  9999 9999 9999 9999 9999 9999 9999 9999 9999 9999 9999 9999
035A San  1995 025J  9999 9999 9999 9999 9999 9999 9999 9999 9999 9999 9999 9999
035A San  1995 037J  9999 9999 9999 9999 9999 9999 9999 9999 9999 9999 9999 9999
035A San  1995 049J  9999 9999 9999 9999 9999 9999 9999 9999 9999 9999 9999 9999
035A San  1995 061J  9999 9999 9999 9999 9999 9999 9999 9999 9999 9999 9999 9999
035A San  1995 073J  9999 9999 9999 9999 9999 9999 9999 9999 9999 9999 9999 9999
035A San  1995 085J  9999 9999 9999 9999 9999 9999 9999 9999 9999 9999 9999 9999
035A San  1995 097J  9999 9999 9999 9999 9999 9999 9999 9999 9999 9999 9999 9999
035A San  1995 109J  9999 9999 9999 9999 9999 9999 9999 9999 9999 9999 9999 9999
035A San  1995 121J  9999 9999 9999 9999 9999 9999 9999 9999 9999 9999 9999 9999
035A San  1995 133J  9999 9999 9999 9999 9999 9999 9999 9999 9999 9999 9999 9999
035A San  1995 145J  9999 9999 9999 9999 9999 9999 9999 9999 9999 9999 9999 9999
035A San  1995 157J  9999 9999 9999 9999 9999 9999 9999 9999 9999 9999 9999 9999
035A San  1995 169J  9999 9999 9999 9999 9999 9999 9999 9999 9999 9999 9999 9999
035A San  1995 181J  9999 9999 9999 9999 9999 9999 9999 9999 9999 9999 9999 9999
035A San  1995 193J  9999 9999 9999 9999 9999 9999 9999 9999 9999 9999 9999 9999
035A San  1995 205J  9999 9999 9999 9999 9999 9999 9999 9999 9999 9999 9999 9999
035A San  1995 217J  9999 9999 9999 9999 9999 9999 9999 9999 9999 9999 9999 9999
035A San  1995 229J  9999 9999 9999 9999 9999 9999 9999 9999 9999 9999 9999 9999
035A San  1995 241J  9999 9999 9999 9999 9999 9999 9999 9999 9999 9999 9999 9999
035A San  1995 253J  9999 9999 9999 9999 9999 9999 9999 9999 9999 9999 9999 9999
035A San  1995 265J  9999 9999 9999 9999 9999 9999 9999 9999 9999 9999 9999 9999
035A San  1995 277J  9999 9999 9999 9999 9999 9999 9999 9999 9999 9999 9999 9999
035A San  1995 289J  9999 9999 9999 9999 9999 9999 9999 9999 9999 9999 9999 9999
035A San  1995 301J  9999 9999 9999 9999 9999 9999 9999 9999 9999 9999 9999 9999
035A San  1995 313J  9999 9999 9999 9999 9999 9999 9999 9999 9999 9999 9999 9999
035A San  1995 325J  9999 9999 9999 9999 9999 9999 9999 9999 9999 9999 9999 9999
035A San  1995 337J  9999 9999 9999 9999 9999 9999 9999 9999 9999 9999 9999 9999
035A San  1995 349J  9999 9999 9999 9999 9999 9999 9999 9999 9999 9999 9999 9999
035A San  1995 361J  9999 9999 9999 9999 9999-9999-9999-9999-9999-9999-9999-9999
035A San  1996 001J  9999 9999 9999 9999 9999 9999 9999 9999 9999 9999 9999 9999
035A San  1996 013J  9999 9999 9999 9999 9999 9999 9999 9999 9999 9999 9999 9999
035A San  1996 025J  9999 9999 9999 9999 9999 9999 9999 9999 9999 9999 9999 9999
035A San  1996 037J  9999 9999 9999 9999 9999 9999 9999 9999 9999 9999 9999 9999
035A San  1996 049J  9999 9999 9999 9999 9999 9999 9999 9999 9999 9999 9999 9999
035A San  1996 061J  9999 9999 9999 9999 9999 9999 9999 9999 9999 9999 9999 9999
035A San  1996 073J  9999 9999 9999 9999 9999 9999 9999 9999 9999 9999 9999 9999
035A San  1996 085J  9999 9999 9999 9999 9999 9999 9999 9999 9999 9999 9999 9999
035A San  1996 097J  9999 9999 9999 9999 9999 9999 9999 9999 9999 9999 9999 9999
035A San  1996 109J  9999 9999 9999 9999 9999 9999 9999 9999 9999 9999 9999 9999
035A San  1996 121J  9999 9999 9999 9999 9999 9999 9999 9999 9999 9999 9999 9999
035A San  1996 133J  9999 9999 9999 9999 9999 9999 9999 9999 9999 9999 9999 9999
035A San  1996 145J  9999 9999 9999 9999 9999 9999 9999 9999 9999 9999 9999 9999
035A San  1996 157J  9999 9999 9999 9999 9999 9999 9999 9999 9999 9999 9999 9999
035A San  1996 169J  9999 9999 9999 9999 9999 9999 9999 9999 9999 9999 9999 9999
035A San  1996 181J  9999 9999 9999 9999 9999 9999 9999 9999 9999 9999 9999 9999
035A San  1996 193J  9999 9999 9999 9999 9999 9999 9999 9999 9999 9999 9999 9999
035A San  1996 205J  9999 9999 9999 9999 9999 9999 9999 9999 9999 9999 9999 9999
035A San  1996 217J  9999 9999 9999 9999 9999 9999 9999 9999 9999 9999 9999 9999
035A San  1996 229J  9999 9999 9999 9999 9999 9999 9999 9999 9999 9999 9999 9999
035A San  1996 241J  9999 9999 9999 9999 9999 9999 9999 9999 9999 9999 9999 9999
035A San  1996 253J  9999 9999 9999 9999 9999 9999 9999 9999 9999 9999 9999 9999
035A San  1996 265J  9999 9999 9999 9999 9999 9999 9999 9999 9999 9999 9999 9999
035A San  1996 277J  9999 9999 1744 1758 1793 1788 1745 1724 1756 1769 1756 1764
035A San  1996 289J  1784 1766 1784 1770 1754 1771 1783 1786 1799 1792 1803 1789
035A San  1996 301J  1792 1829 1836 1804 1755 1742 1775 1786 1812 1807 1777 1776
035A San  1996 313J  1785 1786 1795 1793 1780 1795 1790 1765 1742 1739 1740 1737
035A San  1996 325J  1732 1731 1713 1707 1732 1770 1765 1728 1699 1705 1756 1785
035A San  1996 337J  1795 1793 1770 1747 1773 1814 1794 1769 1782 1800 1795 1793
035A San  1996 349J  1811 1793 1774 1807 1827 1822 1814 1821 1826 1815 1818 1820
035A San  1996 361J  1796 1799 1832 1858 1878 1846-9999-9999-9999-9999-9999-9999
035A San  1997 001J  1814 1781 1766 1791 1791 1798 1775 1775 1745 1735 1766 1780
035A San  1997 013J  1773 1758 1737 1772 1788 1788 1780 1759 1768 1759 1745 1772
035A San  1997 025J  1792 1798 1804 1817 1808 1814 1804 1799 1770 1775 1774 1739
035A San  1997 037J  1754 1786 1780 1766 1756 1766 1760 1745 1745 1772 1746 1736
035A San  1997 049J  1723 1727 1720 1701 1677 1710 1735 1742 1753 1770 1759 1774
035A San  1997 061J  1761 1754 1755 1745 1761 1784 1767 1764 1764 1773 1774 1786
035A San  1997 073J  1782 1798 1809 1816 1810 1800 1799 1786 1770 1799 1838 1841
035A San  1997 085J  1836 1845 1840 1849 1840 1850 1861 1837 1814 1860 1886 1886
035A San  1997 097J  1852 1845 1840 1813 1815 1844 1859 1870 1871 1897 1916 1896
035A San  1997 109J  1845 1868 1884 1884 1902 1870 1843 1863 1852 1892 1851 1833
035A San  1997 121J  1878 1891 1895 1930 1926 1917 1927 1895 1867 1864 1839 1809
035A San  1997 133J  1826 1835 1875 1882 1876 1861 1864 1888 1868 1863 1886 1870
035A San  1997 145J  1871 1851 1882 9999 9999 9999 1831 1861 1902 1919 1907 1871
035A San  1997 157J  1881 1899 1939 1938 9999 9999 9999 9999 9999 9999 9999 9999
035A San  1997 169J  9999 9999 9999 9999 9999 9999 9999 9999 9999 9999 9999 9999
035A San  1997 181J  1824 1825 1787 1765 1771 1776 1831 1844 1827 1838 1857 1845
035A San  1997 193J  1808 1811 1846 1806 1763 1741 1775 1781 1812 1799 1791 1834
035A San  1997 205J  1887 1876 1880 1897 1880 1847 1804 1754 1760 1762 1771 1795
035A San  1997 217J  1833 1844 1845 1862 1861 1832 1831 1840 1791 1774 1837 1860
035A San  1997 229J  1799 1749 1740 1766 1780 1775 1782 1794 1822 1821 1814 1835
035A San  1997 241J  1828 1826 1817 1858 1879 1855 1859 1872 9999 9999 9999 9999
035A San  1997 253J  9999 9999 9999 9999 9999 9999 9999 9999 9999 9999 9999 9999
035A San  1997 265J  9999 9999 9999 9999 9999 9999 9999 9999 9999 9999 9999 9999
035A San  1997 277J  9999 9999 9999 9999 9999 9999 9999 9999 9999 9999 9999 9999
035A San  1997 289J  9999 9999 9999 9999 9999 9999 9999 9999 9999 9999 9999 9999
035A San  1997 301J  9999 9999 9999 9999 9999 1824 1846 1837 1805 1832 1842 1791
035A San  1997 313J  1779 1794 1774 1736 1750 1776 1780 1768 1754 1760 1781 1786
035A San  1997 325J  1790 1804 1813 1818 1810 1785 1778 1784 1804 1815 1830 1818
035A San  1997 337J  1814 1850 1887 1871 1852 1847 1864 1890 1882 1831 1800 1818
035A San  1997 349J  1865 1899 1905 1890 1873 1870 1881 1873 1869 1900 1926 1883
035A San  1997 361J  1881 1908 1896 1866 1845-9999-9999-9999-9999-9999-9999-9999
