spd0347 r 4730  Dust+1.0 wt% Chrysotile GDS543 ABS REF
        .350000        .138364
        .353000        .141121
        .356000        .143950
        .359000        .145764
        .362000        .148434
        .365000        .150865
        .368000        .153454
        .371000        .155782
        .374000        .158135
        .377000        .160670
        .380000        .163080
        .383000        .165919
        .386000        .168395
        .389000        .170823
        .392000        .173372
        .395000        .175780
        .398000        .177977
        .401000        .180146
        .404000        .182161
        .407000        .184128
        .410000        .186045
        .413000        .187997
        .416000        .189865
        .419000        .191772
        .422000        .193630
        .425000        .195549
        .428000        .197454
        .431000        .199437
        .434000        .201381
        .437000        .203334
        .440000        .205259
        .443000        .207135
        .446000        .209077
        .449000        .210984
        .452000        .212868
        .455000        .214713
        .458000        .216515
        .461000        .218284
        .464000        .220014
        .467000        .221748
        .470000        .223472
        .473000        .225173
        .476000        .226872
        .479000        .228579
        .482000        .230323
        .485000        .232047
        .488000        .233790
        .491000        .235524
        .494000        .237288
        .497000        .239040
        .500000        .240794
        .503000        .242540
        .506000        .244265
        .509000        .246000
        .512000        .247724
        .515000        .249413
        .518000        .251120
        .521000        .252785
        .524000        .254453
        .527000        .256091
        .530000        .257727
        .533000        .259340
        .536000        .260961
        .539000        .262589
        .542000        .264238
        .545000        .265806
        .548000        .267291
        .551000        .268807
        .554000        .270315
        .557000        .271810
        .560000        .273295
        .563000        .274752
        .566000        .276205
        .569000        .277615
        .572000        .278999
        .575000        .280377
        .578000        .281723
        .581000        .283024
        .584000        .284312
        .587000        .285568
        .590000        .286799
        .593000        .287997
        .596000        .289165
        .599000        .290317
        .602000        .291438
        .605000        .292506
        .608000        .293588
        .611000        .294672
        .614000        .295621
        .617000        .296587
        .620000        .297542
        .623000        .298475
        .626000        .299404
        .629000        .300305
        .632000        .301188
        .635000        .302066
        .638000        .302945
        .641000        .303805
        .644000        .304665
        .647000        .305508
        .650000        .306328
        .653000        .307135
        .656000        .307927
        .659000        .308713
        .662000        .309465
        .665000        .310220
        .668000        .310959
        .671000        .311678
        .674000        .312406
        .677000        .313107
        .680000        .313804
        .683000        .314491
        .686000        .315186
        .689000        .315861
        .692000        .316530
        .695000        .317203
        .698000        .317851
        .701000        .318485
        .704000        .319121
        .707000        .319751
        .710000        .320378
        .713000        .320989
        .716000        .321587
        .719000        .322178
        .722000        .322754
        .725000        .323313
        .728000        .323879
        .731000        .324444
        .734000        .325002
        .737000        .325541
        .740000        .326059
        .743000        .326590
        .746000        .327098
        .749000        .327596
        .752000        .328083
        .755000        .328567
        .758000        .329051
        .761000        .329516
        .764000        .329971
        .767000        .330419
        .770000        .330828
        .773000        .331235
        .776000        .331641
        .779000        .332026
        .782000        .332415
        .785000        .332798
        .788000        .333168
        .791000        .333520
        .794000        .333888
        .797000        .334224
        .800000        .334542
        .803000        .334839
        .806000        .335141
        .809000        .335441
        .812000        .335738
        .815000        .336032
        .818000        .336305
        .821000        .336568
        .824000        .336854
        .827000        .337111
        .830000        .337365
        .833000        .337610
        .836000        .337847
        .839000        .338073
        .842000        .338292
        .845000        .338524
        .848000        .338740
        .851000        .338971
        .854000        .339185
        .857000        .339377
        .860000        .339580
        .863000        .339795
        .866000        .339998
        .869000        .340201
        .872000        .340392
        .875000        .340590
        .878000        .340773
        .881000        .340964
        .884000        .341174
        .887000        .341378
        .890000        .341548
        .893000        .341734
        .896000        .341924
        .899000        .342130
        .902000        .342313
        .905000        .342518
        .908000        .342715
        .911000        .342915
        .914000        .343107
        .917000        .343331
        .920000        .343550
        .923000        .343738
        .926000        .343956
        .929000        .344155
        .932000        .344364
        .935000        .344580
        .938000        .344791
        .941000        .344998
        .944000        .345176
        .947000        .345383
        .950000        .345585
        .953000        .345789
        .956000        .346002
        .959000        .346205
        .962000        .346423
        .965000        .346603
        .968000        .346822
        .971000        .346984
        .974000        .347176
        .977000        .347372
        .980000        .347568
        .983000        .347764
        .986000        .347938
        .989000        .348119
        .992000        .348294
        .995000        .348495
        .998000        .348684
       1.003500        .348355
       1.006500        .348583
       1.009500        .348823
       1.012500        .349093
       1.015500        .349340
       1.018500        .349587
       1.021500        .349771
       1.024500        .349840
       1.027500        .350190
       1.030500        .350374
       1.033500        .350690
       1.036500        .350884
       1.039500        .351088
       1.042500        .351329
       1.045500        .351507
       1.048500        .351688
       1.051500        .351918
       1.054500        .352164
       1.057500        .352369
       1.060500        .352553
       1.063500        .352772
       1.066500        .353047
       1.069500        .353242
       1.072500        .353444
       1.075500        .353665
       1.078500        .353866
       1.081500        .354130
       1.084500        .354373
       1.087500        .354581
       1.090500        .354801
       1.093500        .355016
       1.096500        .355264
       1.099500        .355481
       1.102500        .355691
       1.105500        .355931
       1.108500        .356214
       1.111500        .356420
       1.114500        .356657
       1.117500        .356901
       1.120500        .357150
       1.123500        .357377
       1.126500        .357574
       1.129500        .357787
       1.132500        .357988
       1.135500        .358190
       1.138500        .358436
       1.141500        .358687
       1.144500        .358893
       1.147500        .359049
       1.150500        .359253
       1.153500        .359401
       1.156500        .359541
       1.159500        .359699
       1.162500        .359851
       1.165500        .359984
       1.168500        .360137
       1.171500        .360291
       1.174500        .360456
       1.177500        .360577
       1.180500        .360736
       1.183500        .360957
       1.186500        .361157
       1.189500        .361350
       1.192500        .361551
       1.195500        .361747
       1.198500        .361981
       1.201500        .362220
       1.204500        .362469
       1.207500        .362702
       1.210500        .362928
       1.213500        .363182
       1.216500        .363465
       1.219500        .363751
       1.222500        .364004
       1.225500        .364263
       1.228500        .364542
       1.231500        .364792
       1.234500        .365065
       1.237500        .365310
       1.240500        .365574
       1.243500        .365853
       1.246500        .366103
       1.249500        .366340
       1.252500        .366603
       1.255500        .366852
       1.258500        .367087
       1.261500        .367296
       1.264500        .367502
       1.267500        .367729
       1.270500        .367945
       1.273500        .368123
       1.276500        .368330
       1.279500        .368539
       1.282500        .368747
       1.285500        .368950
       1.288500        .369156
       1.291500        .369351
       1.294500        .369550
       1.297500        .369750
       1.300500        .369910
       1.303500        .370066
       1.306500        .370231
       1.309500        .370411
       1.312500        .370597
       1.315500        .370787
       1.318500        .370937
       1.321500        .371059
       1.324500        .371191
       1.327500        .371323
       1.330500        .371446
       1.333500        .371554
       1.336500        .371671
       1.339500        .371780
       1.342500        .371854
       1.345500        .371898
       1.348500        .371940
       1.351500        .371967
       1.354500        .372012
       1.357500        .372042
       1.360500        .372044
       1.363500        .372069
       1.366500        .372061
       1.369500        .372016
       1.372500        .371887
       1.375500        .371646
       1.378500        .371315
       1.381500        .370961
       1.384500        .370665
       1.387500        .370390
       1.390500        .370186
       1.393500        .369999
       1.396500        .369796
       1.399500        .369598
       1.402500        .369331
       1.405500        .368961
       1.408500        .368502
       1.411500        .367973
       1.414500        .367448
       1.417500        .366981
       1.420500        .366551
       1.423500        .366126
       1.426500        .365664
       1.429500        .365092
       1.432500        .364354
       1.435500        .363445
       1.438500        .362459
       1.441500        .361594
       1.444500        .361108
       1.447500        .361238
       1.450500        .361941
       1.453500        .362971
       1.456500        .364041
       1.459500        .365028
       1.462500        .365838
       1.465500        .366535
       1.468500        .367150
       1.471500        .367665
       1.474500        .368098
       1.477500        .368469
       1.480500        .368739
       1.483500        .368944
       1.486500        .369180
       1.489500        .369533
       1.492500        .370052
       1.495500        .370708
       1.498500        .371475
       1.501500        .372276
       1.504500        .373016
       1.507500        .373660
       1.510500        .374187
       1.513500        .374648
       1.516500        .375023
       1.519500        .375331
       1.522500        .375587
       1.525500        .375802
       1.528500        .376028
       1.531500        .376240
       1.534500        .376488
       1.537500        .376788
       1.540500        .377132
       1.543500        .377544
       1.546500        .378026
       1.549500        .378575
       1.552500        .379136
       1.555500        .379690
       1.558500        .380232
       1.561500        .380723
       1.564500        .381163
       1.567500        .381531
       1.570500        .381924
       1.573500        .382297
       1.576500        .382663
       1.579500        .383020
       1.582500        .383360
       1.585500        .383691
       1.588500        .384029
       1.591500        .384356
       1.594500        .384680
       1.597500        .385006
       1.600500        .385321
       1.603500        .385607
       1.606500        .385896
       1.609500        .386195
       1.612500        .386507
       1.615500        .386807
       1.618500        .387050
       1.621500        .387306
       1.624500        .387573
       1.627500        .387820
       1.630500        .388065
       1.633500        .388320
       1.636500        .388568
       1.639500        .388795
       1.642500        .389031
       1.645500        .389242
       1.648500        .389438
       1.651500        .389599
       1.654500        .389767
       1.657500        .389902
       1.660500        .390048
       1.663500        .390212
       1.666500        .390331
       1.669500        .390441
       1.672500        .390539
       1.675500        .390625
       1.678500        .390696
       1.681500        .390761
       1.684500        .390817
       1.687500        .390858
       1.690500        .390858
       1.693500        .390856
       1.696500        .390860
       1.699500        .390827
       1.702500        .390784
       1.705500        .390699
       1.708500        .390565
       1.711500        .390396
       1.714500        .390122
       1.717500        .389820
       1.720500        .389443
       1.723500        .389059
       1.726500        .388668
       1.729500        .388288
       1.732500        .387822
       1.735500        .387359
       1.738500        .386957
       1.741500        .386631
       1.744500        .386401
       1.747500        .386264
       1.750500        .386235
       1.753500        .386331
       1.756500        .386556
       1.759500        .386874
       1.762500        .387224
       1.765500        .387488
       1.768500        .387736
       1.771500        .387987
       1.774500        .388269
       1.777500        .388616
       1.780500        .389012
       1.783500        .389385
       1.786500        .389775
       1.789500        .390187
       1.792500        .390611
       1.795500        .391001
       1.798500        .391306
       1.801500        .391198
       1.805700        .391089
       1.808700        .391218
       1.811700        .391386
       1.814700        .391614
       1.817700        .391769
       1.820700        .391909
       1.823700        .391996
       1.826700        .392278
       1.829700        .392470
       1.832700        .392510
       1.835700        .392502
       1.838700        .392543
       1.841700        .392543
       1.844700        .392523
       1.847700        .392446
       1.850700        .392295
       1.853700        .392023
       1.856700        .391665
       1.859700        .391143
       1.862700        .390443
       1.865700        .389573
       1.868700        .388484
       1.871700        .387124
       1.874700        .385522
       1.877700        .383598
       1.880700        .381326
       1.883700        .378723
       1.886700        .375729
       1.889700        .372278
       1.892700        .368463
       1.895700        .364335
       1.898700        .359901
       1.901700        .355271
       1.904700        .350636
       1.907700        .345946
       1.910700        .341276
       1.913700        .336576
       1.916700        .331768
       1.919700        .326712
       1.922700        .321396
       1.925700        .315735
       1.928700        .310085
       1.931700        .304893
       1.934700        .300579
       1.937700        .297714
       1.940700        .296492
       1.943700        .297152
       1.946700        .299596
       1.949700        .303673
       1.952700        .308944
       1.955700        .314531
       1.958700        .319589
       1.961700        .323579
       1.964700        .326355
       1.967700        .328221
       1.970700        .329706
       1.973700        .331218
       1.976700        .332995
       1.979700        .335034
       1.982700        .337502
       1.985700        .340424
       1.988700        .343884
       1.991700        .347829
       1.994700        .352086
       1.997700        .356417
       2.000700        .360457
       2.003700        .364060
       2.006700        .367127
       2.009700        .369588
       2.012700        .371737
       2.015700        .373510
       2.018700        .374968
       2.021700        .376255
       2.024700        .377405
       2.027700        .378350
       2.030700        .379173
       2.033700        .379848
       2.036700        .380503
       2.039700        .381115
       2.042700        .381573
       2.045700        .382119
       2.048700        .382571
       2.051700        .382919
       2.054700        .383173
       2.057700        .383270
       2.060700        .383426
       2.063700        .383649
       2.066700        .383819
       2.069700        .383956
       2.072700        .384106
       2.075700        .384280
       2.078700        .384426
       2.081700        .384504
       2.084700        .384492
       2.087700        .384518
       2.090700        .384466
       2.093700        .384419
       2.096700        .384345
       2.099700        .384230
       2.102700        .384127
       2.105700        .383968
       2.108700        .383758
       2.111700        .383567
       2.114700        .383415
       2.117700        .383185
       2.120700        .382907
       2.123700        .382602
       2.126700        .382368
       2.129700        .382157
       2.132700        .381874
       2.135700        .381629
       2.138700        .381341
       2.141700        .381056
       2.144700        .380732
       2.147700        .380354
       2.150700        .380002
       2.153700        .379583
       2.156700        .379160
       2.159700        .378765
       2.162700        .378417
       2.165700        .378001
       2.168700        .377589
       2.171700        .377254
       2.174700        .376868
       2.177700        .376470
       2.180700        .376117
       2.183700        .375786
       2.186700        .375378
       2.189700        .375037
       2.192700        .374617
       2.195700        .374157
       2.198700        .373618
       2.201700        .373090
       2.204700        .372476
       2.207700        .372000
       2.210700        .371697
       2.213700        .371468
       2.216700        .371497
       2.219700        .371805
       2.222700        .372307
       2.225700        .372919
       2.228700        .373502
       2.231700        .373966
       2.234700        .374258
       2.237700        .374428
       2.240700        .374434
       2.243700        .374384
       2.246700        .374206
       2.249700        .373835
       2.252700        .373490
       2.255700        .373046
       2.258700        .372383
       2.261700        .371662
       2.264700        .371071
       2.267700        .370699
       2.270700        .370538
       2.273700        .370504
       2.276700        .370731
       2.279700        .370958
       2.282700        .371180
       2.285700        .371219
       2.288700        .371039
       2.291700        .370836
       2.294700        .370515
       2.297700        .370154
       2.300700        .369784
       2.303700        .369385
       2.306700        .369008
       2.309700        .368701
       2.312700        .368527
       2.315700        .368371
       2.318700        .368209
       2.321700        .367972
       2.324700        .367793
       2.327700        .367689
       2.330700        .367348
       2.333700        .366885
       2.336700        .366525
       2.339700        .366031
       2.342700        .365571
       2.345700        .365301
       2.348700        .365085
       2.351700        .364760
       2.354700        .364327
       2.357700        .363672
       2.360700        .362868
       2.363700        .361959
       2.366700        .360701
       2.369700        .359168
       2.372700        .357504
       2.375700        .355722
       2.378700        .353854
       2.381700        .351796
       2.384700        .349548
       2.387700        .347165
       2.390700        .344769
       2.393700        .342148
       2.396700        .339460
       2.399700        .336621
       2.402700        .333883
       2.405700        .331212
       2.408700        .328679
       2.411700        .326183
       2.414700        .323975
       2.417700        .322074
       2.420700        .320141
       2.423700        .318448
       2.426700        .316918
       2.429700        .315653
       2.432700        .314391
       2.435700        .313249
       2.438700        .312133
       2.441700        .311277
       2.444700        .310308
       2.447700        .309487
       2.450700        .308399
       2.453700        .307466
       2.456700        .306450
       2.459700        .305146
       2.462700        .304032
       2.465700        .302676
       2.468700        .301095
       2.471700        .299860
       2.474700        .298247
       2.477700        .297591
       2.480700        .297068
       2.483700        .296670
       2.486700        .296349
       2.489700        .295565
       2.492700        .295756
       2.495700        .296010
       2.498700        .296560
       2.501700        .296056
